20.000000	104.993	-154.8788
20.299999	105.022	-155.4078
20.600000	105.051	-155.9131
20.900000	105.079	-156.3981
21.200001	105.106	-156.8898
21.400000	105.124	-157.2173
21.799999	105.158	-157.8526
22.000000	105.174	-158.1620
22.400000	105.206	-158.7984
22.700001	105.228	-159.2593
23.000000	105.250	-159.7085
23.299999	105.270	-160.1648
23.600000	105.288	-160.6079
24.000000	105.311	-161.1728
24.299999	105.328	-161.6000
24.700001	105.350	-162.1477
25.000000	105.366	-162.5468
25.400000	105.388	-163.1071
25.799999	105.405	-163.6575
26.200001	105.417	-164.1904
26.500000	105.424	-164.5669
26.900000	105.432	-165.0212
27.200001	105.439	-165.3489
27.600000	105.455	-165.7808
28.000000	105.475	-166.2216
28.500000	105.499	-166.8339
29.000000	105.515	-167.4732
29.500000	105.521	-168.1065
30.000000	105.522	-168.6754
30.400000	105.523	-169.1034
30.700001	105.525	-169.4094
31.100000	105.530	-169.8138
31.500000	105.537	-170.2303
32.000000	105.545	-170.7454
32.500000	105.551	-171.2729
33.000000	105.557	-171.7827
33.500000	105.560	-172.2834
34.000000	105.561	-172.7651
34.500000	105.560	-173.2464
35.000000	105.559	-173.7024
35.500000	105.560	-174.1431
36.000000	105.561	-174.5679
36.500000	105.563	-174.9888
37.000000	105.565	-175.3994
37.500000	105.568	-175.8138
38.200001	105.570	-176.3973
38.700001	105.570	-176.8266
39.500000	105.568	-177.5054
40.000000	105.565	-177.9195
40.599998	105.562	-178.4272
41.200001	105.558	-178.9247
41.799999	105.551	-179.4081
42.500000	105.542	-179.9524
43.099998	105.535	179.5903
43.700001	105.528	179.1295
44.400002	105.516	178.5998
45.000000	105.505	178.1669
45.500000	105.496	177.8159
46.200001	105.483	177.3306
46.799999	105.470	176.9173
47.500000	105.452	176.4436
48.200001	105.434	175.9815
48.700001	105.421	175.6462
49.400002	105.401	175.1768
50.000000	105.378	174.7962
50.799999	105.347	174.3342
51.500000	105.323	173.9244
52.200001	105.302	173.4912
53.000000	105.273	172.9887
53.799999	105.241	172.4953
54.500000	105.213	172.0977
55.200001	105.185	171.7036
56.000000	105.146	171.2533
57.000000	105.093	170.7581
58.000000	105.042	170.3109
59.000000	104.994	169.9202
60.000000	104.970	169.4798
60.799999	104.951	168.9734
61.500000	104.917	168.5166
62.200001	104.880	168.1363
63.000000	104.846	167.7381
64.000000	104.808	167.2321
65.000000	104.772	166.8176
66.000000	104.743	166.4042
67.000000	104.708	165.9616
68.000000	104.668	165.5378
69.000000	104.619	165.1302
70.000000	104.573	164.8292
71.000000	104.551	164.5128
72.000000	104.531	164.0440
73.000000	104.499	163.5612
74.000000	104.466	163.1237
75.000000	104.431	162.6960
76.199997	104.388	162.2230
77.500000	104.339	161.7481
78.800003	104.286	161.2943
80.000000	104.234	160.9061
81.199997	104.180	160.5281
82.500000	104.125	160.1037
83.800003	104.071	159.6766
85.000000	104.020	159.2623
86.199997	103.971	158.8714
87.500000	103.921	158.4668
88.500000	103.885	158.1556
90.000000	103.823	157.6468
91.199997	103.757	157.3722
92.500000	103.697	157.1866
93.800003	103.648	156.9558
95.000000	103.603	156.6819
96.199997	103.558	156.3614
97.500000	103.509	155.9977
98.800003	103.458	155.6068
100.000000	103.410	155.2858
101.500000	103.347	154.9234
103.000000	103.283	154.6117
104.400002	103.226	154.3150
106.000000	103.159	153.9517
107.500000	103.096	153.5711
109.000000	103.032	153.1960
110.599998	102.962	152.8019
112.000000	102.898	152.4981
113.800003	102.814	152.1142
115.000000	102.756	151.8713
117.199997	102.648	151.4290
118.000000	102.608	151.2560
120.599998	102.482	150.8401
122.000000	102.428	150.6480
124.099998	102.351	150.3205
125.000000	102.318	150.1671
126.500000	102.263	149.9414
128.000000	102.211	149.7333
131.500000	102.094	149.2072
132.000000	102.077	149.1353
134.000000	102.010	148.8624
136.000000	101.944	148.5898
138.000000	101.879	148.3141
140.000000	101.812	148.0407
143.000000	101.710	147.6570
145.000000	101.640	147.4155
147.500000	101.551	147.1380
150.000000	101.461	146.9084
152.500000	101.373	146.7091
155.000000	101.291	146.5491
157.500000	101.217	146.3943
160.000000	101.144	146.2265
162.500000	101.065	146.0382
165.000000	100.980	145.8090
167.500000	100.891	145.5640
170.000000	100.799	145.3277
172.500000	100.705	145.1076
175.000000	100.609	144.8991
177.500000	100.512	144.7089
180.000000	100.414	144.5341
182.500000	100.316	144.3931
185.000000	100.218	144.2735
187.500000	100.120	144.1612
190.000000	100.024	144.0900
192.500000	99.930	144.0240
195.000000	99.839	143.9832
197.500000	99.749	143.9297
200.000000	99.661	143.8936
203.000000	99.562	143.8725
206.000000	99.468	143.8515
209.000000	99.377	143.8566
212.000000	99.288	143.8670
214.000000	99.230	143.8618
218.000000	99.116	143.8604
220.000000	99.060	143.8605
224.000000	98.951	143.8742
227.000000	98.871	143.8776
230.000000	98.789	143.8468
233.000000	98.699	143.7991
236.000000	98.604	143.7731
240.000000	98.470	143.8433
243.000000	98.368	143.9973
247.000000	98.242	144.3273
250.000000	98.161	144.6591
254.000000	98.077	145.1109
258.000000	98.016	145.5097
262.000000	97.969	145.7810
265.000000	97.939	145.9042
269.000000	97.899	145.9139
272.000000	97.867	145.8531
276.000000	97.816	145.6773
280.000000	97.750	145.4474
285.000000	97.644	145.1476
290.000000	97.519	144.9370
295.000000	97.384	144.8026
300.000000	97.247	144.7686
304.000000	97.138	144.7699
307.000000	97.058	144.7997
311.000000	96.956	144.8540
315.000000	96.858	144.9395
320.000000	96.746	145.0621
325.000000	96.640	145.1940
330.000000	96.537	145.3540
335.000000	96.436	145.5308
340.000000	96.339	145.7313
345.000000	96.246	145.9330
350.000000	96.157	146.1216
355.000000	96.068	146.3157
360.000000	95.980	146.5103
365.000000	95.891	146.6861
370.000000	95.803	146.8894
375.000000	95.716	147.1124
382.000000	95.595	147.4129
387.000000	95.510	147.6444
395.000000	95.375	148.0434
400.000000	95.293	148.3025
406.000000	95.196	148.6080
412.000000	95.101	148.9438
418.000000	95.007	149.2763
425.000000	94.900	149.6600
431.000000	94.811	150.0230
437.000000	94.722	150.3616
444.000000	94.620	150.7795
450.000000	94.534	151.1392
455.000000	94.464	151.4561
462.000000	94.368	151.8968
468.000000	94.288	152.2798
475.000000	94.196	152.7351
482.000000	94.105	153.1821
487.000000	94.042	153.5281
494.000000	93.955	153.9945
500.000000	93.883	154.4014
508.000000	93.791	154.9640
515.000000	93.714	155.4508
522.000000	93.638	155.9314
530.000000	93.555	156.5101
538.000000	93.473	157.0740
545.000000	93.402	157.5740
552.000000	93.334	158.1217
560.000000	93.258	158.7090
570.000000	93.164	159.4491
580.000000	93.074	160.2141
590.000000	92.988	160.9890
600.000000	92.905	161.7652
608.000000	92.840	162.4087
615.000000	92.785	162.9526
622.000000	92.732	163.5125
630.000000	92.675	164.1524
640.000000	92.612	164.9714
650.000000	92.553	165.7957
660.000000	92.498	166.6162
670.000000	92.446	167.4407
680.000000	92.396	168.2785
690.000000	92.349	169.1229
700.000000	92.304	169.9710
710.000000	92.264	170.8341
720.000000	92.225	171.6986
730.000000	92.190	172.5800
740.000000	92.158	173.4601
750.000000	92.128	174.3253
762.000000	92.097	175.3923
775.000000	92.068	176.5561
788.000000	92.043	177.7290
800.000000	92.020	178.7995
812.000000	91.996	179.8720
825.000000	91.971	-178.9453
838.000000	91.952	-177.7711
850.000000	91.938	-176.6861
862.000000	91.930	-175.5995
875.000000	91.925	-174.4305
885.000000	91.925	-173.5359
900.000000	91.930	-172.1808
912.000000	91.938	-171.1095
925.000000	91.950	-169.9500
938.000000	91.968	-168.7544
950.000000	91.991	-167.6303
962.000000	92.024	-166.5154
975.000000	92.069	-165.3015
988.000000	92.122	-164.1149
1000.000000	92.174	-163.0275
1015.000000	92.241	-161.7419
1030.000000	92.312	-160.6084
1044.000000	92.376	-159.7008
1060.000000	92.442	-158.8014
1075.000000	92.495	-158.0023
1090.000000	92.543	-157.2086
1106.000000	92.592	-156.3910
1120.000000	92.635	-155.6985
1138.000000	92.689	-154.8307
1150.000000	92.726	-154.2648
1172.000000	92.793	-153.2791
1180.000000	92.817	-152.9531
1206.000000	92.896	-151.8547
1220.000000	92.939	-151.2968
1241.000000	93.007	-150.4933
1250.000000	93.041	-150.1474
1265.000000	93.107	-149.5886
1280.000000	93.179	-149.0450
1315.000000	93.350	-147.8209
1320.000000	93.375	-147.6458
1340.000000	93.473	-146.9691
1360.000000	93.571	-146.3075
1380.000000	93.668	-145.6447
1400.000000	93.765	-145.0033
1430.000000	93.913	-144.0419
1450.000000	94.014	-143.4222
1475.000000	94.142	-142.6682
1500.000000	94.272	-141.9192
1525.000000	94.406	-141.1872
1550.000000	94.543	-140.4903
1575.000000	94.684	-139.8174
1600.000000	94.832	-139.1456
1625.000000	94.989	-138.5109
1650.000000	95.151	-137.9365
1675.000000	95.317	-137.3785
1700.000000	95.487	-136.8807
1725.000000	95.661	-136.3973
1750.000000	95.839	-135.9758
1775.000000	96.020	-135.5972
1800.000000	96.204	-135.2758
1825.000000	96.390	-135.0046
1850.000000	96.579	-134.8025
1875.000000	96.770	-134.6681
1900.000000	96.961	-134.5836
1925.000000	97.154	-134.5824
1950.000000	97.346	-134.6425
1975.000000	97.538	-134.7779
2000.000000	97.729	-134.9995
2030.000000	97.956	-135.3408
2060.000000	98.178	-135.7916
2090.000000	98.393	-136.3706
2120.000000	98.599	-137.0769
2140.000000	98.730	-137.5750
2180.000000	98.974	-138.7583
2200.000000	99.087	-139.4017
2240.000000	99.289	-140.8065
2270.000000	99.419	-141.9312
2300.000000	99.530	-143.1262
2330.000000	99.621	-144.3456
2360.000000	99.690	-145.5908
2400.000000	99.750	-147.2649
2430.000000	99.770	-148.5190
2470.000000	99.764	-150.1278
2500.000000	99.737	-151.2437
2540.000000	99.673	-152.6432
2580.000000	99.583	-153.9071
2620.000000	99.470	-155.0117
2650.000000	99.373	-155.6951
2690.000000	99.234	-156.4554
2720.000000	99.125	-156.8854
2760.000000	98.976	-157.3151
2800.000000	98.829	-157.5066
2850.000000	98.654	-157.5374
2900.000000	98.498	-157.3140
2950.000000	98.368	-156.8652
3000.000000	98.271	-156.2050
3040.000000	98.221	-155.8096
3070.000000	98.199	-155.4138
3110.000000	98.187	-154.9504
3150.000000	98.195	-154.5369
3200.000000	98.227	-154.1134
3250.000000	98.271	-153.8226
3300.000000	98.317	-153.6006
3350.000000	98.361	-153.4326
3400.000000	98.405	-153.3041
3450.000000	98.452	-153.1316
3500.000000	98.505	-152.9682
3550.000000	98.567	-152.8273
3600.000000	98.642	-152.6659
3650.000000	98.733	-152.5727
3700.000000	98.840	-152.5610
3750.000000	98.961	-152.6297
3820.000000	99.152	-152.9991
3870.000000	99.299	-153.4649
3950.000000	99.538	-154.6281
4000.000000	99.674	-155.6601
4060.000000	99.804	-157.2281
4120.000000	99.895	-159.1117
4180.000000	99.937	-161.3489
4250.000000	99.909	-164.2054
4310.000000	99.822	-166.7141
4370.000000	99.677	-169.3269
4440.000000	99.420	-172.3781
4500.000000	99.120	-174.8534
4550.000000	98.818	-176.6961
4620.000000	98.333	-178.8451
4680.000000	97.879	179.7805
4750.000000	97.330	178.7669
4820.000000	96.781	178.2937
4870.000000	96.399	178.3176
4940.000000	95.894	178.7527
5000.000000	95.498	179.4599
5080.000000	95.042	-179.2006
5150.000000	94.721	-177.6983
5220.000000	94.485	-176.0836
5300.000000	94.332	-174.2561
5380.000000	94.311	-172.7594
5450.000000	94.387	-172.1341
5520.000000	94.507	-172.4525
5600.000000	94.590	-174.1585
5700.000000	94.404	-177.6261
5800.000000	93.822	179.6784
5900.000000	93.125	179.4796
6000.000000	92.674	-179.6317
6080.000000	92.489	-178.8586
6150.000000	92.322	-179.3794
6220.000000	92.063	179.6994
6300.000000	91.623	178.8982
6400.000000	90.941	179.0678
6500.000000	90.271	-179.2068
6600.000000	89.731	-176.4178
6700.000000	89.365	-173.0578
6800.000000	89.169	-169.5287
6900.000000	89.128	-166.0674
7000.000000	89.227	-162.8410
7100.000000	89.458	-159.8666
7200.000000	89.826	-157.2711
7300.000000	90.339	-155.1743
7400.000000	91.009	-153.7278
7500.000000	91.845	-153.2628
7620.000000	93.061	-154.6056
7750.000000	94.551	-159.5041
7880.000000	95.944	-169.1901
8000.000000	96.736	177.8369
8120.000000	96.730	163.0722
8250.000000	95.812	148.6741
8380.000000	94.302	138.4894
8500.000000	92.768	133.0824
8620.000000	91.329	130.6735
8750.000000	89.978	130.3587
8850.000000	89.097	131.2257
9000.000000	88.010	133.6386
9120.000000	87.319	136.2218
9250.000000	86.723	139.4404
9380.000000	86.267	142.9433
9500.000000	85.958	146.4131
9620.000000	85.748	149.9931
9750.000000	85.624	153.9620
9880.000000	85.599	157.9545
10000.000000	85.661	161.6530
10150.000000	85.847	166.2073
10300.000000	86.146	170.5756
10440.000000	86.522	174.4340
10600.000000	87.060	178.4965
10750.000000	87.662	-178.1903
10900.000000	88.348	-175.4696
11060.000000	89.148	-173.4193
11200.000000	89.878	-172.5326
11380.000000	90.799	-172.6761
11500.000000	91.361	-173.5664
11720.000000	92.180	-176.7021
11800.000000	92.389	-178.1707
12060.000000	92.713	177.1936
12200.000000	92.692	175.3289
12410.000000	92.502	173.7626
12500.000000	92.395	173.6461
12650.000000	92.219	174.1958
12800.000000	92.083	175.5017
13150.000000	92.072	-179.4831
13200.000000	92.114	-178.6318
13400.000000	92.412	-175.1079
13600.000000	92.932	-171.9464
13800.000000	93.680	-169.6996
14000.000000	94.620	-169.3221
14300.000000	96.105	-173.9471
14500.000000	96.793	178.9783
14750.000000	96.850	167.5994
15000.000000	95.920	157.4142
15250.000000	94.334	151.7687
15500.000000	92.601	151.4279
15750.000000	91.109	155.0432
16000.000000	90.013	160.8596
16250.000000	89.376	167.9100
16500.000000	89.141	175.4996
16750.000000	89.254	-176.9370
17000.000000	89.706	-169.9867
17250.000000	90.496	-164.4148
17500.000000	91.568	-161.3804
17750.000000	92.759	-162.0287
18000.000000	93.768	-167.0752
18250.000000	94.157	-175.8574
18500.000000	93.683	174.7308
18750.000000	92.497	168.0831
19000.000000	90.994	165.6847
19250.000000	89.540	166.9218
19500.000000	88.317	170.2244
19750.000000	87.363	174.2677
20000.000000	86.810	177.7397
