20.000000	99.310	74.6371
20.299999	99.417	73.4301
20.600000	99.519	72.2375
20.900000	99.617	71.0621
21.200001	99.710	69.9081
21.400000	99.771	69.1525
21.799999	99.887	67.6739
22.000000	99.945	66.9486
22.400000	100.058	65.5159
22.700001	100.140	64.4491
23.000000	100.219	63.3860
23.299999	100.295	62.3304
23.600000	100.365	61.2904
24.000000	100.453	59.9429
24.299999	100.517	58.9660
24.700001	100.601	57.6994
25.000000	100.665	56.7633
25.400000	100.749	55.5158
25.799999	100.829	54.2641
26.200001	100.904	53.0183
26.500000	100.956	52.0959
26.900000	101.022	50.8834
27.200001	101.069	49.9819
27.600000	101.129	48.7834
28.000000	101.180	47.5972
28.500000	101.233	46.1738
29.000000	101.283	44.8574
29.500000	101.341	43.6161
30.000000	101.411	42.3522
30.400000	101.466	41.2832
30.700001	101.501	40.4597
31.100000	101.537	39.3775
31.500000	101.564	38.3619
32.000000	101.601	37.2030
32.500000	101.652	36.0910
33.000000	101.712	34.9195
33.500000	101.765	33.6599
34.000000	101.798	32.3790
34.500000	101.811	31.1712
35.000000	101.817	30.0901
35.500000	101.827	29.1265
36.000000	101.849	28.2224
36.500000	101.882	27.3031
37.000000	101.919	26.3164
37.500000	101.948	25.2635
38.200001	101.967	23.7785
38.700001	101.970	22.7809
39.500000	101.978	21.2938
40.000000	101.987	20.3806
40.599998	101.997	19.2747
41.200001	102.003	18.1823
41.799999	102.007	17.1295
42.500000	102.015	15.9343
43.099998	102.021	14.9078
43.700001	102.022	13.8872
44.400002	102.016	12.7463
45.000000	102.010	11.8101
45.500000	102.006	11.0358
46.200001	101.996	9.9534
46.799999	101.984	9.0519
47.500000	101.970	8.0333
48.200001	101.958	7.0151
48.700001	101.950	6.2810
49.400002	101.936	5.2472
50.000000	101.921	4.3576
50.799999	101.891	3.2077
51.500000	101.860	2.2839
52.200001	101.831	1.4315
53.000000	101.801	0.5295
53.799999	101.779	-0.3059
54.500000	101.769	-1.0579
55.200001	101.757	-1.8796
56.000000	101.730	-2.8575
57.000000	101.675	-4.0277
58.000000	101.610	-5.0360
59.000000	101.560	-5.9110
60.000000	101.526	-6.7338
60.799999	101.515	-7.3826
61.500000	101.515	-8.0236
62.200001	101.511	-8.7495
63.000000	101.492	-9.5945
64.000000	101.464	-10.5902
65.000000	101.443	-11.6594
66.000000	101.408	-12.8114
67.000000	101.363	-13.9349
68.000000	101.308	-15.0168
69.000000	101.252	-15.8849
70.000000	101.233	-16.6724
71.000000	101.216	-17.6546
72.000000	101.163	-18.5984
73.000000	101.105	-19.3446
74.000000	101.055	-20.0824
75.000000	100.996	-20.8384
76.199997	100.928	-21.7095
77.500000	100.859	-22.7048
78.800003	100.788	-23.6801
80.000000	100.728	-24.5078
81.199997	100.675	-25.3300
82.500000	100.608	-26.2357
83.800003	100.532	-27.0878
85.000000	100.461	-27.8618
86.199997	100.395	-28.6746
87.500000	100.324	-29.6105
88.500000	100.267	-30.3837
90.000000	100.154	-31.3496
91.199997	100.095	-31.8146
92.500000	100.061	-32.4763
93.800003	100.009	-33.1938
95.000000	99.951	-33.8267
96.199997	99.887	-34.4351
97.500000	99.815	-35.0994
98.800003	99.742	-35.7659
100.000000	99.675	-36.3756
101.500000	99.594	-37.1106
103.000000	99.516	-37.8100
104.400002	99.441	-38.4463
106.000000	99.350	-39.1549
107.500000	99.264	-39.7610
109.000000	99.187	-40.3356
110.599998	99.112	-40.8836
112.000000	99.053	-41.2866
113.800003	98.983	-41.7998
115.000000	98.933	-42.2155
117.199997	98.828	-43.2257
118.000000	98.782	-43.6694
120.599998	98.637	-44.6934
122.000000	98.615	-45.1627
124.099998	98.571	-46.0057
125.000000	98.540	-46.3242
126.500000	98.477	-46.8192
128.000000	98.407	-47.3158
131.500000	98.242	-48.5353
132.000000	98.220	-48.7036
134.000000	98.133	-49.3381
136.000000	98.045	-49.9401
138.000000	97.954	-50.5337
140.000000	97.864	-51.1137
143.000000	97.734	-51.9412
145.000000	97.646	-52.4499
147.500000	97.536	-53.0389
150.000000	97.430	-53.5768
152.500000	97.330	-54.0507
155.000000	97.239	-54.4591
157.500000	97.162	-54.8485
160.000000	97.095	-55.2505
162.500000	97.036	-55.6559
165.000000	96.987	-56.1233
167.500000	96.945	-56.6929
170.000000	96.902	-57.3292
172.500000	96.851	-58.0095
175.000000	96.789	-58.7185
177.500000	96.717	-59.4103
180.000000	96.641	-60.0525
182.500000	96.564	-60.6521
185.000000	96.485	-61.2206
187.500000	96.406	-61.7564
190.000000	96.330	-62.2604
192.500000	96.257	-62.7357
195.000000	96.187	-63.1959
197.500000	96.119	-63.6584
200.000000	96.053	-64.1218
203.000000	95.975	-64.6604
206.000000	95.899	-65.1895
209.000000	95.824	-65.7128
212.000000	95.752	-66.2197
214.000000	95.705	-66.5494
218.000000	95.610	-67.1992
220.000000	95.564	-67.5232
224.000000	95.473	-68.1667
227.000000	95.407	-68.6315
230.000000	95.342	-69.0817
233.000000	95.279	-69.5215
236.000000	95.218	-69.9616
240.000000	95.140	-70.5469
243.000000	95.083	-70.9709
247.000000	95.007	-71.5228
250.000000	94.952	-71.9302
254.000000	94.880	-72.4573
258.000000	94.812	-72.9778
262.000000	94.745	-73.4824
265.000000	94.698	-73.8484
269.000000	94.637	-74.3230
272.000000	94.592	-74.6716
276.000000	94.533	-75.1292
280.000000	94.479	-75.5723
285.000000	94.417	-76.0970
290.000000	94.361	-76.5904
295.000000	94.316	-77.0647
300.000000	94.284	-77.5562
304.000000	94.267	-77.9835
307.000000	94.255	-78.3236
311.000000	94.239	-78.8016
315.000000	94.225	-79.2920
320.000000	94.211	-79.9236
325.000000	94.200	-80.5997
330.000000	94.187	-81.3276
335.000000	94.169	-82.0821
340.000000	94.144	-82.8275
345.000000	94.117	-83.5466
350.000000	94.090	-84.2344
355.000000	94.068	-84.8965
360.000000	94.050	-85.5492
365.000000	94.035	-86.2035
370.000000	94.025	-86.8730
375.000000	94.016	-87.5604
382.000000	94.004	-88.5330
387.000000	93.996	-89.2325
395.000000	93.985	-90.3693
400.000000	93.979	-91.0815
406.000000	93.972	-91.9420
412.000000	93.965	-92.8013
418.000000	93.958	-93.6526
425.000000	93.951	-94.6387
431.000000	93.947	-95.4839
437.000000	93.944	-96.3329
444.000000	93.944	-97.3224
450.000000	93.945	-98.1709
455.000000	93.947	-98.8832
462.000000	93.951	-99.8874
468.000000	93.955	-100.7522
475.000000	93.960	-101.7617
482.000000	93.966	-102.7812
487.000000	93.971	-103.5125
494.000000	93.977	-104.5342
500.000000	93.982	-105.4081
508.000000	93.989	-106.5804
515.000000	93.996	-107.6111
522.000000	94.002	-108.6428
530.000000	94.008	-109.8239
538.000000	94.014	-111.0070
545.000000	94.018	-112.0385
552.000000	94.022	-113.0646
560.000000	94.026	-114.2374
570.000000	94.030	-115.7029
580.000000	94.031	-117.1462
590.000000	94.030	-118.5726
600.000000	94.026	-119.9925
608.000000	94.023	-121.1178
615.000000	94.019	-122.0891
622.000000	94.013	-123.0486
630.000000	94.006	-124.1353
640.000000	93.996	-125.4744
650.000000	93.984	-126.7846
660.000000	93.971	-128.0642
670.000000	93.956	-129.3138
680.000000	93.941	-130.5342
690.000000	93.925	-131.7279
700.000000	93.908	-132.8896
710.000000	93.889	-134.0167
720.000000	93.871	-135.1059
730.000000	93.853	-136.1620
740.000000	93.835	-137.1820
750.000000	93.818	-138.1674
762.000000	93.798	-139.3087
775.000000	93.778	-140.4925
788.000000	93.759	-141.6149
800.000000	93.745	-142.5962
812.000000	93.733	-143.5295
825.000000	93.724	-144.4929
838.000000	93.718	-145.4083
850.000000	93.716	-146.2091
862.000000	93.719	-146.9705
875.000000	93.726	-147.7551
885.000000	93.736	-148.3313
900.000000	93.757	-149.1553
912.000000	93.779	-149.7849
925.000000	93.808	-150.4431
938.000000	93.843	-151.0841
950.000000	93.879	-151.6608
962.000000	93.919	-152.2213
975.000000	93.967	-152.8130
988.000000	94.019	-153.3939
1000.000000	94.072	-153.9283
1015.000000	94.143	-154.5971
1030.000000	94.218	-155.2555
1044.000000	94.291	-155.8703
1060.000000	94.378	-156.5760
1075.000000	94.463	-157.2392
1090.000000	94.550	-157.9041
1106.000000	94.645	-158.6206
1120.000000	94.728	-159.2550
1138.000000	94.835	-160.0747
1150.000000	94.906	-160.6189
1172.000000	95.036	-161.6172
1180.000000	95.083	-161.9816
1206.000000	95.232	-163.1552
1220.000000	95.311	-163.7717
1241.000000	95.427	-164.6770
1250.000000	95.476	-165.0591
1265.000000	95.556	-165.6851
1280.000000	95.636	-166.2953
1315.000000	95.818	-167.6505
1320.000000	95.844	-167.8367
1340.000000	95.946	-168.5614
1360.000000	96.049	-169.2511
1380.000000	96.152	-169.9089
1400.000000	96.256	-170.5344
1430.000000	96.414	-171.4156
1450.000000	96.521	-171.9696
1475.000000	96.658	-172.6237
1500.000000	96.800	-173.2418
1525.000000	96.945	-173.8347
1550.000000	97.096	-174.4032
1575.000000	97.252	-174.9528
1600.000000	97.413	-175.4860
1625.000000	97.579	-176.0132
1650.000000	97.752	-176.5391
1675.000000	97.930	-177.0780
1700.000000	98.113	-177.6360
1725.000000	98.303	-178.2191
1750.000000	98.497	-178.8361
1775.000000	98.696	-179.4934
1800.000000	98.899	179.8000
1825.000000	99.106	179.0370
1850.000000	99.314	178.2101
1875.000000	99.523	177.3118
1900.000000	99.733	176.3302
1925.000000	99.940	175.2535
1950.000000	100.144	174.0802
1975.000000	100.342	172.8087
2000.000000	100.531	171.4344
2030.000000	100.744	169.6474
2060.000000	100.936	167.7136
2090.000000	101.103	165.6423
2120.000000	101.240	163.4524
2140.000000	101.313	161.9385
2180.000000	101.408	158.8250
2200.000000	101.429	157.2476
2240.000000	101.415	154.1066
2270.000000	101.357	151.8057
2300.000000	101.258	149.5942
2330.000000	101.119	147.5104
2360.000000	100.944	145.5895
2400.000000	100.658	143.3307
2430.000000	100.410	141.8970
2470.000000	100.040	140.3871
2500.000000	99.742	139.5861
2540.000000	99.328	138.9987
2580.000000	98.917	138.9832
2620.000000	98.530	139.5109
2650.000000	98.271	140.2016
2690.000000	97.975	141.3816
2720.000000	97.792	142.3687
2760.000000	97.592	143.7170
2800.000000	97.431	145.0336
2850.000000	97.265	146.6118
2900.000000	97.124	148.1432
2950.000000	97.001	149.6725
3000.000000	96.895	151.2347
3040.000000	96.823	152.5179
3070.000000	96.777	153.5011
3110.000000	96.727	154.8364
3150.000000	96.690	156.1980
3200.000000	96.663	157.9310
3250.000000	96.660	159.6850
3300.000000	96.679	161.4478
3350.000000	96.720	163.2063
3400.000000	96.784	164.9473
3450.000000	96.870	166.6539
3500.000000	96.979	168.3148
3550.000000	97.110	169.9113
3600.000000	97.261	171.4172
3650.000000	97.433	172.8065
3700.000000	97.624	174.0533
3750.000000	97.828	175.1324
3820.000000	98.129	176.3081
3870.000000	98.346	176.8887
3950.000000	98.675	177.3861
4000.000000	98.859	177.4653
4060.000000	99.050	177.4001
4120.000000	99.207	177.2530
4180.000000	99.333	177.1086
4250.000000	99.455	177.0293
4310.000000	99.548	177.0689
4370.000000	99.643	177.2043
4440.000000	99.766	177.4364
4500.000000	99.890	177.6324
4550.000000	100.008	177.7438
4620.000000	100.192	177.7401
4680.000000	100.361	177.5209
4750.000000	100.563	176.9429
4820.000000	100.754	175.9611
4870.000000	100.873	174.9932
4940.000000	100.999	173.2637
5000.000000	101.052	171.4564
5080.000000	101.008	168.7020
5150.000000	100.831	166.2189
5220.000000	100.510	164.0579
5300.000000	99.993	162.5419
5380.000000	99.402	162.4809
5450.000000	98.911	163.6323
5520.000000	98.504	165.6238
5600.000000	98.168	168.4568
5700.000000	97.920	172.2034
5800.000000	97.798	175.6336
5900.000000	97.632	178.9170
6000.000000	97.561	-175.5261
6080.000000	97.909	-170.9940
6150.000000	98.341	-168.6965
6220.000000	98.753	-167.4124
6300.000000	99.193	-166.5832
6400.000000	99.716	-166.3560
6500.000000	100.195	-167.1235
6600.000000	100.579	-168.8973
6700.000000	100.810	-171.4899
6800.000000	100.844	-174.5096
6900.000000	100.666	-177.4150
7000.000000	100.305	-179.6501
7100.000000	99.828	179.1501
7200.000000	99.305	179.0348
7300.000000	98.789	179.8893
7400.000000	98.318	-178.4614
7500.000000	97.918	-176.2921
7620.000000	97.541	-173.3153
7750.000000	97.264	-170.0679
7880.000000	97.093	-167.3312
8000.000000	96.967	-165.5538
8120.000000	96.801	-164.5160
8250.000000	96.511	-164.0071
8380.000000	96.062	-163.8309
8500.000000	95.480	-163.7025
8620.000000	94.715	-163.2836
8750.000000	93.673	-161.9705
8850.000000	92.735	-159.9299
9000.000000	91.197	-154.1995
9120.000000	90.063	-147.0886
9250.000000	89.026	-138.9204
9380.000000	88.017	-129.8067
9500.000000	87.187	-119.9118
9620.000000	86.542	-108.9890
9750.000000	86.095	-96.5891
9880.000000	85.918	-84.2059
10000.000000	85.966	-73.2651
10150.000000	86.245	-60.7554
10300.000000	86.675	-49.9107
10440.000000	87.119	-41.4422
10600.000000	87.562	-33.6666
10750.000000	87.802	-27.8201
10900.000000	87.793	-22.5066
11060.000000	87.510	-16.2520
11200.000000	87.102	-9.5131
11380.000000	86.516	1.3494
11500.000000	86.176	9.8846
11720.000000	85.806	27.5052
11800.000000	85.772	34.3161
12060.000000	86.068	57.1637
12200.000000	86.510	69.5160
12410.000000	87.558	87.0080
12500.000000	88.132	93.8380
12650.000000	89.223	104.0106
12800.000000	90.427	112.3405
13150.000000	93.108	123.2711
13200.000000	93.412	123.9395
13400.000000	94.307	125.3156
13600.000000	94.667	126.3633
13800.000000	94.629	128.9437
14000.000000	94.415	133.8353
14300.000000	94.219	145.0877
14500.000000	94.424	153.9917
14750.000000	95.216	163.9362
15000.000000	96.387	168.5899
15250.000000	97.164	165.4194
15500.000000	96.599	157.9332
15750.000000	94.498	154.8546
16000.000000	91.638	162.5323
16250.000000	89.195	-176.7152
16500.000000	88.606	-149.0183
16750.000000	89.575	-130.6609
17000.000000	90.689	-121.0206
17250.000000	91.657	-115.8964
17500.000000	92.389	-115.5467
17750.000000	92.494	-119.9541
18000.000000	91.580	-126.3047
18250.000000	89.627	-130.3503
18500.000000	86.981	-129.1479
18750.000000	84.076	-122.1706
19000.000000	81.233	-110.3233
19250.000000	78.648	-94.9032
19500.000000	76.427	-77.3049
19750.000000	74.647	-59.2393
20000.000000	73.600	-45.0697
