20.144928	107.782	-151.5484
20.290907	107.797	-151.8374
20.437943	107.815	-152.1200
20.586044	107.833	-152.4009
20.735220	107.851	-152.6799
20.885475	107.868	-152.9592
21.036821	107.885	-153.2425
21.189262	107.902	-153.5371
21.342808	107.920	-153.8336
21.497467	107.937	-154.1319
21.653246	107.955	-154.4309
21.810154	107.973	-154.7309
21.968201	107.991	-155.0304
22.127390	108.009	-155.3370
22.287735	108.027	-155.6444
22.449242	108.045	-155.9488
22.611917	108.063	-156.2505
22.775772	108.081	-156.5491
22.940815	108.099	-156.8446
23.107054	108.116	-157.1454
23.274498	108.133	-157.4485
23.443153	108.149	-157.7497
23.613033	108.165	-158.0495
23.784142	108.180	-158.3478
23.956491	108.194	-158.6450
24.130091	108.207	-158.9482
24.304947	108.220	-159.2525
24.481071	108.232	-159.5553
24.658470	108.244	-159.8562
24.837156	108.255	-160.1553
25.017136	108.267	-160.4537
25.198421	108.278	-160.7592
25.381020	108.289	-161.0636
25.564941	108.301	-161.3670
25.750195	108.313	-161.6694
25.936790	108.324	-161.9711
26.124741	108.336	-162.2760
26.314051	108.348	-162.5820
26.504732	108.359	-162.8856
26.696796	108.370	-163.1869
26.890253	108.380	-163.4851
27.085112	108.390	-163.7834
27.281382	108.400	-164.0827
27.479073	108.410	-164.3802
27.678198	108.419	-164.6765
27.878765	108.428	-164.9727
28.080786	108.437	-165.2711
28.284271	108.446	-165.5736
28.489231	108.454	-165.8771
28.695675	108.462	-166.1812
28.903616	108.470	-166.4856
29.113064	108.477	-166.7922
29.324028	108.483	-167.1001
29.536524	108.489	-167.4057
29.750557	108.495	-167.7086
29.966141	108.501	-168.0087
30.183289	108.507	-168.3114
30.402010	108.512	-168.6130
30.622314	108.518	-168.9129
30.844217	108.523	-169.2115
31.067726	108.527	-169.5106
31.292856	108.532	-169.8125
31.519617	108.536	-170.1129
31.748020	108.540	-170.4113
31.978081	108.544	-170.7077
32.209808	108.547	-171.0070
32.443211	108.550	-171.3052
32.678310	108.554	-171.6024
32.915108	108.557	-171.8992
33.153625	108.560	-172.2008
33.393871	108.563	-172.5057
33.635857	108.566	-172.8115
33.879597	108.568	-173.1176
34.125103	108.570	-173.4252
34.372387	108.571	-173.7336
34.621464	108.572	-174.0390
34.872345	108.572	-174.3411
35.125042	108.572	-174.6414
35.379574	108.572	-174.9409
35.635948	108.572	-175.2385
35.894180	108.572	-175.5349
36.154285	108.571	-175.8328
36.416275	108.571	-176.1318
36.680161	108.570	-176.4302
36.945961	108.568	-176.7278
37.213688	108.567	-177.0279
37.483353	108.565	-177.3283
37.754974	108.563	-177.6280
38.028561	108.561	-177.9277
38.304131	108.558	-178.2292
38.581699	108.555	-178.5297
38.861279	108.552	-178.8284
39.142883	108.548	-179.1257
39.426529	108.545	-179.4213
39.712231	108.541	-179.7142
40.000000	108.537	179.9947
40.289856	108.533	179.6994
40.581814	108.529	179.4035
40.875885	108.525	179.1069
41.172089	108.520	178.8091
41.470440	108.515	178.5113
41.770950	108.509	178.2158
42.073643	108.503	177.9223
42.378525	108.497	177.6286
42.685616	108.491	177.3359
42.994934	108.485	177.0435
43.306492	108.478	176.7485
43.620308	108.471	176.4550
43.936401	108.463	176.1640
44.254780	108.455	175.8727
44.575470	108.447	175.5826
44.898483	108.440	175.2930
45.223835	108.432	175.0020
45.551544	108.424	174.7098
45.881630	108.415	174.4178
46.214108	108.406	174.1258
46.548996	108.397	173.8351
46.886307	108.387	173.5461
47.226067	108.378	173.2554
47.568283	108.368	172.9614
47.912983	108.358	172.6650
48.260181	108.347	172.3666
48.609894	108.335	172.0720
48.962143	108.322	171.7857
49.316940	108.310	171.5070
49.674313	108.298	171.2346
50.034271	108.286	170.9641
50.396843	108.272	170.6902
50.762039	108.257	170.4148
51.129883	108.241	170.1382
51.500389	108.223	169.8615
51.873581	108.206	169.5884
52.249481	108.188	169.3185
52.628101	108.171	169.0480
53.009464	108.154	168.7724
53.393593	108.137	168.4854
53.780506	108.120	168.1906
54.170223	108.102	167.8913
54.562763	108.082	167.5933
54.958145	108.061	167.3033
55.356396	108.040	167.0220
55.757530	108.019	166.7469
56.161572	108.000	166.4697
56.568542	107.981	166.1838
56.978462	107.961	165.8907
57.391350	107.940	165.5950
57.807232	107.918	165.3071
58.226128	107.896	165.0291
58.648056	107.874	164.7568
59.073048	107.852	164.4831
59.501114	107.830	164.2031
59.932281	107.807	163.9178
60.366577	107.782	163.6309
60.804020	107.755	163.3486
61.244629	107.728	163.0721
61.688435	107.702	162.8009
62.135452	107.677	162.5344
62.585712	107.652	162.2699
63.039234	107.630	162.0062
63.496040	107.610	161.7401
63.956161	107.591	161.4701
64.419617	107.571	161.1965
64.886421	107.552	160.9232
65.356621	107.533	160.6478
65.830215	107.514	160.3662
66.307251	107.494	160.0797
66.787743	107.472	159.7965
67.271713	107.448	159.5239
67.759193	107.425	159.2617
68.250206	107.402	159.0027
68.744774	107.379	158.7378
69.242928	107.357	158.4664
69.744690	107.333	158.1984
70.250084	107.308	157.9423
70.759148	107.283	157.6965
71.271896	107.257	157.4524
71.788361	107.232	157.1992
72.308571	107.207	156.9323
72.832550	107.182	156.6556
73.360321	107.157	156.3801
73.891922	107.133	156.1144
74.427376	107.108	155.8597
74.966705	107.084	155.6119
75.509949	107.059	155.3609
76.057121	107.034	155.1026
76.608261	107.007	154.8323
77.163399	106.980	154.5484
77.722557	106.952	154.2609
78.285767	106.923	153.9912
78.853058	106.895	153.7413
79.424461	106.867	153.4916
80.000000	106.839	153.2348
80.579712	106.808	152.9736
81.163628	106.777	152.7147
81.751770	106.745	152.4579
82.344177	106.713	152.1956
82.940880	106.680	151.9318
83.541901	106.646	151.6767
84.147285	106.612	151.4281
84.757050	106.577	151.1815
85.371231	106.543	150.9355
85.989868	106.507	150.6863
86.612984	106.472	150.4352
87.240616	106.436	150.1772
87.872803	106.401	149.9121
88.509560	106.366	149.6527
89.150940	106.330	149.4055
89.796967	106.293	149.1751
90.447670	106.256	148.9626
91.103088	106.218	148.7454
91.763260	106.181	148.5182
92.428215	106.142	148.2860
93.097992	106.105	148.0566
93.772614	106.067	147.8278
94.452133	106.029	147.5934
95.136566	105.991	147.3586
95.825966	105.952	147.1275
96.520363	105.913	146.9069
97.219788	105.874	146.6925
97.924286	105.835	146.4744
98.633881	105.796	146.2587
99.348625	105.757	146.0407
100.068542	105.717	145.8221
100.793686	105.677	145.6097
101.524078	105.636	145.3978
102.259766	105.595	145.1862
103.000778	105.554	144.9708
103.747162	105.513	144.7553
104.498962	105.472	144.5355
105.256203	105.431	144.3129
106.018929	105.389	144.0887
106.787186	105.346	143.8624
107.561012	105.303	143.6388
108.340446	105.260	143.4196
109.125526	105.216	143.2041
109.916290	105.172	142.9853
110.712791	105.127	142.7686
111.515060	105.082	142.5504
112.323143	105.035	142.3340
113.137085	104.989	142.1198
113.956924	104.942	141.9100
114.782700	104.895	141.6984
115.614464	104.847	141.4914
116.452255	104.798	141.2854
117.296112	104.750	141.0811
118.146095	104.702	140.8818
119.002228	104.654	140.6880
119.864563	104.604	140.4958
120.733154	104.554	140.2901
121.608040	104.504	140.0789
122.489258	104.457	139.8696
123.376869	104.407	139.6736
124.270905	104.355	139.5143
125.171425	104.304	139.3714
126.078468	104.257	139.2018
126.992081	104.214	139.0233
127.912323	104.171	138.8473
128.839233	104.127	138.6762
129.772842	104.083	138.5043
130.713242	104.038	138.3314
131.660431	103.993	138.1600
132.614502	103.948	137.9860
133.575485	103.903	137.8091
134.543427	103.857	137.6414
135.518387	103.811	137.4864
136.500412	103.766	137.3328
137.489548	103.719	137.1712
138.485855	103.672	137.0072
139.489380	103.624	136.8478
140.500168	103.575	136.6931
141.518295	103.526	136.5453
142.543793	103.477	136.4037
143.576721	103.428	136.2673
144.617142	103.377	136.1375
145.665100	103.326	136.0112
146.720642	103.274	135.8789
147.783844	103.222	135.7498
148.854752	103.170	135.6354
149.933411	103.118	135.5360
151.019897	103.066	135.4480
152.114243	103.014	135.3665
153.216522	102.962	135.2905
154.326797	102.913	135.2241
155.445114	102.866	135.1756
156.571533	102.820	135.1285
157.706116	102.775	135.0759
158.848923	102.729	135.0175
160.000000	102.685	134.9579
161.159424	102.640	134.8845
162.327255	102.594	134.7935
163.503540	102.547	134.6923
164.688354	102.499	134.5822
165.881760	102.450	134.4565
167.083801	102.398	134.3225
168.294571	102.345	134.1928
169.514099	102.290	134.0711
170.742462	102.234	133.9587
171.979736	102.178	133.8469
173.225967	102.121	133.7458
174.481232	102.064	133.6432
175.745605	102.008	133.5503
177.019119	101.953	133.4591
178.301880	101.898	133.3613
179.593933	101.842	133.2451
180.895340	101.785	133.1334
182.206177	101.726	133.0156
183.526520	101.666	132.9011
184.856430	101.604	132.7963
186.195984	101.542	132.7019
187.545227	101.479	132.6149
188.904266	101.415	132.5416
190.273132	101.351	132.4711
191.651932	101.288	132.4065
193.040726	101.225	132.3504
194.439575	101.162	132.3062
195.848572	101.100	132.2589
197.267761	101.039	132.2005
198.697250	100.979	132.1444
200.137085	100.920	132.0838
201.587372	100.862	132.0224
203.048157	100.804	131.9608
204.519531	100.745	131.8987
206.001556	100.684	131.8380
207.494324	100.622	131.7806
208.997925	100.560	131.7324
210.512405	100.497	131.6818
212.037857	100.434	131.6398
213.574371	100.370	131.6054
215.122025	100.306	131.5865
216.680893	100.243	131.5651
218.251053	100.179	131.5507
219.832581	100.115	131.5348
221.425583	100.050	131.5312
223.030121	99.984	131.5408
224.646286	99.919	131.5441
226.274170	99.855	131.5520
227.913849	99.790	131.5717
229.565399	99.725	131.6019
231.228928	99.660	131.6284
232.904510	99.594	131.6637
234.592224	99.529	131.7171
236.292191	99.464	131.7752
238.004456	99.400	131.8467
239.729126	99.337	131.9258
241.466309	99.275	132.0084
243.216080	99.214	132.0986
244.978516	99.155	132.1918
246.753738	99.097	132.2917
248.541809	99.040	132.3752
250.342850	98.983	132.4518
252.156937	98.925	132.5304
253.984161	98.866	132.6041
255.824646	98.807	132.6764
257.678467	98.748	132.7460
259.545685	98.690	132.8060
261.426483	98.632	132.8549
263.320862	98.573	132.9065
265.229004	98.512	132.9478
267.150970	98.450	132.9857
269.086853	98.387	133.0252
271.036774	98.323	133.0731
273.000824	98.258	133.1238
274.979095	98.191	133.1781
276.971710	98.123	133.2424
278.978760	98.056	133.3137
281.000336	97.989	133.3858
283.036591	97.922	133.4729
285.087585	97.855	133.5623
287.153442	97.788	133.6608
289.234283	97.721	133.7615
291.330200	97.654	133.8695
293.441284	97.586	133.9916
295.567688	97.518	134.1204
297.709503	97.449	134.2501
299.866821	97.381	134.3706
302.039795	97.313	134.4947
304.228485	97.246	134.6235
306.433044	97.179	134.7535
308.653595	97.113	134.8946
310.890228	97.048	135.0482
313.143066	96.984	135.2145
315.412231	96.921	135.3771
317.697845	96.860	135.5380
320.000000	96.799	135.7018
322.318848	96.740	135.8747
324.654510	96.682	136.0615
327.007080	96.624	136.2555
329.376709	96.568	136.4557
331.763519	96.511	136.6495
334.167603	96.455	136.8395
336.589142	96.400	137.0366
339.028198	96.344	137.2464
341.484924	96.289	137.4622
343.959473	96.234	137.6742
346.451935	96.181	137.8901
348.962463	96.129	138.1241
351.491211	96.077	138.3656
354.038239	96.027	138.6016
356.603760	95.977	138.8371
359.187866	95.927	139.0828
361.790680	95.879	139.3278
364.412354	95.830	139.5707
367.053040	95.782	139.8087
369.712860	95.733	140.0534
372.391968	95.684	140.2838
375.090454	95.635	140.5078
377.808533	95.587	140.7319
380.546265	95.540	140.9539
383.303864	95.494	141.1808
386.081451	95.447	141.4146
388.879150	95.399	141.6509
391.697144	95.351	141.8900
394.535522	95.302	142.1402
397.394501	95.254	142.4006
400.274170	95.206	142.6532
403.174744	95.159	142.9097
406.096313	95.111	143.1592
409.039062	95.063	143.4221
412.003113	95.014	143.6980
414.988647	94.967	143.9839
417.995850	94.920	144.2736
421.024811	94.875	144.5667
424.075714	94.830	144.8548
427.148743	94.785	145.1392
430.244049	94.740	145.4241
433.361786	94.695	145.7123
436.502106	94.650	146.0124
439.665161	94.606	146.3131
442.851166	94.563	146.6206
446.060242	94.521	146.9354
449.292572	94.479	147.2537
452.548340	94.437	147.5847
455.827698	94.396	147.9192
459.130798	94.355	148.2565
462.457855	94.314	148.5954
465.809021	94.273	148.9379
469.184448	94.232	149.2746
472.584381	94.192	149.5979
476.008911	94.154	149.9227
479.458252	94.118	150.2592
482.932617	94.081	150.6072
486.432159	94.045	150.9576
489.957031	94.008	151.3057
493.507477	93.972	151.6654
497.083618	93.936	152.0233
500.685699	93.902	152.3778
504.313873	93.871	152.7376
507.968323	93.841	153.1098
511.649292	93.810	153.4649
515.356934	93.780	153.8216
519.091370	93.749	154.1920
522.852966	93.720	154.5721
526.641724	93.692	154.9590
530.458008	93.666	155.3494
534.301941	93.641	155.7247
538.173706	93.616	156.0924
542.073547	93.591	156.4634
546.001648	93.566	156.8362
549.958191	93.540	157.2133
553.943420	93.516	157.5948
557.957520	93.492	157.9852
562.000671	93.468	158.3792
566.073181	93.445	158.7763
570.175171	93.422	159.1866
574.306885	93.400	159.6029
578.468567	93.376	160.0232
582.660400	93.353	160.4383
586.882568	93.330	160.8384
591.135376	93.309	161.2332
595.419006	93.290	161.6362
599.733643	93.273	162.0542
604.079590	93.255	162.4832
608.456970	93.238	162.9116
612.866089	93.221	163.3329
617.307190	93.205	163.7618
621.780457	93.190	164.1954
626.286133	93.177	164.6187
630.824463	93.166	165.0525
635.395691	93.157	165.4822
640.000000	93.150	165.9108
644.637695	93.144	166.3417
649.309021	93.138	166.7746
654.014160	93.132	167.2137
658.753418	93.127	167.6559
663.527039	93.124	168.1136
668.335205	93.122	168.5648
673.178284	93.121	169.0167
678.056396	93.121	169.4578
682.969849	93.121	169.8957
687.918945	93.121	170.3230
692.903870	93.122	170.7629
697.924927	93.123	171.2182
702.982422	93.125	171.6729
708.076477	93.128	172.1444
713.207520	93.131	172.6246
718.375732	93.134	173.1030
723.581360	93.137	173.5777
728.824707	93.140	174.0434
734.106079	93.143	174.4997
739.425720	93.149	174.9604
744.783936	93.157	175.4319
750.180908	93.166	175.9124
755.617065	93.176	176.3939
761.092529	93.185	176.8779
766.607727	93.195	177.3596
772.162903	93.207	177.8338
777.758301	93.220	178.3200
783.394287	93.233	178.8106
789.071045	93.248	179.2954
794.789001	93.262	179.7839
800.548340	93.274	-179.7130
806.349487	93.287	-179.2260
812.192627	93.300	-178.7377
818.078125	93.312	-178.2487
824.006226	93.324	-177.7515
829.977295	93.337	-177.2483
835.991699	93.352	-176.7434
842.049622	93.369	-176.2310
848.151428	93.387	-175.7309
854.297485	93.406	-175.2375
860.488098	93.427	-174.7578
866.723572	93.447	-174.2660
873.004211	93.468	-173.7684
879.330322	93.489	-173.2639
885.702332	93.510	-172.7560
892.120483	93.532	-172.2413
898.585144	93.553	-171.7008
905.096680	93.575	-171.1700
911.655396	93.599	-170.6448
918.261597	93.624	-170.1285
924.915710	93.651	-169.6127
931.618042	93.681	-169.0780
938.368896	93.712	-168.5369
945.168762	93.745	-167.9879
952.017822	93.779	-167.4344
958.916504	93.816	-166.8799
965.865234	93.856	-166.3204
972.864319	93.898	-165.7558
979.914062	93.943	-165.1944
987.014954	93.991	-164.6336
994.167236	94.040	-164.0746
1001.371399	94.088	-163.5267
1008.627747	94.131	-163.0149
1015.936646	94.172	-162.5102
1023.298584	94.212	-162.0312
1030.713867	94.252	-161.5865
1038.182739	94.291	-161.1558
1045.705933	94.328	-160.7245
1053.283447	94.366	-160.2913
1060.916016	94.404	-159.8589
1068.603882	94.444	-159.4294
1076.347412	94.484	-159.0185
1084.147095	94.524	-158.6210
1092.003296	94.564	-158.2202
1099.916382	94.604	-157.8083
1107.886841	94.645	-157.3868
1115.915039	94.686	-156.9608
1124.001343	94.728	-156.5164
1132.146362	94.769	-156.0989
1140.350342	94.811	-155.7023
1148.613770	94.856	-155.2821
1156.937134	94.902	-154.8873
1165.320801	94.951	-154.4869
1173.765137	95.001	-154.0790
1182.270752	95.053	-153.6745
1190.838013	95.105	-153.2686
1199.467285	95.158	-152.8752
1208.159180	95.214	-152.4839
1216.913940	95.272	-152.0946
1225.732178	95.332	-151.6874
1234.614380	95.395	-151.3006
1243.560913	95.463	-150.9260
1252.572266	95.539	-150.5437
1261.648926	95.622	-150.1808
1270.791382	95.713	-149.8189
1280.000000	95.807	-149.4691
1289.275391	95.904	-149.1267
1298.618042	96.004	-148.8270
1308.028320	96.106	-148.5311
1317.506836	96.209	-148.2502
1327.054077	96.316	-147.9979
1336.670410	96.425	-147.7741
1346.356567	96.536	-147.5758
1356.112793	96.649	-147.4246
1365.939697	96.761	-147.3120
1375.837891	96.872	-147.2303
1385.807739	96.980	-147.1641
1395.849854	97.086	-147.1169
1405.964844	97.188	-147.0873
1416.152954	97.286	-147.0776
1426.415039	97.380	-147.1142
1436.751465	97.471	-147.1825
1447.162720	97.560	-147.2371
1457.649414	97.645	-147.3089
1468.212158	97.726	-147.3728
1478.851440	97.803	-147.4334
1489.567871	97.876	-147.4836
1500.361816	97.947	-147.5316
1511.234131	98.015	-147.5433
1522.185059	98.081	-147.5664
1533.215454	98.146	-147.5450
1544.325806	98.210	-147.5201
1555.516602	98.273	-147.4711
1566.788574	98.337	-147.3967
1578.142090	98.403	-147.3040
1589.578003	98.471	-147.2015
1601.096680	98.542	-147.0829
1612.698975	98.616	-146.9612
1624.385254	98.694	-146.8172
1636.156250	98.774	-146.6558
1648.012451	98.857	-146.4731
1659.954590	98.941	-146.2868
1671.983398	99.028	-146.1094
1684.099243	99.119	-145.9355
1696.302856	99.213	-145.7442
1708.594971	99.310	-145.5539
1720.976196	99.411	-145.3750
1733.447144	99.515	-145.2140
1746.008423	99.622	-145.0394
1758.660645	99.732	-144.8822
1771.404663	99.846	-144.7307
1784.240967	99.962	-144.5879
1797.170288	100.082	-144.4574
1810.193359	100.204	-144.3351
1823.310791	100.330	-144.2266
1836.523193	100.459	-144.1458
1849.831421	100.590	-144.0704
1863.236084	100.724	-144.0245
1876.737793	100.861	-143.9808
1890.337524	101.000	-143.9740
1904.035645	101.142	-143.9704
1917.833008	101.286	-143.9985
1931.730469	101.432	-144.0509
1945.728638	101.580	-144.1181
1959.828125	101.730	-144.2249
1974.029907	101.882	-144.3301
1988.334473	102.035	-144.4787
2002.742798	102.191	-144.6559
2017.255493	102.350	-144.8523
2031.873291	102.509	-145.0753
2046.597168	102.671	-145.3244
2061.427734	102.833	-145.6066
2076.365479	102.996	-145.9251
2091.411865	103.161	-146.2619
2106.566895	103.325	-146.6330
2121.832031	103.491	-147.0320
2137.207764	103.657	-147.4648
2152.694824	103.824	-147.9310
2168.294189	103.990	-148.4165
2184.006592	104.157	-148.9573
2199.832764	104.324	-149.5177
2215.773682	104.491	-150.1160
2231.830078	104.657	-150.7438
2248.002686	104.823	-151.4092
2264.292725	104.989	-152.1141
2280.700684	105.154	-152.8472
2297.227539	105.318	-153.6254
2313.874268	105.482	-154.4483
2330.641602	105.644	-155.3228
2347.530273	105.804	-156.2356
2364.541504	105.963	-157.1793
2381.676025	106.119	-158.1917
2398.934570	106.273	-159.2340
2416.318359	106.423	-160.3438
2433.827881	106.569	-161.4993
2451.464355	106.710	-162.7145
2469.228760	106.847	-163.9615
2487.121826	106.977	-165.2775
2505.144531	107.100	-166.6400
2523.297852	107.216	-168.0566
2541.582764	107.323	-169.5191
2560.000000	107.421	-171.0300
2578.550781	107.509	-172.5711
2597.236084	107.585	-174.1572
2616.056641	107.650	-175.7847
2635.013672	107.701	-177.4228
2654.108154	107.739	-179.0866
2673.340820	107.763	179.2416
2692.713135	107.774	177.5772
2712.225586	107.770	175.9172
2731.879395	107.753	174.2878
2751.675781	107.723	172.6871
2771.615479	107.680	171.1171
2791.699707	107.625	169.5867
2811.929688	107.560	168.1178
2832.305908	107.485	166.7096
2852.830078	107.400	165.3539
2873.502930	107.308	164.0713
2894.325439	107.209	162.8497
2915.298828	107.105	161.6877
2936.424316	106.996	160.6052
2957.702881	106.883	159.5919
2979.135742	106.767	158.6348
3000.723633	106.650	157.7451
3022.468262	106.531	156.9276
3044.370117	106.411	156.1469
3066.430908	106.292	155.4411
3088.651611	106.173	154.7914
3111.033203	106.054	154.1833
3133.577148	105.938	153.6381
3156.284180	105.826	153.1282
3179.156006	105.718	152.6783
3202.193359	105.614	152.2837
3225.397949	105.513	151.9210
3248.770508	105.415	151.6030
3272.312500	105.320	151.3200
3296.024902	105.228	151.0742
3319.909180	105.140	150.8724
3343.966797	105.055	150.6938
3368.198486	104.973	150.5638
3392.605713	104.895	150.4541
3417.189941	104.822	150.3776
3441.952393	104.754	150.3412
3466.894287	104.692	150.3221
3492.016846	104.637	150.3391
3517.321289	104.589	150.3666
3542.809326	104.548	150.4079
3568.481934	104.514	150.4223
3594.340576	104.487	150.4244
3620.386719	104.464	150.3941
3646.621582	104.444	150.3549
3673.046387	104.425	150.2448
3699.662842	104.404	150.1309
3726.472168	104.382	150.0027
3753.475586	104.356	149.8538
3780.675049	104.327	149.7034
3808.071289	104.295	149.5522
3835.666016	104.259	149.4441
3863.460938	104.219	149.3042
3891.457275	104.175	149.2181
3919.656250	104.129	149.1578
3948.059814	104.081	149.1582
3976.668945	104.029	149.1793
4005.485596	103.971	149.2435
4034.510986	103.908	149.3677
4063.746582	103.842	149.5374
4093.194336	103.776	149.7568
4122.855469	103.712	150.0269
4152.730957	103.652	150.3438
4182.823730	103.595	150.7136
4213.133789	103.543	151.1398
4243.664062	103.497	151.6049
4274.415527	103.457	152.1334
4305.389648	103.425	152.7129
4336.588379	103.402	153.3476
4368.013184	103.389	154.0485
4399.665527	103.387	154.7806
4431.547363	103.398	155.5564
4463.660156	103.423	156.3885
4496.005371	103.463	157.2189
4528.585449	103.519	158.0980
4561.401367	103.591	158.9420
4594.455078	103.680	159.7877
4627.748535	103.785	160.6436
4661.283203	103.907	161.4623
4695.060547	104.046	162.2650
4729.083008	104.202	163.0177
4763.352051	104.375	163.7161
4797.869141	104.565	164.3671
4832.636719	104.771	164.9450
4867.655762	104.993	165.4506
4902.928711	105.231	165.8722
4938.457520	105.485	166.2006
4974.243652	105.754	166.4697
5010.289062	106.041	166.6080
5046.595703	106.344	166.6105
5083.165527	106.663	166.4724
5120.000000	106.996	166.1976
5157.101562	107.343	165.7728
5194.472168	107.701	165.1608
5232.113281	108.068	164.3413
5270.027344	108.440	163.2825
5308.216309	108.814	161.9915
5346.681641	109.185	160.4312
5385.426270	109.550	158.6258
5424.451172	109.902	156.5660
5463.758789	110.237	154.2698
5503.351562	110.550	151.7186
5543.230957	110.835	148.9080
5583.399414	111.088	145.9268
5623.859375	111.307	142.7503
5664.611816	111.488	139.4385
5705.660156	111.628	136.0242
5747.005859	111.728	132.4909
5788.650879	111.785	128.9072
5830.597656	111.800	125.3101
5872.848633	111.772	121.6719
5915.405762	111.700	118.0912
5958.271484	111.583	114.5348
6001.447266	111.420	111.0599
6044.936523	111.214	107.8018
6088.740234	110.968	104.6984
6132.861816	110.689	101.8280
6177.303223	110.386	99.2487
6222.066406	110.067	96.9695
6267.154297	109.740	94.8718
6312.568359	109.407	93.0502
6358.312012	109.072	91.3923
6404.386719	108.735	89.9188
6450.795898	108.398	88.5442
6497.541016	108.059	87.3272
6544.625000	107.717	86.2406
6592.049805	107.372	85.2479
6639.818359	107.025	84.5054
6687.933594	106.680	83.9312
6736.396973	106.342	83.5883
6785.211426	106.015	83.4282
6834.379883	105.705	83.5196
6883.904785	105.417	83.7532
6933.788574	105.155	84.1487
6984.033691	104.923	84.7172
7034.642578	104.725	85.3255
7085.618652	104.563	86.0010
7136.963867	104.439	86.7372
7188.681152	104.353	87.4340
7240.773438	104.306	88.0722
7293.243164	104.294	88.6168
7346.092773	104.312	88.9888
7399.325684	104.358	89.2139
7452.944336	104.430	89.2943
7506.951172	104.524	89.1307
7561.350098	104.636	88.6902
7616.142578	104.763	88.0273
7671.332031	104.900	87.0265
7726.921875	105.039	85.7648
7782.914551	105.171	84.1211
7839.312500	105.288	82.0862
7896.119629	105.377	79.7351
7953.337891	105.428	77.0952
8010.971191	105.427	74.0388
8069.021973	105.365	70.8313
8127.493164	105.233	67.4270
8186.388672	105.028	63.9760
8245.710938	104.747	60.6017
8305.461914	104.395	57.4073
8365.647461	103.980	54.4736
8426.267578	103.511	51.8390
8487.328125	102.998	49.5112
8548.831055	102.452	47.6233
8610.779297	101.883	46.2160
8673.176758	101.302	45.0676
8736.026367	100.715	44.3455
8799.331055	100.131	43.9392
8863.094727	99.555	43.8923
8927.320312	98.992	44.1226
8992.010742	98.444	44.6118
9057.170898	97.916	45.3298
9122.802734	97.408	46.3190
9188.910156	96.925	47.5506
9255.497070	96.468	48.7910
9322.566406	96.037	50.2853
9390.121094	95.630	51.9137
9458.166016	95.249	53.6200
9526.704102	94.892	55.4455
9595.738281	94.560	57.3616
9665.273438	94.252	59.2801
9735.311523	93.967	61.2759
9805.857422	93.704	63.3727
9876.915039	93.463	65.5446
9948.487305	93.246	67.7131
10020.578125	93.052	69.9611
10093.191406	92.881	72.3047
10166.331055	92.732	74.5361
10240.000000	92.606	76.8854
10314.203125	92.502	79.2140
10388.944336	92.422	81.6351
10464.226562	92.364	84.0767
10540.054688	92.332	86.4492
10616.432617	92.325	88.9325
10693.363281	92.342	91.3668
10770.852539	92.383	93.8610
10848.902344	92.450	96.3884
10927.517578	92.544	98.8727
11006.703125	92.668	101.2418
11086.461914	92.825	103.8386
11166.798828	93.016	106.2896
11247.718750	93.244	108.7320
11329.223633	93.510	111.1694
11411.320312	93.817	113.5323
11494.011719	94.169	115.8293
11577.301758	94.569	118.0115
11661.195312	95.022	120.1088
11745.697266	95.532	122.0870
11830.811523	96.105	123.8947
11916.542969	96.748	125.3928
12002.894531	97.468	126.6587
12089.873047	98.273	127.5522
12177.480469	99.171	127.8671
12265.723633	100.161	127.4255
12354.606445	101.238	126.2453
12444.132812	102.379	123.5901
12534.308594	103.532	119.3657
12625.136719	104.612	113.0709
12716.624023	105.507	104.6349
12808.773438	106.101	94.3470
12901.591797	106.316	83.3255
12995.082031	106.147	72.5369
13089.250000	105.660	63.3445
13184.099609	104.974	56.1087
13279.636719	104.212	50.6704
13375.867188	103.475	46.8105
13472.793945	102.823	44.2284
13570.422852	102.286	42.1121
13668.759766	101.871	40.4739
13767.809570	101.570	38.7749
13867.577148	101.367	36.8275
13968.067383	101.236	34.5056
14069.285156	101.146	31.6560
14171.237305	101.059	28.0475
14273.927734	100.936	23.7394
14377.362305	100.747	19.0826
14481.546875	100.466	13.9595
14586.486328	100.082	8.6711
14692.185547	99.602	3.7490
14798.651367	99.044	-1.0605
14905.888672	98.434	-5.5361
15013.902344	97.788	-9.7806
15122.700195	97.114	-13.9955
15232.285156	96.406	-18.1956
15342.664062	95.644	-22.4098
15453.843750	94.805	-26.7197
15565.829102	93.871	-30.8550
15678.625000	92.834	-34.5067
15792.239258	91.706	-37.5688
15906.675781	90.518	-39.8429
16021.942383	89.320	-41.1960
16138.043945	88.160	-41.6176
16254.986328	87.059	-41.4508
16372.777344	86.023	-40.8544
16491.421875	85.048	-39.8234
16610.923828	84.125	-38.5836
16731.294922	83.245	-37.4567
16852.535156	82.390	-36.3139
16974.656250	81.531	-35.2361
17097.662109	80.646	-33.9882
17221.558594	79.718	-32.7911
17346.353516	78.738	-31.2220
17472.052734	77.713	-28.9608
17598.662109	76.676	-25.8154
17726.189453	75.674	-22.0841
17854.640625	74.705	-17.9188
17984.021484	73.754	-13.3236
18114.341797	72.851	-7.7292
18245.605469	72.021	-1.5269
18377.820312	71.273	4.8558
18510.994141	70.617	11.7808
18645.132812	70.071	18.8751
18780.242188	69.639	26.3381
18916.332031	69.325	33.6725
19053.408203	69.128	41.1652
19191.476562	69.046	48.1925
19330.546875	69.071	55.2076
19470.623047	69.195	61.7126
19611.714844	69.405	67.9669
19753.830078	69.672	73.2859
19896.974609	69.924	77.9873
