20.000000	109.100	159.2171
20.299999	109.065	158.8766
20.600000	109.030	158.5674
20.900000	108.996	158.2814
21.200001	108.966	157.9916
21.400000	108.946	157.7934
21.799999	108.907	157.3904
22.000000	108.887	157.1854
22.400000	108.842	156.7568
22.700001	108.805	156.4532
23.000000	108.768	156.1715
23.299999	108.730	155.8972
23.600000	108.695	155.6385
24.000000	108.650	155.3035
24.299999	108.618	155.0349
24.700001	108.574	154.6721
25.000000	108.540	154.4036
25.400000	108.493	154.0449
25.799999	108.444	153.7105
26.200001	108.398	153.3873
26.500000	108.365	153.1435
26.900000	108.321	152.8168
27.200001	108.288	152.5639
27.600000	108.241	152.2273
28.000000	108.193	151.9076
28.500000	108.133	151.5278
29.000000	108.075	151.1671
29.500000	108.019	150.7991
30.000000	107.961	150.4349
30.400000	107.915	150.1449
30.700001	107.879	149.9356
31.100000	107.833	149.6620
31.500000	107.788	149.3842
32.000000	107.730	149.0412
32.500000	107.671	148.7040
33.000000	107.611	148.3973
33.500000	107.555	148.1019
34.000000	107.502	147.7983
34.500000	107.447	147.4704
35.000000	107.389	147.1428
35.500000	107.328	146.8333
36.000000	107.267	146.5485
36.500000	107.208	146.2709
37.000000	107.150	146.0013
37.500000	107.092	145.7405
38.200001	107.014	145.3852
38.700001	106.960	145.1162
39.500000	106.869	144.6642
40.000000	106.807	144.4029
40.599998	106.735	144.1278
41.200001	106.666	143.8764
41.799999	106.601	143.6211
42.500000	106.524	143.3328
43.099998	106.459	143.1150
43.700001	106.398	142.9165
44.400002	106.334	142.6780
45.000000	106.282	142.4424
45.500000	106.238	142.2196
46.200001	106.171	141.8987
46.799999	106.109	141.6457
47.500000	106.037	141.3842
48.200001	105.968	141.1372
48.700001	105.921	140.9541
49.400002	105.853	140.6870
50.000000	105.790	140.4496
50.799999	105.695	140.1470
51.500000	105.606	139.9348
52.200001	105.520	139.7794
53.000000	105.428	139.6446
53.799999	105.346	139.5335
54.500000	105.284	139.4324
55.200001	105.230	139.2794
56.000000	105.164	139.0402
57.000000	105.074	138.7088
58.000000	104.979	138.3570
59.000000	104.872	138.0028
60.000000	104.761	137.7001
60.799999	104.673	137.4812
61.500000	104.597	137.3007
62.200001	104.525	137.1238
63.000000	104.447	136.9095
64.000000	104.354	136.6347
65.000000	104.263	136.4163
66.000000	104.176	136.2074
67.000000	104.090	136.0186
68.000000	104.007	135.8402
69.000000	103.924	135.6643
70.000000	103.840	135.5021
71.000000	103.757	135.3340
72.000000	103.674	135.1589
73.000000	103.591	134.9884
74.000000	103.509	134.8251
75.000000	103.428	134.6718
76.199997	103.332	134.5060
77.500000	103.229	134.3299
78.800003	103.125	134.1670
80.000000	103.027	134.0364
81.199997	102.929	133.9102
82.500000	102.823	133.7686
83.800003	102.717	133.6376
85.000000	102.620	133.5281
86.199997	102.525	133.4206
87.500000	102.422	133.3142
88.500000	102.342	133.2407
90.000000	102.221	133.1572
91.199997	102.125	133.1318
92.500000	102.029	133.1429
93.800003	101.942	133.1483
95.000000	101.866	133.1083
96.199997	101.788	133.0367
97.500000	101.700	132.9490
98.800003	101.609	132.8717
100.000000	101.524	132.8187
101.500000	101.418	132.7572
103.000000	101.311	132.7206
104.400002	101.212	132.6957
106.000000	101.101	132.6825
107.500000	100.999	132.6926
109.000000	100.901	132.7230
110.599998	100.801	132.7396
112.000000	100.714	132.7588
113.800003	100.603	132.7831
115.000000	100.531	132.8000
117.199997	100.399	132.7812
118.000000	100.350	132.7749
120.599998	100.191	132.7830
122.000000	100.105	132.7942
124.099998	99.979	132.8528
125.000000	99.929	132.8708
126.500000	99.848	132.8980
128.000000	99.770	132.9481
131.500000	99.595	133.1209
132.000000	99.570	133.1517
134.000000	99.475	133.2851
136.000000	99.384	133.4349
138.000000	99.296	133.5868
140.000000	99.212	133.7425
143.000000	99.090	133.9766
145.000000	99.009	134.1161
147.500000	98.913	134.3235
150.000000	98.827	134.5397
152.500000	98.749	134.7029
155.000000	98.666	134.7827
157.500000	98.572	134.8458
160.000000	98.467	134.9681
162.500000	98.353	135.1497
165.000000	98.241	135.4044
167.500000	98.138	135.6803
170.000000	98.044	135.9557
172.500000	97.957	136.2112
175.000000	97.876	136.4272
177.500000	97.799	136.5855
180.000000	97.720	136.6990
182.500000	97.636	136.7905
185.000000	97.547	136.8722
187.500000	97.454	136.9947
190.000000	97.359	137.1425
192.500000	97.264	137.3258
195.000000	97.172	137.5491
197.500000	97.084	137.7744
200.000000	97.005	138.0034
203.000000	96.918	138.2969
206.000000	96.836	138.5541
209.000000	96.756	138.8015
212.000000	96.678	139.0280
214.000000	96.624	139.1737
218.000000	96.517	139.4825
220.000000	96.463	139.6415
224.000000	96.355	139.9410
227.000000	96.276	140.1717
230.000000	96.198	140.4204
233.000000	96.119	140.6785
236.000000	96.040	140.9408
240.000000	95.937	141.3170
243.000000	95.862	141.6260
247.000000	95.766	142.0599
250.000000	95.697	142.3896
254.000000	95.607	142.8542
258.000000	95.523	143.2974
262.000000	95.446	143.7313
265.000000	95.392	144.0297
269.000000	95.323	144.3966
272.000000	95.272	144.6442
276.000000	95.203	144.9273
280.000000	95.130	145.1923
285.000000	95.036	145.5235
290.000000	94.942	145.8646
295.000000	94.846	146.2092
300.000000	94.748	146.5588
304.000000	94.671	146.8411
307.000000	94.613	147.0715
311.000000	94.537	147.3788
315.000000	94.465	147.7031
320.000000	94.383	148.1146
325.000000	94.308	148.5408
330.000000	94.236	148.9711
335.000000	94.165	149.4073
340.000000	94.098	149.8568
345.000000	94.032	150.2954
350.000000	93.968	150.7417
355.000000	93.907	151.1936
360.000000	93.847	151.6595
365.000000	93.789	152.1133
370.000000	93.733	152.5776
375.000000	93.677	153.0380
382.000000	93.604	153.6627
387.000000	93.555	154.1161
395.000000	93.478	154.8599
400.000000	93.432	155.3140
406.000000	93.378	155.8569
412.000000	93.325	156.4025
418.000000	93.276	156.9500
425.000000	93.221	157.5800
431.000000	93.175	158.1265
437.000000	93.131	158.6709
444.000000	93.082	159.3016
450.000000	93.041	159.8466
455.000000	93.009	160.2963
462.000000	92.966	160.9072
468.000000	92.931	161.4503
475.000000	92.891	162.0738
482.000000	92.854	162.6929
487.000000	92.829	163.1324
494.000000	92.796	163.7583
500.000000	92.770	164.2885
508.000000	92.741	164.9959
515.000000	92.718	165.5972
522.000000	92.697	166.2140
530.000000	92.676	166.9027
538.000000	92.657	167.6017
545.000000	92.642	168.2004
552.000000	92.628	168.8044
560.000000	92.614	169.4687
570.000000	92.597	170.2872
580.000000	92.577	171.1246
590.000000	92.561	172.0135
600.000000	92.554	172.9120
608.000000	92.554	173.6367
615.000000	92.558	174.2433
622.000000	92.563	174.8499
630.000000	92.574	175.5236
640.000000	92.595	176.3499
650.000000	92.620	177.1687
660.000000	92.649	177.9755
670.000000	92.679	178.7656
680.000000	92.709	179.5368
690.000000	92.739	-179.7271
700.000000	92.764	-178.9869
710.000000	92.784	-178.1709
720.000000	92.814	-177.2901
730.000000	92.856	-176.4050
740.000000	92.906	-175.5632
750.000000	92.959	-174.7404
762.000000	93.026	-173.7864
775.000000	93.101	-172.7681
788.000000	93.179	-171.7849
800.000000	93.251	-170.8899
812.000000	93.321	-170.0091
825.000000	93.395	-169.0473
838.000000	93.474	-168.1108
850.000000	93.551	-167.2512
862.000000	93.631	-166.4066
875.000000	93.722	-165.5206
885.000000	93.795	-164.8479
900.000000	93.910	-163.8544
912.000000	94.007	-163.0832
925.000000	94.115	-162.2722
938.000000	94.227	-161.4874
950.000000	94.333	-160.7648
962.000000	94.442	-160.0887
975.000000	94.563	-159.3797
988.000000	94.684	-158.6984
1000.000000	94.790	-158.0678
1015.000000	94.907	-157.3326
1030.000000	95.017	-156.6470
1044.000000	95.121	-156.0194
1060.000000	95.242	-155.3618
1075.000000	95.359	-154.7766
1090.000000	95.477	-154.2104
1106.000000	95.606	-153.6588
1120.000000	95.720	-153.1961
1138.000000	95.868	-152.6400
1150.000000	95.969	-152.2878
1172.000000	96.156	-151.6789
1180.000000	96.224	-151.4795
1206.000000	96.450	-150.8597
1220.000000	96.574	-150.5344
1241.000000	96.770	-150.0913
1250.000000	96.860	-149.9139
1265.000000	97.021	-149.6271
1280.000000	97.191	-149.3589
1315.000000	97.602	-148.8142
1320.000000	97.662	-148.7383
1340.000000	97.908	-148.4656
1360.000000	98.161	-148.2456
1380.000000	98.420	-148.0722
1400.000000	98.683	-147.9155
1430.000000	99.087	-147.7611
1450.000000	99.365	-147.7411
1475.000000	99.722	-147.7897
1500.000000	100.091	-147.9523
1525.000000	100.473	-148.2172
1550.000000	100.866	-148.6014
1575.000000	101.271	-149.1739
1600.000000	101.689	-149.8624
1625.000000	102.121	-150.7800
1650.000000	102.564	-151.8825
1675.000000	103.015	-153.2148
1700.000000	103.470	-154.8067
1725.000000	103.921	-156.6909
1750.000000	104.364	-158.8977
1775.000000	104.790	-161.4033
1800.000000	105.194	-164.2299
1825.000000	105.566	-167.3527
1850.000000	105.900	-170.8102
1875.000000	106.186	-174.5202
1900.000000	106.412	-178.4870
1925.000000	106.571	177.3930
1950.000000	106.657	173.1864
1975.000000	106.668	169.0075
2000.000000	106.609	164.9099
2030.000000	106.455	160.2491
2060.000000	106.223	155.9846
2090.000000	105.931	152.1468
2120.000000	105.595	148.7761
2140.000000	105.355	146.7759
2180.000000	104.854	143.3962
2200.000000	104.599	141.9725
2240.000000	104.093	139.6198
2270.000000	103.723	138.2371
2300.000000	103.366	137.1464
2330.000000	103.024	136.2948
2360.000000	102.699	135.6559
2400.000000	102.294	135.0939
2430.000000	102.012	134.8474
2470.000000	101.663	134.7237
2500.000000	101.421	134.7690
2540.000000	101.127	134.9619
2580.000000	100.861	135.3361
2620.000000	100.623	135.7972
2650.000000	100.463	136.2061
2690.000000	100.272	136.8538
2720.000000	100.146	137.4036
2760.000000	100.000	138.1982
2800.000000	99.880	139.0663
2850.000000	99.769	140.2519
2900.000000	99.703	141.4868
2950.000000	99.684	142.7497
3000.000000	99.708	143.9610
3040.000000	99.754	144.8887
3070.000000	99.804	145.6082
3110.000000	99.894	146.5151
3150.000000	100.017	147.4005
3200.000000	100.221	148.3654
3250.000000	100.466	149.1591
3300.000000	100.740	149.7535
3350.000000	101.039	150.2006
3400.000000	101.367	150.5204
3450.000000	101.731	150.6895
3500.000000	102.138	150.6777
3550.000000	102.593	150.4276
3600.000000	103.101	149.8097
3650.000000	103.664	148.7425
3700.000000	104.278	147.0750
3750.000000	104.934	144.5988
3820.000000	105.869	139.3024
3870.000000	106.472	133.9895
3950.000000	107.096	122.9399
4000.000000	107.160	115.1215
4060.000000	106.853	105.7800
4120.000000	106.156	97.5072
4180.000000	105.161	91.4498
4250.000000	103.983	88.4375
4310.000000	103.375	87.2572
4370.000000	102.914	84.2688
4440.000000	102.105	80.5233
4500.000000	101.293	78.5699
4550.000000	100.625	77.7520
4620.000000	99.746	77.4268
4680.000000	99.051	77.7204
4750.000000	98.306	78.5496
4820.000000	97.628	79.8089
4870.000000	97.185	80.9152
4940.000000	96.624	82.7275
5000.000000	96.198	84.4576
5080.000000	95.711	86.9923
5150.000000	95.358	89.3326
5220.000000	95.068	91.7208
5300.000000	94.801	94.3951
5380.000000	94.582	97.0006
5450.000000	94.421	99.2780
5520.000000	94.291	101.6377
5600.000000	94.185	104.3712
5700.000000	94.123	107.9156
5800.000000	94.147	111.5591
5900.000000	94.265	115.2419
6000.000000	94.486	118.9235
6080.000000	94.743	121.7801
6150.000000	95.030	124.2042
6220.000000	95.374	126.5156
6300.000000	95.837	128.9514
6400.000000	96.521	131.6580
6500.000000	97.345	133.8293
6600.000000	98.339	135.3158
6700.000000	99.536	135.7157
6800.000000	100.952	134.4059
6900.000000	102.547	130.3517
7000.000000	104.148	122.3655
7100.000000	105.396	109.9002
7200.000000	105.894	94.3869
7300.000000	105.477	78.9190
7400.000000	104.335	66.4784
7500.000000	102.853	58.2839
7620.000000	101.087	53.3990
7750.000000	99.493	52.2131
7880.000000	98.306	53.3401
8000.000000	97.552	55.4733
8120.000000	97.103	58.0583
8250.000000	96.958	60.8935
8380.000000	97.181	63.3124
8500.000000	97.755	64.5498
8620.000000	98.722	63.7770
8750.000000	100.153	58.6372
8850.000000	101.289	50.1296
9000.000000	102.190	29.5777
9120.000000	101.584	10.1909
9250.000000	99.583	-7.3304
9380.000000	96.830	-17.8606
9500.000000	94.223	-21.9100
9620.000000	91.862	-22.2338
9750.000000	89.665	-20.1134
9880.000000	87.804	-16.5891
10000.000000	86.328	-12.5972
10150.000000	84.744	-7.0011
10300.000000	83.395	-1.0455
10440.000000	82.314	4.8183
10600.000000	81.261	11.7802
10750.000000	80.434	18.3762
10900.000000	79.745	25.0720
11060.000000	79.152	32.2791
11200.000000	78.749	38.6148
11380.000000	78.387	46.6972
11500.000000	78.241	52.0561
11720.000000	78.167	61.6194
11800.000000	78.203	65.0203
12060.000000	78.542	75.6360
12200.000000	78.878	81.1440
12410.000000	79.612	88.8482
12500.000000	80.019	91.8905
12650.000000	80.829	96.4709
12800.000000	81.817	100.2530
13150.000000	84.830	103.2781
13200.000000	85.316	102.7234
13400.000000	87.215	97.2374
13600.000000	88.656	86.5219
13800.000000	89.222	73.2044
14000.000000	88.916	61.3724
14300.000000	87.888	51.8801
14500.000000	87.643	49.9970
14750.000000	88.479	47.5627
15000.000000	90.367	36.8879
15250.000000	91.562	13.0916
15500.000000	90.272	-15.5333
15750.000000	86.846	-35.4014
16000.000000	82.842	-43.5592
16250.000000	79.348	-43.8302
16500.000000	76.581	-39.3776
16750.000000	74.480	-31.7100
17000.000000	73.093	-22.1796
17250.000000	72.435	-12.2611
17500.000000	72.536	-3.2941
17750.000000	73.485	2.8560
18000.000000	75.187	2.8687
18250.000000	76.908	-6.8361
18500.000000	77.439	-24.7047
18750.000000	76.146	-42.8566
19000.000000	73.688	-53.6688
19250.000000	71.482	-56.9821
19500.000000	70.768	-60.1198
19750.000000	71.267	-72.4177
20000.000000	71.589	-89.0306
