20.290907	103.900
20.437943	103.896
20.586044	103.891
20.735220	103.883
20.885475	103.874
21.036821	103.866
21.189262	103.857
21.342808	103.850
21.497467	103.842
21.653246	103.835
21.810154	103.829
21.968201	103.823
22.127390	103.817
22.287735	103.810
22.449242	103.804
22.611917	103.798
22.775772	103.790
22.940815	103.783
23.107054	103.775
23.274498	103.767
23.443153	103.758
23.613033	103.749
23.784142	103.740
23.956491	103.730
24.130091	103.720
24.304947	103.710
24.481071	103.699
24.658470	103.688
24.837156	103.676
25.017136	103.665
25.198421	103.653
25.381020	103.640
25.564941	103.628
25.750195	103.617
25.936790	103.605
26.124741	103.593
26.314051	103.581
26.504732	103.569
26.696796	103.556
26.890253	103.543
27.085112	103.530
27.281382	103.516
27.479073	103.502
27.678198	103.487
27.878765	103.472
28.080786	103.458
28.284271	103.443
28.489231	103.429
28.695675	103.414
28.903616	103.399
29.113064	103.384
29.324028	103.369
29.536524	103.353
29.750557	103.337
29.966141	103.321
30.183289	103.305
30.402010	103.288
30.622314	103.271
30.844217	103.254
31.067726	103.237
31.292856	103.220
31.519617	103.202
31.748020	103.185
31.978081	103.168
32.209808	103.150
32.443211	103.132
32.678310	103.114
32.915108	103.096
33.153625	103.078
33.393871	103.060
33.635857	103.041
33.879597	103.021
34.125103	103.001
34.372387	102.981
34.621464	102.960
34.872345	102.940
35.125042	102.920
35.379574	102.901
35.635948	102.882
35.894180	102.864
36.154285	102.847
36.416275	102.830
36.680161	102.813
36.945961	102.797
37.213688	102.781
37.483353	102.764
37.754974	102.747
38.028561	102.729
38.304131	102.710
38.581699	102.690
38.861279	102.669
39.142883	102.647
39.426529	102.625
39.712231	102.604
40.000000	102.583
40.289856	102.562
40.581814	102.542
40.875885	102.522
41.172089	102.501
41.470440	102.480
41.770950	102.457
42.073643	102.434
42.378525	102.410
42.685616	102.385
42.994934	102.361
43.306492	102.336
43.620308	102.311
43.936401	102.286
44.254780	102.261
44.575470	102.236
44.898483	102.212
45.223835	102.187
45.551544	102.163
45.881630	102.137
46.214108	102.112
46.548996	102.086
46.886307	102.060
47.226067	102.034
47.568283	102.007
47.912983	101.981
48.260181	101.955
48.609894	101.928
48.962143	101.901
49.316940	101.874
49.674313	101.846
50.034271	101.816
50.396843	101.785
50.762039	101.752
51.129883	101.718
51.500389	101.684
51.873581	101.650
52.249481	101.616
52.628101	101.582
53.009464	101.548
53.393593	101.513
53.780506	101.479
54.170223	101.444
54.562763	101.409
54.958145	101.373
55.356396	101.338
55.757530	101.302
56.161572	101.265
56.568542	101.229
56.978462	101.193
57.391350	101.156
57.807232	101.120
58.226128	101.083
58.648056	101.047
59.073048	101.011
59.501114	100.975
59.932281	100.937
60.366577	100.899
60.804020	100.861
61.244629	100.822
61.688435	100.784
62.135452	100.746
62.585712	100.709
63.039234	100.673
63.496040	100.639
63.956161	100.605
64.419617	100.572
64.886421	100.538
65.356621	100.505
65.830215	100.471
66.307251	100.437
66.787743	100.404
67.271713	100.370
67.759193	100.337
68.250206	100.302
68.744774	100.268
69.242928	100.233
69.744690	100.198
70.250084	100.163
70.759148	100.127
71.271896	100.092
71.788361	100.057
72.308571	100.023
72.832550	99.987
73.360321	99.952
73.891922	99.915
74.427376	99.879
74.966705	99.843
75.509949	99.807
76.057121	99.770
76.608261	99.734
77.163399	99.698
77.722557	99.663
78.285767	99.627
78.853058	99.591
79.424461	99.553
80.000000	99.516
80.579712	99.477
81.163628	99.438
81.751770	99.398
82.344177	99.358
82.940880	99.318
83.541901	99.279
84.147285	99.239
84.757050	99.198
85.371231	99.158
85.989868	99.118
86.612984	99.078
87.240616	99.038
87.872803	98.997
88.509560	98.957
89.150940	98.917
89.796967	98.876
90.447670	98.835
91.103088	98.794
91.763260	98.753
92.428215	98.712
93.097992	98.672
93.772614	98.631
94.452133	98.589
95.136566	98.548
95.825966	98.507
96.520363	98.466
97.219788	98.424
97.924286	98.383
98.633881	98.341
99.348625	98.300
100.068542	98.258
100.793686	98.215
101.524078	98.172
102.259766	98.129
103.000778	98.085
103.747162	98.042
104.498962	97.999
105.256203	97.956
106.018929	97.913
106.787186	97.870
107.561012	97.826
108.340446	97.784
109.125526	97.742
109.916290	97.700
110.712791	97.657
111.515060	97.615
112.323143	97.572
113.137085	97.529
113.956924	97.487
114.782700	97.444
115.614464	97.401
116.452255	97.357
117.296112	97.313
118.146095	97.270
119.002228	97.227
119.864563	97.184
120.733154	97.141
121.608040	97.098
122.489258	97.054
123.376869	97.011
124.270905	96.969
125.171425	96.928
126.078468	96.890
126.992081	96.854
127.912323	96.819
128.839233	96.784
129.772842	96.749
130.713242	96.714
131.660431	96.679
132.614502	96.645
133.575485	96.611
134.543427	96.579
135.518387	96.547
136.500412	96.517
137.489548	96.490
138.485855	96.465
139.489380	96.442
140.500168	96.420
141.518295	96.400
142.543793	96.379
143.576721	96.357
144.617142	96.333
145.665100	96.308
146.720642	96.282
147.783844	96.253
148.854752	96.224
149.933411	96.194
151.019897	96.163
152.114243	96.132
153.216522	96.101
154.326797	96.070
155.445114	96.038
156.571533	96.006
157.706116	95.974
158.848923	95.941
160.000000	95.907
161.159424	95.870
162.327255	95.831
163.503540	95.793
164.688354	95.754
165.881760	95.717
167.083801	95.680
168.294571	95.645
169.514099	95.612
170.742462	95.580
171.979736	95.551
173.225967	95.524
174.481232	95.501
175.745605	95.479
177.019119	95.460
178.301880	95.442
179.593933	95.424
180.895340	95.406
182.206177	95.387
183.526520	95.366
184.856430	95.343
186.195984	95.318
187.545227	95.290
188.904266	95.261
190.273132	95.230
191.651932	95.199
193.040726	95.167
194.439575	95.134
195.848572	95.102
197.267761	95.069
198.697250	95.037
200.137085	95.006
201.587372	94.975
203.048157	94.946
204.519531	94.919
206.001556	94.892
207.494324	94.865
208.997925	94.837
210.512405	94.810
212.037857	94.784
213.574371	94.758
215.122025	94.733
216.680893	94.708
218.251053	94.683
219.832581	94.658
221.425583	94.635
223.030121	94.612
224.646286	94.589
226.274170	94.566
227.913849	94.544
229.565399	94.522
231.228928	94.500
232.904510	94.479
234.592224	94.459
236.292191	94.439
238.004456	94.420
239.729126	94.400
241.466309	94.382
243.216080	94.363
244.978516	94.344
246.753738	94.324
248.541809	94.305
250.342850	94.285
252.156937	94.264
253.984161	94.241
255.824646	94.219
257.678467	94.198
259.545685	94.178
261.426483	94.158
263.320862	94.139
265.229004	94.121
267.150970	94.105
269.086853	94.091
271.036774	94.079
273.000824	94.070
274.979095	94.064
276.971710	94.060
278.978760	94.056
281.000336	94.051
283.036591	94.044
285.087585	94.035
287.153442	94.023
289.234283	94.009
291.330200	93.995
293.441284	93.980
295.567688	93.964
297.709503	93.948
299.866821	93.932
302.039795	93.916
304.228485	93.902
306.433044	93.888
308.653595	93.874
310.890228	93.861
313.143066	93.850
315.412231	93.841
317.697845	93.834
320.000000	93.830
322.318848	93.827
324.654510	93.825
327.007080	93.824
329.376709	93.825
331.763519	93.829
334.167603	93.835
336.589142	93.841
339.028198	93.849
341.484924	93.856
343.959473	93.864
346.451935	93.870
348.962463	93.876
351.491211	93.880
354.038239	93.884
356.603760	93.889
359.187866	93.892
361.790680	93.895
364.412354	93.898
367.053040	93.902
369.712860	93.905
372.391968	93.907
375.090454	93.911
377.808533	93.915
380.546265	93.918
383.303864	93.922
386.081451	93.927
388.879150	93.932
391.697144	93.936
394.535522	93.941
397.394501	93.947
400.274170	93.952
403.174744	93.958
406.096313	93.963
409.039062	93.968
412.003113	93.973
414.988647	93.979
417.995850	93.984
421.024811	93.991
424.075714	93.998
427.148743	94.004
430.244049	94.011
433.361786	94.018
436.502106	94.025
439.665161	94.032
442.851166	94.039
446.060242	94.046
449.292572	94.054
452.548340	94.062
455.827698	94.071
459.130798	94.079
462.457855	94.087
465.809021	94.095
469.184448	94.103
472.584381	94.111
476.008911	94.119
479.458252	94.128
482.932617	94.137
486.432159	94.145
489.957031	94.153
493.507477	94.162
497.083618	94.172
500.685699	94.182
504.313873	94.192
507.968323	94.204
511.649292	94.215
515.356934	94.226
519.091370	94.237
522.852966	94.250
526.641724	94.262
530.458008	94.273
534.301941	94.285
538.173706	94.297
542.073547	94.308
546.001648	94.320
549.958191	94.331
553.943420	94.343
557.957520	94.355
562.000671	94.367
566.073181	94.378
570.175171	94.390
574.306885	94.403
578.468567	94.414
582.660400	94.425
586.882568	94.436
591.135376	94.448
595.419006	94.460
599.733643	94.472
604.079590	94.484
608.456970	94.495
612.866089	94.506
617.307190	94.517
621.780457	94.528
626.286133	94.540
630.824463	94.552
635.395691	94.567
640.000000	94.583
644.637695	94.600
649.309021	94.617
654.014160	94.633
658.753418	94.649
663.527039	94.666
668.335205	94.683
673.178284	94.699
678.056396	94.716
682.969849	94.733
687.918945	94.750
692.903870	94.767
697.924927	94.783
702.982422	94.800
708.076477	94.818
713.207520	94.835
718.375732	94.852
723.581360	94.869
728.824707	94.887
734.106079	94.905
739.425720	94.924
744.783936	94.943
750.180908	94.962
755.617065	94.981
761.092529	95.001
766.607727	95.021
772.162903	95.042
777.758301	95.063
783.394287	95.085
789.071045	95.106
794.789001	95.128
800.548340	95.148
806.349487	95.167
812.192627	95.184
818.078125	95.203
824.006226	95.221
829.977295	95.241
835.991699	95.261
842.049622	95.282
848.151428	95.304
854.297485	95.327
860.488098	95.351
866.723572	95.376
873.004211	95.401
879.330322	95.428
885.702332	95.456
892.120483	95.485
898.585144	95.515
905.096680	95.547
911.655396	95.580
918.261597	95.614
924.915710	95.649
931.618042	95.685
938.368896	95.723
945.168762	95.762
952.017822	95.803
958.916504	95.845
965.865234	95.888
972.864319	95.932
979.914062	95.977
987.014954	96.023
994.167236	96.067
1001.371399	96.106
1008.627747	96.139
1015.936646	96.167
1023.298584	96.195
1030.713867	96.223
1038.182739	96.251
1045.705933	96.279
1053.283447	96.307
1060.916016	96.335
1068.603882	96.362
1076.347412	96.389
1084.147095	96.415
1092.003296	96.442
1099.916382	96.468
1107.886841	96.495
1115.915039	96.521
1124.001343	96.548
1132.146362	96.574
1140.350342	96.601
1148.613770	96.628
1156.937134	96.656
1165.320801	96.683
1173.765137	96.711
1182.270752	96.739
1190.838013	96.768
1199.467285	96.796
1208.159180	96.823
1216.913940	96.850
1225.732178	96.876
1234.614380	96.901
1243.560913	96.928
1252.572266	96.960
1261.648926	96.998
1270.791382	97.040
1280.000000	97.081
1289.275391	97.122
1298.618042	97.161
1308.028320	97.198
1317.506836	97.236
1327.054077	97.272
1336.670410	97.306
1346.356567	97.339
1356.112793	97.372
1365.939697	97.404
1375.837891	97.435
1385.807739	97.466
1395.849854	97.497
1405.964844	97.527
1416.152954	97.557
1426.415039	97.586
1436.751465	97.615
1447.162720	97.643
1457.649414	97.671
1468.212158	97.698
1478.851440	97.726
1489.567871	97.754
1500.361816	97.783
1511.234131	97.813
1522.185059	97.843
1533.215454	97.874
1544.325806	97.904
1555.516602	97.936
1566.788574	97.969
1578.142090	98.002
1589.578003	98.037
1601.096680	98.075
1612.698975	98.116
1624.385254	98.158
1636.156250	98.201
1648.012451	98.245
1659.954590	98.290
1671.983398	98.337
1684.099243	98.385
1696.302856	98.432
1708.594971	98.479
1720.976196	98.527
1733.447144	98.575
1746.008423	98.623
1758.660645	98.670
1771.404663	98.717
1784.240967	98.763
1797.170288	98.809
1810.193359	98.853
1823.310791	98.896
1836.523193	98.938
1849.831421	98.979
1863.236084	99.018
1876.737793	99.055
1890.337524	99.090
1904.035645	99.124
1917.833008	99.156
1931.730469	99.187
1945.728638	99.216
1959.828125	99.243
1974.029907	99.268
1988.334473	99.293
2002.742798	99.317
2017.255493	99.340
2031.873291	99.363
2046.597168	99.385
2061.427734	99.406
2076.365479	99.426
2091.411865	99.446
2106.566895	99.465
2121.832031	99.484
2137.207764	99.503
2152.694824	99.523
2168.294189	99.542
2184.006592	99.561
2199.832764	99.581
2215.773682	99.602
2231.830078	99.623
2248.002686	99.644
2264.292725	99.666
2280.700684	99.689
2297.227539	99.712
2313.874268	99.736
2330.641602	99.763
2347.530273	99.791
2364.541504	99.819
2381.676025	99.849
2398.934570	99.879
2416.318359	99.910
2433.827881	99.943
2451.464355	99.977
2469.228760	100.012
2487.121826	100.048
2505.144531	100.084
2523.297852	100.120
2541.582764	100.156
2560.000000	100.193
2578.550781	100.228
2597.236084	100.260
2616.056641	100.290
2635.013672	100.317
2654.108154	100.339
2673.340820	100.357
2692.713135	100.367
2712.225586	100.370
2731.879395	100.364
2751.675781	100.349
2771.615479	100.325
2791.699707	100.293
2811.929688	100.252
2832.305908	100.205
2852.830078	100.153
2873.502930	100.099
2894.325439	100.046
2915.298828	99.998
2936.424316	99.956
2957.702881	99.923
2979.135742	99.900
3000.723633	99.889
3022.468262	99.890
3044.370117	99.903
3066.430908	99.927
3088.651611	99.959
3111.033203	99.999
3133.577148	100.047
3156.284180	100.102
3179.156006	100.163
3202.193359	100.227
3225.397949	100.291
3248.770508	100.355
3272.312500	100.417
3296.024902	100.476
3319.909180	100.533
3343.966797	100.586
3368.198486	100.635
3392.605713	100.680
3417.189941	100.721
3441.952393	100.757
3466.894287	100.787
3492.016846	100.811
3517.321289	100.828
3542.809326	100.838
3568.481934	100.838
3594.340576	100.828
3620.386719	100.807
3646.621582	100.774
3673.046387	100.729
3699.662842	100.674
3726.472168	100.611
3753.475586	100.542
3780.675049	100.468
3808.071289	100.392
3835.666016	100.314
3863.460938	100.237
3891.457275	100.160
3919.656250	100.084
3948.059814	100.009
3976.668945	99.934
4005.485596	99.853
4034.510986	99.768
4063.746582	99.679
4093.194336	99.592
4122.855469	99.505
4152.730957	99.421
4182.823730	99.340
4213.133789	99.261
4243.664062	99.186
4274.415527	99.114
4305.389648	99.045
4336.588379	98.981
4368.013184	98.922
4399.665527	98.868
4431.547363	98.820
4463.660156	98.778
4496.005371	98.743
4528.585449	98.717
4561.401367	98.699
4594.455078	98.691
4627.748535	98.692
4661.283203	98.704
4695.060547	98.727
4729.083008	98.762
4763.352051	98.808
4797.869141	98.864
4832.636719	98.928
4867.655762	98.998
4902.928711	99.071
4938.457520	99.144
4974.243652	99.214
5010.289062	99.281
5046.595703	99.342
5083.165527	99.394
5120.000000	99.436
5157.101562	99.468
5194.472168	99.491
5232.113281	99.507
5270.027344	99.517
5308.216309	99.524
5346.681641	99.528
5385.426270	99.532
5424.451172	99.539
5463.758789	99.548
5503.351562	99.559
5543.230957	99.575
5583.399414	99.595
5623.859375	99.621
5664.611816	99.651
5705.660156	99.685
5747.005859	99.723
5788.650879	99.763
5830.597656	99.804
5872.848633	99.842
5915.405762	99.878
5958.271484	99.914
6001.447266	99.960
6044.936523	100.021
6088.740234	100.085
6132.861816	100.138
6177.303223	100.179
6222.066406	100.211
6267.154297	100.233
6312.568359	100.242
6358.312012	100.235
6404.386719	100.214
6450.795898	100.178
6497.541016	100.129
6544.625000	100.065
6592.049805	99.986
6639.818359	99.891
6687.933594	99.783
6736.396973	99.663
6785.211426	99.532
6834.379883	99.392
6883.904785	99.246
6933.788574	99.094
6984.033691	98.941
7034.642578	98.788
7085.618652	98.639
7136.963867	98.498
7188.681152	98.366
7240.773438	98.247
7293.243164	98.141
7346.092773	98.049
7399.325684	97.975
7452.944336	97.919
7506.951172	97.883
7561.350098	97.864
7616.142578	97.855
7671.332031	97.850
7726.921875	97.849
7782.914551	97.860
7839.312500	97.894
7896.119629	97.955
7953.337891	98.038
8010.971191	98.124
8069.021973	98.191
8127.493164	98.219
8186.388672	98.213
8245.710938	98.195
8305.461914	98.196
8365.647461	98.238
8426.267578	98.330
8487.328125	98.474
8548.831055	98.663
8610.779297	98.891
8673.176758	99.147
8736.026367	99.418
8799.331055	99.690
8863.094727	99.942
8927.320312	100.149
8992.010742	100.284
9057.170898	100.322
9122.802734	100.247
9188.910156	100.052
9255.497070	99.746
9322.566406	99.351
9390.121094	98.895
9458.166016	98.407
9526.704102	97.916
9595.738281	97.442
9665.273438	97.000
9735.311523	96.598
9805.857422	96.236
9876.915039	95.915
9948.487305	95.634
10020.578125	95.390
10093.191406	95.180
10166.331055	94.999
10240.000000	94.844
10314.203125	94.710
10388.944336	94.596
10464.226562	94.498
10540.054688	94.413
10616.432617	94.340
10693.363281	94.274
10770.852539	94.213
10848.902344	94.153
10927.517578	94.097
11006.703125	94.048
11086.461914	94.006
11166.798828	93.971
11247.718750	93.943
11329.223633	93.924
11411.320312	93.913
11494.011719	93.910
11577.301758	93.916
11661.195312	93.931
11745.697266	93.957
11830.811523	93.993
11916.542969	94.038
12002.894531	94.094
12089.873047	94.160
12177.480469	94.237
12265.723633	94.325
12354.606445	94.425
12444.132812	94.542
12534.308594	94.671
12625.136719	94.810
12716.624023	94.952
12808.773438	95.089
12901.591797	95.217
12995.082031	95.348
13089.250000	95.558
13184.099609	95.923
13279.636719	96.318
13375.867188	96.557
13472.793945	96.633
13570.422852	96.620
13668.759766	96.561
13767.809570	96.473
13867.577148	96.362
13968.067383	96.235
14069.285156	96.097
14171.237305	95.957
14273.927734	95.823
14377.362305	95.704
14481.546875	95.610
14586.486328	95.544
14692.185547	95.511
14798.651367	95.514
14905.888672	95.557
15013.902344	95.639
15122.700195	95.758
15232.285156	95.909
15342.664062	96.086
15453.843750	96.277
15565.829102	96.469
15678.625000	96.644
15792.239258	96.784
15906.675781	96.881
16021.942383	96.951
16138.043945	97.008
16254.986328	97.047
16372.777344	97.077
16491.421875	97.123
16610.923828	97.205
16731.294922	97.323
16852.535156	97.459
16974.656250	97.572
17097.662109	97.619
17221.558594	97.579
17346.353516	97.450
17472.052734	97.251
17598.662109	97.026
17726.189453	96.822
17854.640625	96.680
17984.021484	96.627
18114.341797	96.666
18245.605469	96.788
18377.820312	96.999
18510.994141	97.306
18645.132812	97.660
18780.242188	97.950
18916.332031	98.003
19053.408203	97.623
19191.476562	96.684
19330.546875	95.283
19470.623047	93.796
19611.714844	92.794
19753.830078	92.370
19896.974609	92.012
