20.144928	104.648
20.290907	104.644
20.437943	104.641
20.586044	104.636
20.735220	104.629
20.885475	104.622
21.036821	104.615
21.189262	104.607
21.342808	104.600
21.497467	104.594
21.653246	104.587
21.810154	104.581
21.968201	104.576
22.127390	104.570
22.287735	104.565
22.449242	104.560
22.611917	104.555
22.775772	104.550
22.940815	104.545
23.107054	104.539
23.274498	104.533
23.443153	104.527
23.613033	104.521
23.784142	104.514
23.956491	104.506
24.130091	104.498
24.304947	104.490
24.481071	104.481
24.658470	104.472
24.837156	104.464
25.017136	104.455
25.198421	104.447
25.381020	104.438
25.564941	104.430
25.750195	104.422
25.936790	104.414
26.124741	104.406
26.314051	104.397
26.504732	104.388
26.696796	104.379
26.890253	104.370
27.085112	104.360
27.281382	104.351
27.479073	104.341
27.678198	104.331
27.878765	104.322
28.080786	104.312
28.284271	104.302
28.489231	104.292
28.695675	104.282
28.903616	104.271
29.113064	104.260
29.324028	104.248
29.536524	104.237
29.750557	104.225
29.966141	104.213
30.183289	104.202
30.402010	104.190
30.622314	104.179
30.844217	104.167
31.067726	104.155
31.292856	104.142
31.519617	104.129
31.748020	104.116
31.978081	104.102
32.209808	104.089
32.443211	104.075
32.678310	104.062
32.915108	104.049
33.153625	104.036
33.393871	104.022
33.635857	104.009
33.879597	103.994
34.125103	103.979
34.372387	103.963
34.621464	103.946
34.872345	103.930
35.125042	103.915
35.379574	103.900
35.635948	103.886
35.894180	103.873
36.154285	103.859
36.416275	103.845
36.680161	103.830
36.945961	103.814
37.213688	103.798
37.483353	103.782
37.754974	103.766
38.028561	103.750
38.304131	103.734
38.581699	103.718
38.861279	103.702
39.142883	103.686
39.426529	103.669
39.712231	103.652
40.000000	103.636
40.289856	103.619
40.581814	103.603
40.875885	103.586
41.172089	103.569
41.470440	103.552
41.770950	103.535
42.073643	103.517
42.378525	103.500
42.685616	103.482
42.994934	103.464
43.306492	103.446
43.620308	103.428
43.936401	103.409
44.254780	103.390
44.575470	103.370
44.898483	103.351
45.223835	103.331
45.551544	103.311
45.881630	103.290
46.214108	103.270
46.548996	103.250
46.886307	103.230
47.226067	103.209
47.568283	103.189
47.912983	103.169
48.260181	103.150
48.609894	103.130
48.962143	103.109
49.316940	103.087
49.674313	103.062
50.034271	103.036
50.396843	103.011
50.762039	102.985
51.129883	102.961
51.500389	102.935
51.873581	102.908
52.249481	102.879
52.628101	102.850
53.009464	102.822
53.393593	102.797
53.780506	102.773
54.170223	102.750
54.562763	102.726
54.958145	102.701
55.356396	102.677
55.757530	102.654
56.161572	102.631
56.568542	102.608
56.978462	102.584
57.391350	102.558
57.807232	102.532
58.226128	102.506
58.648056	102.479
59.073048	102.450
59.501114	102.420
59.932281	102.388
60.366577	102.358
60.804020	102.328
61.244629	102.299
61.688435	102.268
62.135452	102.235
62.585712	102.203
63.039234	102.171
63.496040	102.142
63.956161	102.114
64.419617	102.085
64.886421	102.056
65.356621	102.028
65.830215	102.000
66.307251	101.972
66.787743	101.943
67.271713	101.914
67.759193	101.886
68.250206	101.857
68.744774	101.828
69.242928	101.799
69.744690	101.769
70.250084	101.739
70.759148	101.709
71.271896	101.680
71.788361	101.650
72.308571	101.620
72.832550	101.589
73.360321	101.559
73.891922	101.528
74.427376	101.498
74.966705	101.467
75.509949	101.436
76.057121	101.405
76.608261	101.374
77.163399	101.342
77.722557	101.311
78.285767	101.279
78.853058	101.247
79.424461	101.215
80.000000	101.182
80.579712	101.149
81.163628	101.114
81.751770	101.079
82.344177	101.044
82.940880	101.009
83.541901	100.974
84.147285	100.939
84.757050	100.903
85.371231	100.867
85.989868	100.831
86.612984	100.795
87.240616	100.759
87.872803	100.723
88.509560	100.687
89.150940	100.651
89.796967	100.614
90.447670	100.578
91.103088	100.541
91.763260	100.504
92.428215	100.467
93.097992	100.431
93.772614	100.394
94.452133	100.357
95.136566	100.320
95.825966	100.283
96.520363	100.246
97.219788	100.208
97.924286	100.171
98.633881	100.133
99.348625	100.096
100.068542	100.058
100.793686	100.020
101.524078	99.981
102.259766	99.943
103.000778	99.904
103.747162	99.865
104.498962	99.825
105.256203	99.785
106.018929	99.746
106.787186	99.706
107.561012	99.666
108.340446	99.626
109.125526	99.585
109.916290	99.545
110.712791	99.504
111.515060	99.464
112.323143	99.423
113.137085	99.382
113.956924	99.342
114.782700	99.301
115.614464	99.260
116.452255	99.218
117.296112	99.177
118.146095	99.136
119.002228	99.095
119.864563	99.054
120.733154	99.013
121.608040	98.972
122.489258	98.931
123.376869	98.891
124.270905	98.851
125.171425	98.813
126.078468	98.777
126.992081	98.743
127.912323	98.710
128.839233	98.676
129.772842	98.642
130.713242	98.609
131.660431	98.574
132.614502	98.540
133.575485	98.506
134.543427	98.472
135.518387	98.438
136.500412	98.404
137.489548	98.370
138.485855	98.336
139.489380	98.302
140.500168	98.269
141.518295	98.235
142.543793	98.202
143.576721	98.169
144.617142	98.136
145.665100	98.103
146.720642	98.070
147.783844	98.037
148.854752	98.003
149.933411	97.969
151.019897	97.935
152.114243	97.901
153.216522	97.867
154.326797	97.832
155.445114	97.798
156.571533	97.764
157.706116	97.730
158.848923	97.695
160.000000	97.660
161.159424	97.623
162.327255	97.584
163.503540	97.546
164.688354	97.509
165.881760	97.472
167.083801	97.435
168.294571	97.398
169.514099	97.361
170.742462	97.323
171.979736	97.285
173.225967	97.245
174.481232	97.204
175.745605	97.164
177.019119	97.122
178.301880	97.081
179.593933	97.040
180.895340	96.998
182.206177	96.956
183.526520	96.914
184.856430	96.872
186.195984	96.831
187.545227	96.789
188.904266	96.748
190.273132	96.707
191.651932	96.666
193.040726	96.624
194.439575	96.584
195.848572	96.543
197.267761	96.503
198.697250	96.463
200.137085	96.425
201.587372	96.388
203.048157	96.353
204.519531	96.318
206.001556	96.285
207.494324	96.252
208.997925	96.219
210.512405	96.186
212.037857	96.153
213.574371	96.120
215.122025	96.087
216.680893	96.054
218.251053	96.021
219.832581	95.987
221.425583	95.954
223.030121	95.922
224.646286	95.891
226.274170	95.862
227.913849	95.834
229.565399	95.808
231.228928	95.783
232.904510	95.761
234.592224	95.741
236.292191	95.723
238.004456	95.705
239.729126	95.689
241.466309	95.672
243.216080	95.655
244.978516	95.638
246.753738	95.619
248.541809	95.599
250.342850	95.578
252.156937	95.555
253.984161	95.530
255.824646	95.505
257.678467	95.478
259.545685	95.451
261.426483	95.423
263.320862	95.394
265.229004	95.365
267.150970	95.334
269.086853	95.302
271.036774	95.270
273.000824	95.238
274.979095	95.205
276.971710	95.172
278.978760	95.139
281.000336	95.106
283.036591	95.074
285.087585	95.042
287.153442	95.010
289.234283	94.979
291.330200	94.948
293.441284	94.917
295.567688	94.886
297.709503	94.855
299.866821	94.825
302.039795	94.795
304.228485	94.765
306.433044	94.736
308.653595	94.707
310.890228	94.679
313.143066	94.652
315.412231	94.627
317.697845	94.606
320.000000	94.587
322.318848	94.569
324.654510	94.552
327.007080	94.537
329.376709	94.522
331.763519	94.508
334.167603	94.496
336.589142	94.484
339.028198	94.472
341.484924	94.461
343.959473	94.450
346.451935	94.438
348.962463	94.427
351.491211	94.415
354.038239	94.403
356.603760	94.390
359.187866	94.378
361.790680	94.365
364.412354	94.354
367.053040	94.342
369.712860	94.332
372.391968	94.322
375.090454	94.313
377.808533	94.304
380.546265	94.296
383.303864	94.289
386.081451	94.282
388.879150	94.277
391.697144	94.272
394.535522	94.268
397.394501	94.264
400.274170	94.261
403.174744	94.258
406.096313	94.254
409.039062	94.250
412.003113	94.245
414.988647	94.241
417.995850	94.236
421.024811	94.232
424.075714	94.228
427.148743	94.224
430.244049	94.221
433.361786	94.217
436.502106	94.214
439.665161	94.212
442.851166	94.210
446.060242	94.208
449.292572	94.206
452.548340	94.204
455.827698	94.203
459.130798	94.201
462.457855	94.200
465.809021	94.200
469.184448	94.199
472.584381	94.199
476.008911	94.200
479.458252	94.201
482.932617	94.202
486.432159	94.205
489.957031	94.208
493.507477	94.211
497.083618	94.215
500.685699	94.220
504.313873	94.226
507.968323	94.232
511.649292	94.239
515.356934	94.246
519.091370	94.254
522.852966	94.261
526.641724	94.269
530.458008	94.278
534.301941	94.286
538.173706	94.294
542.073547	94.303
546.001648	94.311
549.958191	94.320
553.943420	94.329
557.957520	94.339
562.000671	94.348
566.073181	94.358
570.175171	94.368
574.306885	94.379
578.468567	94.389
582.660400	94.399
586.882568	94.410
591.135376	94.420
595.419006	94.431
599.733643	94.443
604.079590	94.454
608.456970	94.465
612.866089	94.477
617.307190	94.488
621.780457	94.500
626.286133	94.512
630.824463	94.526
635.395691	94.542
640.000000	94.560
644.637695	94.577
649.309021	94.595
654.014160	94.614
658.753418	94.632
663.527039	94.650
668.335205	94.669
673.178284	94.687
678.056396	94.706
682.969849	94.725
687.918945	94.744
692.903870	94.763
697.924927	94.783
702.982422	94.803
708.076477	94.823
713.207520	94.844
718.375732	94.864
723.581360	94.885
728.824707	94.907
734.106079	94.929
739.425720	94.951
744.783936	94.973
750.180908	94.996
755.617065	95.020
761.092529	95.043
766.607727	95.068
772.162903	95.092
777.758301	95.117
783.394287	95.142
789.071045	95.168
794.789001	95.194
800.548340	95.218
806.349487	95.241
812.192627	95.264
818.078125	95.287
824.006226	95.311
829.977295	95.337
835.991699	95.364
842.049622	95.392
848.151428	95.422
854.297485	95.454
860.488098	95.488
866.723572	95.523
873.004211	95.561
879.330322	95.600
885.702332	95.642
892.120483	95.685
898.585144	95.731
905.096680	95.779
911.655396	95.828
918.261597	95.880
924.915710	95.934
931.618042	95.990
938.368896	96.047
945.168762	96.106
952.017822	96.166
958.916504	96.228
965.865234	96.292
972.864319	96.357
979.914062	96.423
987.014954	96.491
994.167236	96.556
1001.371399	96.617
1008.627747	96.671
1015.936646	96.722
1023.298584	96.772
1030.713867	96.823
1038.182739	96.874
1045.705933	96.926
1053.283447	96.979
1060.916016	97.032
1068.603882	97.085
1076.347412	97.137
1084.147095	97.189
1092.003296	97.242
1099.916382	97.294
1107.886841	97.345
1115.915039	97.396
1124.001343	97.446
1132.146362	97.495
1140.350342	97.542
1148.613770	97.589
1156.937134	97.635
1165.320801	97.680
1173.765137	97.724
1182.270752	97.766
1190.838013	97.806
1199.467285	97.845
1208.159180	97.883
1216.913940	97.920
1225.732178	97.955
1234.614380	97.989
1243.560913	98.024
1252.572266	98.063
1261.648926	98.108
1270.791382	98.156
1280.000000	98.203
1289.275391	98.250
1298.618042	98.295
1308.028320	98.340
1317.506836	98.383
1327.054077	98.426
1336.670410	98.468
1346.356567	98.509
1356.112793	98.549
1365.939697	98.588
1375.837891	98.627
1385.807739	98.665
1395.849854	98.702
1405.964844	98.738
1416.152954	98.773
1426.415039	98.808
1436.751465	98.843
1447.162720	98.878
1457.649414	98.912
1468.212158	98.946
1478.851440	98.981
1489.567871	99.015
1500.361816	99.050
1511.234131	99.084
1522.185059	99.120
1533.215454	99.155
1544.325806	99.190
1555.516602	99.226
1566.788574	99.263
1578.142090	99.301
1589.578003	99.339
1601.096680	99.379
1612.698975	99.421
1624.385254	99.465
1636.156250	99.511
1648.012451	99.557
1659.954590	99.604
1671.983398	99.653
1684.099243	99.702
1696.302856	99.753
1708.594971	99.804
1720.976196	99.856
1733.447144	99.909
1746.008423	99.963
1758.660645	100.018
1771.404663	100.074
1784.240967	100.130
1797.170288	100.187
1810.193359	100.244
1823.310791	100.302
1836.523193	100.360
1849.831421	100.418
1863.236084	100.477
1876.737793	100.535
1890.337524	100.593
1904.035645	100.651
1917.833008	100.708
1931.730469	100.765
1945.728638	100.821
1959.828125	100.875
1974.029907	100.928
1988.334473	100.980
2002.742798	101.030
2017.255493	101.080
2031.873291	101.127
2046.597168	101.172
2061.427734	101.214
2076.365479	101.254
2091.411865	101.290
2106.566895	101.323
2121.832031	101.353
2137.207764	101.379
2152.694824	101.401
2168.294189	101.420
2184.006592	101.435
2199.832764	101.446
2215.773682	101.452
2231.830078	101.455
2248.002686	101.453
2264.292725	101.447
2280.700684	101.438
2297.227539	101.425
2313.874268	101.408
2330.641602	101.388
2347.530273	101.364
2364.541504	101.338
2381.676025	101.309
2398.934570	101.277
2416.318359	101.243
2433.827881	101.207
2451.464355	101.169
2469.228760	101.130
2487.121826	101.091
2505.144531	101.051
2523.297852	101.010
2541.582764	100.969
2560.000000	100.929
2578.550781	100.889
2597.236084	100.850
2616.056641	100.813
2635.013672	100.777
2654.108154	100.742
2673.340820	100.709
2692.713135	100.678
2712.225586	100.651
2731.879395	100.626
2751.675781	100.604
2771.615479	100.585
2791.699707	100.571
2811.929688	100.561
2832.305908	100.555
2852.830078	100.555
2873.502930	100.561
2894.325439	100.572
2915.298828	100.590
2936.424316	100.615
2957.702881	100.647
2979.135742	100.686
3000.723633	100.732
3022.468262	100.785
3044.370117	100.844
3066.430908	100.908
3088.651611	100.976
3111.033203	101.047
3133.577148	101.121
3156.284180	101.197
3179.156006	101.274
3202.193359	101.350
3225.397949	101.421
3248.770508	101.486
3272.312500	101.544
3296.024902	101.592
3319.909180	101.631
3343.966797	101.659
3368.198486	101.674
3392.605713	101.677
3417.189941	101.668
3441.952393	101.647
3466.894287	101.614
3492.016846	101.569
3517.321289	101.513
3542.809326	101.449
3568.481934	101.377
3594.340576	101.298
3620.386719	101.216
3646.621582	101.131
3673.046387	101.047
3699.662842	100.964
3726.472168	100.886
3753.475586	100.813
3780.675049	100.749
3808.071289	100.695
3835.666016	100.650
3863.460938	100.618
3891.457275	100.598
3919.656250	100.591
3948.059814	100.596
3976.668945	100.612
4005.485596	100.634
4034.510986	100.661
4063.746582	100.693
4093.194336	100.734
4122.855469	100.783
4152.730957	100.838
4182.823730	100.897
4213.133789	100.960
4243.664062	101.025
4274.415527	101.090
4305.389648	101.154
4336.588379	101.215
4368.013184	101.274
4399.665527	101.328
4431.547363	101.376
4463.660156	101.419
4496.005371	101.455
4528.585449	101.484
4561.401367	101.505
4594.455078	101.518
4627.748535	101.523
4661.283203	101.521
4695.060547	101.511
4729.083008	101.492
4763.352051	101.467
4797.869141	101.434
4832.636719	101.394
4867.655762	101.349
4902.928711	101.298
4938.457520	101.242
4974.243652	101.183
5010.289062	101.124
5046.595703	101.064
5083.165527	101.004
5120.000000	100.943
5157.101562	100.882
5194.472168	100.822
5232.113281	100.762
5270.027344	100.705
5308.216309	100.648
5346.681641	100.594
5385.426270	100.543
5424.451172	100.495
5463.758789	100.450
5503.351562	100.410
5543.230957	100.374
5583.399414	100.342
5623.859375	100.316
5664.611816	100.296
5705.660156	100.282
5747.005859	100.274
5788.650879	100.273
5830.597656	100.278
5872.848633	100.291
5915.405762	100.310
5958.271484	100.337
6001.447266	100.371
6044.936523	100.412
6088.740234	100.460
6132.861816	100.516
6177.303223	100.578
6222.066406	100.646
6267.154297	100.719
6312.568359	100.794
6358.312012	100.870
6404.386719	100.949
6450.795898	101.031
6497.541016	101.116
6544.625000	101.202
6592.049805	101.288
6639.818359	101.374
6687.933594	101.457
6736.396973	101.535
6785.211426	101.608
6834.379883	101.675
6883.904785	101.732
6933.788574	101.781
6984.033691	101.820
7034.642578	101.850
7085.618652	101.871
7136.963867	101.884
7188.681152	101.892
7240.773438	101.896
7293.243164	101.895
7346.092773	101.891
7399.325684	101.883
7452.944336	101.870
7506.951172	101.853
7561.350098	101.833
7616.142578	101.811
7671.332031	101.789
7726.921875	101.768
7782.914551	101.750
7839.312500	101.731
7896.119629	101.709
7953.337891	101.682
8010.971191	101.647
8069.021973	101.599
8127.493164	101.532
8186.388672	101.440
8245.710938	101.316
8305.461914	101.157
8365.647461	100.957
8426.267578	100.714
8487.328125	100.427
8548.831055	100.096
8610.779297	99.725
8673.176758	99.318
8736.026367	98.883
8799.331055	98.427
8863.094727	97.957
8927.320312	97.481
8992.010742	97.005
9057.170898	96.535
9122.802734	96.077
9188.910156	95.635
9255.497070	95.212
9322.566406	94.810
9390.121094	94.430
9458.166016	94.075
9526.704102	93.747
9595.738281	93.450
9665.273438	93.179
9735.311523	92.933
9805.857422	92.712
9876.915039	92.516
9948.487305	92.347
10020.578125	92.204
10093.191406	92.087
10166.331055	91.992
10240.000000	91.916
10314.203125	91.856
10388.944336	91.809
10464.226562	91.772
10540.054688	91.744
10616.432617	91.723
10693.363281	91.709
10770.852539	91.704
10848.902344	91.709
10927.517578	91.730
11006.703125	91.768
11086.461914	91.825
11166.798828	91.904
11247.718750	92.003
11329.223633	92.122
11411.320312	92.261
11494.011719	92.414
11577.301758	92.579
11661.195312	92.751
11745.697266	92.925
11830.811523	93.092
11916.542969	93.244
12002.894531	93.368
12089.873047	93.450
12177.480469	93.478
12265.723633	93.452
12354.606445	93.392
12444.132812	93.317
12534.308594	93.236
12625.136719	93.150
12716.624023	93.069
12808.773438	93.002
12901.591797	92.960
12995.082031	92.949
13089.250000	92.974
13184.099609	93.040
13279.636719	93.151
13375.867188	93.309
13472.793945	93.512
13570.422852	93.758
13668.759766	94.040
13767.809570	94.350
13867.577148	94.677
13968.067383	95.009
14069.285156	95.333
14171.237305	95.641
14273.927734	95.928
14377.362305	96.197
14481.546875	96.452
14586.486328	96.697
14692.185547	96.939
14798.651367	97.187
14905.888672	97.451
15013.902344	97.742
15122.700195	98.065
15232.285156	98.423
15342.664062	98.813
15453.843750	99.224
15565.829102	99.637
15678.625000	100.028
15792.239258	100.373
15906.675781	100.657
16021.942383	100.878
16138.043945	101.018
16254.986328	101.041
16372.777344	100.932
16491.421875	100.713
16610.923828	100.427
16731.294922	100.117
16852.535156	99.800
16974.656250	99.468
17097.662109	99.083
17221.558594	98.596
17346.353516	97.966
17472.052734	97.176
17598.662109	96.242
17726.189453	95.206
17854.640625	94.122
17984.021484	93.032
18114.341797	91.957
18245.605469	90.879
18377.820312	89.719
18510.994141	88.345
18645.132812	86.908
18780.242188	87.096
18916.332031	89.587
19053.408203	91.822
19191.476562	93.057
19330.546875	93.655
19470.623047	93.904
19611.714844	93.870
19753.830078	93.548
19896.974609	93.055
