20.290907	103.599	-22.4755
20.437943	103.597	-22.6756
20.586044	103.594	-22.8519
20.735220	103.590	-23.0125
20.885475	103.586	-23.1726
21.036821	103.582	-23.3399
21.189262	103.578	-23.5256
21.342808	103.575	-23.7313
21.497467	103.570	-23.9567
21.653246	103.565	-24.2061
21.810154	103.558	-24.4761
21.968201	103.549	-24.7638
22.127390	103.539	-25.0724
22.287735	103.527	-25.3889
22.449242	103.514	-25.7088
22.611917	103.500	-26.0239
22.775772	103.486	-26.3324
22.940815	103.473	-26.6295
23.107054	103.460	-26.9208
23.274498	103.449	-27.2037
23.443153	103.439	-27.4761
23.613033	103.431	-27.7424
23.784142	103.425	-28.0037
23.956491	103.420	-28.2647
24.130091	103.415	-28.5345
24.304947	103.412	-28.8117
24.481071	103.407	-29.0945
24.658470	103.403	-29.3844
24.837156	103.397	-29.6811
25.017136	103.391	-29.9865
25.198421	103.383	-30.3021
25.381020	103.373	-30.6232
25.564941	103.363	-30.9465
25.750195	103.352	-31.2709
25.936790	103.340	-31.5935
26.124741	103.328	-31.9213
26.314051	103.315	-32.2480
26.504732	103.301	-32.5701
26.696796	103.288	-32.8866
26.890253	103.275	-33.1969
27.085112	103.261	-33.5057
27.281382	103.248	-33.8126
27.479073	103.234	-34.1150
27.678198	103.220	-34.4139
27.878765	103.205	-34.7101
28.080786	103.190	-35.0103
28.284271	103.175	-35.3152
28.489231	103.160	-35.6222
28.695675	103.143	-35.9314
28.903616	103.127	-36.2420
29.113064	103.110	-36.5595
29.324028	103.092	-36.8800
29.536524	103.075	-37.1998
29.750557	103.057	-37.5169
29.966141	103.040	-37.8306
30.183289	103.024	-38.1426
30.402010	103.009	-38.4519
30.622314	102.995	-38.7593
30.844217	102.982	-39.0660
31.067726	102.970	-39.3782
31.292856	102.958	-39.6981
31.519617	102.947	-40.0245
31.748020	102.936	-40.3579
31.978081	102.925	-40.6980
32.209808	102.913	-41.0463
32.443211	102.900	-41.3990
32.678310	102.887	-41.7529
32.915108	102.872	-42.1059
33.153625	102.857	-42.4585
33.393871	102.841	-42.8081
33.635857	102.825	-43.1534
33.879597	102.808	-43.4940
34.125103	102.791	-43.8357
34.372387	102.773	-44.1778
34.621464	102.755	-44.5184
34.872345	102.735	-44.8575
35.125042	102.715	-45.1971
35.379574	102.693	-45.5355
35.635948	102.671	-45.8708
35.894180	102.649	-46.2022
36.154285	102.626	-46.5342
36.416275	102.604	-46.8670
36.680161	102.583	-47.2015
36.945961	102.563	-47.5405
37.213688	102.544	-47.8898
37.483353	102.525	-48.2473
37.754974	102.505	-48.6091
38.028561	102.484	-48.9732
38.304131	102.462	-49.3372
38.581699	102.439	-49.6954
38.861279	102.415	-50.0455
39.142883	102.391	-50.3917
39.426529	102.368	-50.7371
39.712231	102.345	-51.0851
40.000000	102.322	-51.4392
40.289856	102.299	-51.8020
40.581814	102.275	-52.1693
40.875885	102.251	-52.5356
41.172089	102.226	-52.8975
41.470440	102.202	-53.2521
41.770950	102.179	-53.5991
42.073643	102.157	-53.9422
42.378525	102.136	-54.2852
42.685616	102.115	-54.6299
42.994934	102.094	-54.9771
43.306492	102.073	-55.3274
43.620308	102.051	-55.6760
43.936401	102.029	-56.0217
44.254780	102.008	-56.3713
44.575470	101.987	-56.7301
44.898483	101.968	-57.1046
45.223835	101.948	-57.4991
45.551544	101.927	-57.9099
45.881630	101.905	-58.3267
46.214108	101.880	-58.7412
46.548996	101.855	-59.1427
46.886307	101.829	-59.5296
47.226067	101.804	-59.9096
47.568283	101.779	-60.2929
47.912983	101.752	-60.6842
48.260181	101.723	-61.0840
48.609894	101.693	-61.4827
48.962143	101.663	-61.8753
49.316940	101.634	-62.2673
49.674313	101.608	-62.6707
50.034271	101.582	-63.0949
50.396843	101.554	-63.5355
50.762039	101.523	-63.9715
51.129883	101.489	-64.3815
51.500389	101.454	-64.7548
51.873581	101.422	-65.1015
52.249481	101.393	-65.4501
52.628101	101.363	-65.8223
53.009464	101.330	-66.2181
53.393593	101.292	-66.6161
53.780506	101.251	-66.9921
54.170223	101.210	-67.3423
54.562763	101.173	-67.6864
54.958145	101.140	-68.0567
55.356396	101.109	-68.4747
55.757530	101.075	-68.9304
56.161572	101.038	-69.3906
56.568542	100.998	-69.8201
56.978462	100.960	-70.2077
57.391350	100.924	-70.5771
57.807232	100.890	-70.9610
58.226128	100.856	-71.3795
58.648056	100.816	-71.8308
59.073048	100.770	-72.2929
59.501114	100.722	-72.7387
59.932281	100.676	-73.1532
60.366577	100.637	-73.5420
60.804020	100.604	-73.9278
61.244629	100.574	-74.3280
61.688435	100.543	-74.7394
62.135452	100.508	-75.1518
62.585712	100.470	-75.5589
63.039234	100.430	-75.9616
63.496040	100.390	-76.3662
63.956161	100.353	-76.7799
64.419617	100.318	-77.2055
64.886421	100.285	-77.6350
65.356621	100.251	-78.0604
65.830215	100.217	-78.4819
66.307251	100.182	-78.9047
66.787743	100.146	-79.3294
67.271713	100.110	-79.7588
67.759193	100.075	-80.1945
68.250206	100.040	-80.6366
68.744774	100.006	-81.0805
69.242928	99.971	-81.5153
69.744690	99.934	-81.9370
70.250084	99.897	-82.3533
70.759148	99.861	-82.7689
71.271896	99.825	-83.1910
71.788361	99.789	-83.6243
72.308571	99.752	-84.0610
72.832550	99.714	-84.4928
73.360321	99.676	-84.9186
73.891922	99.638	-85.3437
74.427376	99.601	-85.7802
74.966705	99.564	-86.2252
75.509949	99.526	-86.6646
76.057121	99.489	-87.0906
76.608261	99.453	-87.5079
77.163399	99.416	-87.9301
77.722557	99.379	-88.3645
78.285767	99.339	-88.8042
78.853058	99.298	-89.2458
79.424461	99.258	-89.6911
80.000000	99.219	-90.1412
80.579712	99.180	-90.5941
81.163628	99.140	-91.0408
81.751770	99.100	-91.4811
82.344177	99.059	-91.9225
82.940880	99.018	-92.3682
83.541901	98.976	-92.8228
84.147285	98.935	-93.2809
84.757050	98.893	-93.7367
85.371231	98.850	-94.1878
85.989868	98.807	-94.6336
86.612984	98.763	-95.0778
87.240616	98.719	-95.5246
87.872803	98.677	-95.9772
88.509560	98.636	-96.4399
89.150940	98.595	-96.9062
89.796967	98.554	-97.3664
90.447670	98.511	-97.8242
91.103088	98.469	-98.2819
91.763260	98.426	-98.7390
92.428215	98.385	-99.1935
93.097992	98.343	-99.6472
93.772614	98.301	-100.1047
94.452133	98.257	-100.5654
95.136566	98.213	-101.0335
95.825966	98.169	-101.5128
96.520363	98.125	-101.9852
97.219788	98.082	-102.4584
97.924286	98.039	-102.9322
98.633881	97.996	-103.3942
99.348625	97.953	-103.8521
100.068542	97.910	-104.3161
100.793686	97.866	-104.7906
101.524078	97.821	-105.2654
102.259766	97.776	-105.7371
103.000778	97.731	-106.2068
103.747162	97.685	-106.6749
104.498962	97.640	-107.1405
105.256203	97.595	-107.6127
106.018929	97.551	-108.0916
106.787186	97.506	-108.5688
107.561012	97.462	-109.0489
108.340446	97.418	-109.5279
109.125526	97.373	-110.0049
109.916290	97.329	-110.4846
110.712791	97.284	-110.9705
111.515060	97.239	-111.4531
112.323143	97.195	-111.9397
113.137085	97.150	-112.4256
113.956924	97.107	-112.9052
114.782700	97.062	-113.3893
115.614464	97.018	-113.8788
116.452255	96.973	-114.3673
117.296112	96.928	-114.8577
118.146095	96.884	-115.3489
119.002228	96.839	-115.8362
119.864563	96.795	-116.3231
120.733154	96.751	-116.8126
121.608040	96.707	-117.3096
122.489258	96.663	-117.8087
123.376869	96.620	-118.3091
124.270905	96.577	-118.8087
125.171425	96.535	-119.3062
126.078468	96.496	-119.8089
126.992081	96.459	-120.3177
127.912323	96.423	-120.8207
128.839233	96.387	-121.3172
129.772842	96.352	-121.8239
130.713242	96.316	-122.3349
131.660431	96.280	-122.8452
132.614502	96.244	-123.3522
133.575485	96.208	-123.8644
134.543427	96.172	-124.3763
135.518387	96.136	-124.8779
136.500412	96.100	-125.3926
137.489548	96.064	-125.8976
138.485855	96.029	-126.4037
139.489380	95.994	-126.9169
140.500168	95.959	-127.4166
141.518295	95.925	-127.9242
142.543793	95.892	-128.4392
143.576721	95.859	-128.9458
144.617142	95.825	-129.4532
145.665100	95.791	-129.9609
146.720642	95.757	-130.4838
147.783844	95.724	-131.0018
148.854752	95.692	-131.5077
149.933411	95.660	-132.0318
151.019897	95.628	-132.5490
152.114243	95.597	-133.0645
153.216522	95.565	-133.5923
154.326797	95.534	-134.1128
155.445114	95.502	-134.6357
156.571533	95.471	-135.1709
157.706116	95.441	-135.6981
158.848923	95.409	-136.2178
160.000000	95.376	-136.7507
161.159424	95.340	-137.2887
162.327255	95.304	-137.8208
163.503540	95.267	-138.3595
164.688354	95.230	-138.9016
165.881760	95.193	-139.4436
167.083801	95.157	-139.9926
168.294571	95.120	-140.5330
169.514099	95.083	-141.0747
170.742462	95.046	-141.6326
171.979736	95.008	-142.1881
173.225967	94.970	-142.7368
174.481232	94.932	-143.2981
175.745605	94.894	-143.8611
177.019119	94.855	-144.4122
178.301880	94.816	-144.9607
179.593933	94.777	-145.4904
180.895340	94.739	-146.0449
182.206177	94.701	-146.5874
183.526520	94.663	-147.1257
184.856430	94.625	-147.6470
186.195984	94.588	-148.1647
187.545227	94.552	-148.6914
188.904266	94.516	-149.2080
190.273132	94.482	-149.7083
191.651932	94.450	-150.1978
193.040726	94.419	-150.6979
194.439575	94.391	-151.1965
195.848572	94.365	-151.6972
197.267761	94.341	-152.1973
198.697250	94.319	-152.7147
200.137085	94.300	-153.2504
201.587372	94.284	-153.7853
203.048157	94.269	-154.3395
204.519531	94.256	-154.9144
206.001556	94.241	-155.5055
207.494324	94.225	-156.1071
208.997925	94.207	-156.7181
210.512405	94.188	-157.3166
212.037857	94.170	-157.9070
213.574371	94.152	-158.4927
215.122025	94.136	-159.0795
216.680893	94.120	-159.6769
218.251053	94.104	-160.2762
219.832581	94.090	-160.8841
221.425583	94.077	-161.4998
223.030121	94.063	-162.1295
224.646286	94.049	-162.7717
226.274170	94.033	-163.4306
227.913849	94.016	-164.0956
229.565399	93.998	-164.7611
231.228928	93.978	-165.4221
232.904510	93.957	-166.0803
234.592224	93.935	-166.7293
236.292191	93.913	-167.3734
238.004456	93.891	-168.0094
239.729126	93.870	-168.6365
241.466309	93.848	-169.2588
243.216080	93.828	-169.8845
244.978516	93.808	-170.5167
246.753738	93.788	-171.1266
248.541809	93.768	-171.7251
250.342850	93.748	-172.3526
252.156937	93.727	-172.9780
253.984161	93.707	-173.5952
255.824646	93.686	-174.2202
257.678467	93.666	-174.8313
259.545685	93.647	-175.4551
261.426483	93.627	-176.0748
263.320862	93.608	-176.6900
265.229004	93.590	-177.3071
267.150970	93.572	-177.9260
269.086853	93.555	-178.5513
271.036774	93.539	-179.1684
273.000824	93.525	-179.7877
274.979095	93.511	179.5810
276.971710	93.499	178.9617
278.978760	93.487	178.3341
281.000336	93.474	177.7042
283.036591	93.460	177.0617
285.087585	93.447	176.4010
287.153442	93.433	175.7482
289.234283	93.419	175.0678
291.330200	93.406	174.4240
293.441284	93.393	173.7569
295.567688	93.380	173.1123
297.709503	93.367	172.4686
299.866821	93.355	171.7994
302.039795	93.344	171.1362
304.228485	93.333	170.4973
306.433044	93.322	169.8419
308.653595	93.312	169.1772
310.890228	93.301	168.5107
313.143066	93.292	167.8531
315.412231	93.285	167.1778
317.697845	93.280	166.5398
320.000000	93.276	165.8518
322.318848	93.274	165.2027
324.654510	93.272	164.5368
327.007080	93.270	163.8821
329.376709	93.269	163.2035
331.763519	93.269	162.5447
334.167603	93.269	161.8876
336.589142	93.270	161.2166
339.028198	93.271	160.5553
341.484924	93.272	159.8850
343.959473	93.274	159.2208
346.451935	93.276	158.5522
348.962463	93.279	157.8791
351.491211	93.281	157.2094
354.038239	93.284	156.5181
356.603760	93.287	155.8567
359.187866	93.290	155.1805
361.790680	93.293	154.4984
364.412354	93.297	153.8315
367.053040	93.301	153.1344
369.712860	93.305	152.4623
372.391968	93.309	151.7935
375.090454	93.314	151.0981
377.808533	93.319	150.4124
380.546265	93.325	149.7406
383.303864	93.330	149.0408
386.081451	93.336	148.3653
388.879150	93.343	147.6795
391.697144	93.349	146.9894
394.535522	93.356	146.3183
397.394501	93.364	145.6390
400.274170	93.372	144.9427
403.174744	93.379	144.2610
406.096313	93.386	143.5693
409.039062	93.393	142.8773
412.003113	93.401	142.1813
414.988647	93.409	141.4966
417.995850	93.417	140.8035
421.024811	93.426	140.1314
424.075714	93.435	139.4354
427.148743	93.445	138.7316
430.244049	93.454	138.0272
433.361786	93.464	137.3356
436.502106	93.473	136.6442
439.665161	93.483	135.9590
442.851166	93.493	135.2596
446.060242	93.503	134.5669
449.292572	93.513	133.8693
452.548340	93.524	133.1638
455.827698	93.535	132.4624
459.130798	93.547	131.7576
462.457855	93.558	131.0604
465.809021	93.569	130.3458
469.184448	93.579	129.6414
472.584381	93.591	128.9554
476.008911	93.602	128.2482
479.458252	93.614	127.5369
482.932617	93.626	126.8423
486.432159	93.638	126.1417
489.957031	93.650	125.4297
493.507477	93.662	124.7194
497.083618	93.675	124.0118
500.685699	93.688	123.3340
504.313873	93.702	122.6156
507.968323	93.716	121.9055
511.649292	93.731	121.1923
515.356934	93.745	120.4914
519.091370	93.761	119.7744
522.852966	93.776	119.0713
526.641724	93.792	118.3694
530.458008	93.807	117.6622
534.301941	93.822	116.9274
538.173706	93.837	116.2560
542.073547	93.852	115.5338
546.001648	93.867	114.8318
549.958191	93.882	114.1242
553.943420	93.896	113.4218
557.957520	93.911	112.7320
562.000671	93.926	112.0346
566.073181	93.941	111.3213
570.175171	93.957	110.6109
574.306885	93.972	109.9295
578.468567	93.987	109.2136
582.660400	94.001	108.5206
586.882568	94.015	107.8362
591.135376	94.030	107.1200
595.419006	94.045	106.4177
599.733643	94.059	105.7451
604.079590	94.073	105.0335
608.456970	94.087	104.3396
612.866089	94.102	103.6425
617.307190	94.116	102.9659
621.780457	94.130	102.2637
626.286133	94.145	101.5678
630.824463	94.161	100.8806
635.395691	94.179	100.2137
640.000000	94.198	99.5443
644.637695	94.217	98.8788
649.309021	94.236	98.1955
654.014160	94.255	97.5130
658.753418	94.274	96.8359
663.527039	94.293	96.1680
668.335205	94.312	95.4949
673.178284	94.331	94.8278
678.056396	94.350	94.1542
682.969849	94.369	93.4978
687.918945	94.388	92.8418
692.903870	94.408	92.1744
697.924927	94.427	91.5354
702.982422	94.446	90.8740
708.076477	94.466	90.2339
713.207520	94.485	89.6073
718.375732	94.504	88.9397
723.581360	94.524	88.3158
728.824707	94.543	87.6719
734.106079	94.563	87.0491
739.425720	94.584	86.4102
744.783936	94.604	85.8101
750.180908	94.625	85.1955
755.617065	94.645	84.5889
761.092529	94.667	83.9643
766.607727	94.689	83.3474
772.162903	94.711	82.7328
777.758301	94.733	82.1565
783.394287	94.755	81.5483
789.071045	94.778	80.9554
794.789001	94.800	80.3693
800.548340	94.822	79.7848
806.349487	94.841	79.2064
812.192627	94.860	78.6211
818.078125	94.879	78.0639
824.006226	94.898	77.4604
829.977295	94.918	76.9038
835.991699	94.939	76.3232
842.049622	94.960	75.7605
848.151428	94.982	75.2277
854.297485	95.005	74.6740
860.488098	95.029	74.0881
866.723572	95.053	73.5499
873.004211	95.079	72.9629
879.330322	95.106	72.4269
885.702332	95.134	71.9012
892.120483	95.163	71.3508
898.585144	95.193	70.7923
905.096680	95.224	70.2335
911.655396	95.256	69.6997
918.261597	95.290	69.1299
924.915710	95.324	68.5631
931.618042	95.360	68.0122
938.368896	95.397	67.4811
945.168762	95.435	66.9162
952.017822	95.475	66.3267
958.916504	95.515	65.8105
965.865234	95.557	65.1696
972.864319	95.599	64.6063
979.914062	95.642	64.0329
987.014954	95.686	63.4290
994.167236	95.727	62.8634
1001.371399	95.764	62.2566
1008.627747	95.795	61.6475
1015.936646	95.822	61.0084
1023.298584	95.848	60.3703
1030.713867	95.874	59.7483
1038.182739	95.901	59.0843
1045.705933	95.928	58.4080
1053.283447	95.955	57.7850
1060.916016	95.983	57.1273
1068.603882	96.011	56.4773
1076.347412	96.040	55.8005
1084.147095	96.069	55.1094
1092.003296	96.098	54.4111
1099.916382	96.129	53.6907
1107.886841	96.159	53.0186
1115.915039	96.191	52.3054
1124.001343	96.224	51.5762
1132.146362	96.256	50.8396
1140.350342	96.289	50.1111
1148.613770	96.322	49.3711
1156.937134	96.355	48.5966
1165.320801	96.389	47.7938
1173.765137	96.422	46.9977
1182.270752	96.455	46.2115
1190.838013	96.488	45.4227
1199.467285	96.520	44.5800
1208.159180	96.551	43.7392
1216.913940	96.582	42.8947
1225.732178	96.611	42.0161
1234.614380	96.641	41.1767
1243.560913	96.672	40.3023
1252.572266	96.708	39.3758
1261.648926	96.748	38.4755
1270.791382	96.791	37.6090
1280.000000	96.835	36.7007
1289.275391	96.878	35.8049
1298.618042	96.919	34.8364
1308.028320	96.959	33.9244
1317.506836	96.998	32.9796
1327.054077	97.036	32.0251
1336.670410	97.073	31.1023
1346.356567	97.108	30.1474
1356.112793	97.142	29.2115
1365.939697	97.176	28.2394
1375.837891	97.209	27.2676
1385.807739	97.241	26.3087
1395.849854	97.273	25.3677
1405.964844	97.304	24.4440
1416.152954	97.335	23.4634
1426.415039	97.364	22.4724
1436.751465	97.393	21.5223
1447.162720	97.422	20.5362
1457.649414	97.449	19.5848
1468.212158	97.476	18.6040
1478.851440	97.504	17.6250
1489.567871	97.532	16.6569
1500.361816	97.561	15.7010
1511.234131	97.590	14.7581
1522.185059	97.619	13.7780
1533.215454	97.649	12.8278
1544.325806	97.679	11.8488
1555.516602	97.710	10.8350
1566.788574	97.742	9.8550
1578.142090	97.775	8.8958
1589.578003	97.809	7.9017
1601.096680	97.847	6.9053
1612.698975	97.887	5.8976
1624.385254	97.929	4.8978
1636.156250	97.972	3.8632
1648.012451	98.016	2.8075
1659.954590	98.062	1.7739
1671.983398	98.110	0.7006
1684.099243	98.158	-0.3497
1696.302856	98.207	-1.4510
1708.594971	98.257	-2.5829
1720.976196	98.307	-3.7374
1733.447144	98.357	-4.9088
1746.008423	98.407	-6.0760
1758.660645	98.457	-7.2354
1771.404663	98.508	-8.4452
1784.240967	98.558	-9.7151
1797.170288	98.608	-10.9865
1810.193359	98.657	-12.2388
1823.310791	98.706	-13.5361
1836.523193	98.754	-14.8734
1849.831421	98.801	-16.2033
1863.236084	98.847	-17.5502
1876.737793	98.891	-18.9422
1890.337524	98.935	-20.3112
1904.035645	98.977	-21.7384
1917.833008	99.018	-23.1573
1931.730469	99.058	-24.5931
1945.728638	99.098	-26.0444
1959.828125	99.136	-27.5403
1974.029907	99.173	-29.0175
1988.334473	99.210	-30.4814
2002.742798	99.247	-32.0269
2017.255493	99.283	-33.5256
2031.873291	99.318	-35.0641
2046.597168	99.353	-36.6269
2061.427734	99.388	-38.1965
2076.365479	99.422	-39.7770
2091.411865	99.456	-41.3552
2106.566895	99.489	-42.9883
2121.832031	99.522	-44.6022
2137.207764	99.555	-46.2600
2152.694824	99.588	-47.8971
2168.294189	99.620	-49.5782
2184.006592	99.653	-51.3066
2199.832764	99.685	-52.9938
2215.773682	99.718	-54.6920
2231.830078	99.749	-56.4675
2248.002686	99.781	-58.1886
2264.292725	99.814	-59.9647
2280.700684	99.846	-61.7798
2297.227539	99.878	-63.5714
2313.874268	99.911	-65.4031
2330.641602	99.945	-67.2870
2347.530273	99.979	-69.1475
2364.541504	100.014	-71.0450
2381.676025	100.049	-72.9420
2398.934570	100.083	-74.9182
2416.318359	100.117	-76.8928
2433.827881	100.152	-78.8828
2451.464355	100.186	-80.9139
2469.228760	100.221	-82.9750
2487.121826	100.254	-85.0471
2505.144531	100.287	-87.1811
2523.297852	100.319	-89.3284
2541.582764	100.350	-91.5253
2560.000000	100.380	-93.7194
2578.550781	100.407	-95.9607
2597.236084	100.432	-98.2561
2616.056641	100.453	-100.5463
2635.013672	100.472	-102.8669
2654.108154	100.486	-105.2191
2673.340820	100.497	-107.5856
2692.713135	100.503	-109.9961
2712.225586	100.503	-112.3700
2731.879395	100.498	-114.7624
2751.675781	100.488	-117.1931
2771.615479	100.473	-119.5811
2791.699707	100.453	-121.9518
2811.929688	100.430	-124.3243
2832.305908	100.403	-126.6601
2852.830078	100.374	-128.9575
2873.502930	100.344	-131.2064
2894.325439	100.314	-133.4073
2915.298828	100.286	-135.6115
2936.424316	100.260	-137.7539
2957.702881	100.237	-139.8730
2979.135742	100.218	-141.9838
3000.723633	100.203	-144.0594
3022.468262	100.192	-146.1271
3044.370117	100.186	-148.1754
3066.430908	100.184	-150.2686
3088.651611	100.186	-152.3214
3111.033203	100.190	-154.3721
3133.577148	100.198	-156.4678
3156.284180	100.210	-158.5707
3179.156006	100.225	-160.6654
3202.193359	100.241	-162.7602
3225.397949	100.258	-164.8729
3248.770508	100.274	-166.9895
3272.312500	100.288	-169.1027
3296.024902	100.301	-171.2082
3319.909180	100.312	-173.3472
3343.966797	100.321	-175.4642
3368.198486	100.327	-177.6041
3392.605713	100.329	-179.7532
3417.189941	100.327	178.1339
3441.952393	100.320	176.0458
3466.894287	100.306	173.9045
3492.016846	100.284	171.7975
3517.321289	100.254	169.7162
3542.809326	100.216	167.6802
3568.481934	100.171	165.7025
3594.340576	100.120	163.7588
3620.386719	100.063	161.9319
3646.621582	100.005	160.1831
3673.046387	99.946	158.5195
3699.662842	99.888	156.9359
3726.472168	99.835	155.4513
3753.475586	99.785	153.9668
3780.675049	99.740	152.5740
3808.071289	99.700	151.2081
3835.666016	99.664	149.8732
3863.460938	99.632	148.6050
3891.457275	99.604	147.3410
3919.656250	99.580	146.1372
3948.059814	99.559	144.9239
3976.668945	99.539	143.7029
4005.485596	99.517	142.6105
4034.510986	99.492	141.4736
4063.746582	99.466	140.3464
4093.194336	99.441	139.2557
4122.855469	99.418	138.1825
4152.730957	99.397	137.1205
4182.823730	99.378	136.0790
4213.133789	99.361	135.0790
4243.664062	99.345	134.0632
4274.415527	99.330	133.0652
4305.389648	99.317	132.0930
4336.588379	99.305	131.1899
4368.013184	99.295	130.2621
4399.665527	99.288	129.3519
4431.547363	99.283	128.5325
4463.660156	99.283	127.7377
4496.005371	99.288	126.9592
4528.585449	99.298	126.1583
4561.401367	99.315	125.3629
4594.455078	99.340	124.6671
4627.748535	99.373	123.8907
4661.283203	99.413	123.1205
4695.060547	99.460	122.3214
4729.083008	99.513	121.4734
4763.352051	99.569	120.5503
4797.869141	99.627	119.5537
4832.636719	99.683	118.5078
4867.655762	99.734	117.3848
4902.928711	99.777	116.2184
4938.457520	99.810	115.0273
4974.243652	99.833	113.7586
5010.289062	99.846	112.5305
5046.595703	99.851	111.3668
5083.165527	99.847	110.1835
5120.000000	99.835	109.1046
5157.101562	99.816	107.9926
5194.472168	99.794	107.0088
5232.113281	99.768	106.0912
5270.027344	99.741	105.2226
5308.216309	99.713	104.3947
5346.681641	99.687	103.6213
5385.426270	99.663	102.9561
5424.451172	99.643	102.3040
5463.758789	99.630	101.6995
5503.351562	99.622	101.1206
5543.230957	99.620	100.5551
5583.399414	99.622	99.9917
5623.859375	99.629	99.4850
5664.611816	99.641	98.9254
5705.660156	99.658	98.4033
5747.005859	99.681	97.8940
5788.650879	99.709	97.3730
5830.597656	99.742	96.8113
5872.848633	99.779	96.2386
5915.405762	99.818	95.6306
5958.271484	99.860	95.0340
6001.447266	99.906	94.3810
6044.936523	99.953	93.7001
6088.740234	100.000	92.9655
6132.861816	100.046	92.2078
6177.303223	100.089	91.4227
6222.066406	100.133	90.6161
6267.154297	100.177	89.8085
6312.568359	100.218	88.8832
6358.312012	100.249	87.8792
6404.386719	100.267	86.8433
6450.795898	100.271	85.7048
6497.541016	100.261	84.5765
6544.625000	100.237	83.4230
6592.049805	100.199	82.3246
6639.818359	100.147	81.1785
6687.933594	100.082	80.1406
6736.396973	100.004	79.1517
6785.211426	99.914	78.2204
6834.379883	99.814	77.3429
6883.904785	99.705	76.6022
6933.788574	99.591	76.0052
6984.033691	99.473	75.4786
7034.642578	99.356	75.0956
7085.618652	99.243	74.8844
7136.963867	99.138	74.8057
7188.681152	99.046	74.8636
7240.773438	98.969	74.9407
7293.243164	98.910	75.2038
7346.092773	98.873	75.4899
7399.325684	98.862	75.8852
7452.944336	98.878	76.3223
7506.951172	98.926	76.7705
7561.350098	99.005	77.1100
7616.142578	99.113	77.4239
7671.332031	99.249	77.5811
7726.921875	99.411	77.5879
7782.914551	99.598	77.3884
7839.312500	99.799	76.8911
7896.119629	99.997	76.0252
7953.337891	100.173	74.9124
8010.971191	100.318	73.6373
8069.021973	100.440	72.3333
8127.493164	100.564	71.3760
8186.388672	100.718	70.4658
8245.710938	100.920	69.4510
8305.461914	101.169	68.1537
8365.647461	101.451	66.2751
8426.267578	101.739	63.7454
8487.328125	102.001	60.5002
8548.831055	102.201	56.5256
8610.779297	102.299	51.8024
8673.176758	102.264	46.6042
8736.026367	102.074	41.2389
8799.331055	101.725	36.0748
8863.094727	101.228	31.3516
8927.320312	100.611	27.3123
8992.010742	99.906	24.1705
9057.170898	99.148	21.9061
9122.802734	98.371	20.5008
9188.910156	97.599	19.8900
9255.497070	96.854	19.9700
9322.566406	96.149	20.6449
9390.121094	95.492	21.7407
9458.166016	94.890	23.2885
9526.704102	94.345	25.1409
9595.738281	93.859	27.2041
9665.273438	93.430	29.5126
9735.311523	93.059	31.8644
9805.857422	92.741	34.3104
9876.915039	92.475	36.8044
9948.487305	92.256	39.2653
10020.578125	92.083	41.6635
10093.191406	91.950	43.9838
10166.331055	91.853	46.2486
10240.000000	91.789	48.4268
10314.203125	91.754	50.5875
10388.944336	91.748	52.5201
10464.226562	91.766	54.2957
10540.054688	91.805	56.0085
10616.432617	91.856	57.5160
10693.363281	91.910	58.8166
10770.852539	91.963	60.0093
10848.902344	92.016	61.2090
10927.517578	92.075	62.3950
11006.703125	92.144	63.5554
11086.461914	92.226	64.6044
11166.798828	92.321	65.5985
11247.718750	92.425	66.4597
11329.223633	92.537	67.2225
11411.320312	92.653	67.8886
11494.011719	92.771	68.4810
11577.301758	92.890	68.9871
11661.195312	93.008	69.3202
11745.697266	93.125	69.5938
11830.811523	93.238	69.7764
11916.542969	93.348	69.8657
12002.894531	93.449	69.8611
12089.873047	93.539	69.8463
12177.480469	93.614	69.7253
12265.723633	93.676	69.6260
12354.606445	93.729	69.6004
12444.132812	93.778	69.5700
12534.308594	93.826	69.6196
12625.136719	93.881	69.7967
12716.624023	93.946	69.9886
12808.773438	94.023	70.1052
12901.591797	94.111	70.2089
12995.082031	94.208	70.2581
13089.250000	94.316	70.2380
13184.099609	94.434	70.1502
13279.636719	94.561	70.0030
13375.867188	94.696	69.6985
13472.793945	94.836	69.2899
13570.422852	94.975	68.6846
13668.759766	95.109	67.9166
13767.809570	95.232	66.9969
13867.577148	95.337	65.9642
13968.067383	95.420	64.7533
14069.285156	95.476	63.5472
14171.237305	95.505	62.3553
14273.927734	95.510	61.1826
14377.362305	95.497	60.1391
14481.546875	95.473	59.2043
14586.486328	95.448	58.4437
14692.185547	95.429	57.7938
14798.651367	95.425	57.4071
14905.888672	95.445	57.0829
15013.902344	95.499	56.8784
15122.700195	95.597	56.6753
15232.285156	95.738	56.2861
15342.664062	95.916	55.7933
15453.843750	96.131	55.0907
15565.829102	96.383	54.0842
15678.625000	96.665	52.6241
15792.239258	96.963	50.7428
15906.675781	97.270	48.3050
16021.942383	97.584	45.3644
16138.043945	97.891	41.7906
16254.986328	98.165	37.8969
16372.777344	98.384	33.7139
16491.421875	98.536	29.1580
16610.923828	98.609	24.3878
16731.294922	98.588	19.3317
16852.535156	98.455	14.1384
16974.656250	98.197	9.1448
17097.662109	97.820	4.6007
17221.558594	97.349	0.7770
17346.353516	96.826	-2.2346
17472.052734	96.299	-4.2147
17598.662109	95.805	-5.5936
17726.189453	95.362	-6.2440
17854.640625	94.975	-6.3601
17984.021484	94.691	-5.8679
18114.341797	94.639	-4.0316
18245.605469	95.025	-1.4312
18377.820312	95.838	-1.3774
18510.994141	96.609	-7.0042
18645.132812	96.889	-16.3243
18780.242188	96.590	-25.5992
18916.332031	95.870	-32.2994
19053.408203	95.090	-35.3599
19191.476562	94.628	-36.4822
19330.546875	94.430	-39.9844
19470.623047	94.084	-46.5726
19611.714844	93.339	-53.2389
19753.830078	92.300	-57.7933
19896.974609	91.337	-59.7745
