20.000000	103.782	169.4459
20.299999	103.765	169.0701
20.600000	103.750	168.7149
20.900000	103.738	168.3683
21.200001	103.729	168.0038
21.400000	103.722	167.7507
21.799999	103.708	167.2353
22.000000	103.698	166.9765
22.400000	103.676	166.4513
22.700001	103.656	166.0828
23.000000	103.638	165.7370
23.299999	103.621	165.3921
23.600000	103.606	165.0522
24.000000	103.589	164.5912
24.299999	103.575	164.2206
24.700001	103.553	163.7222
25.000000	103.534	163.3588
25.400000	103.505	162.8851
25.799999	103.476	162.4470
26.200001	103.449	162.0239
26.500000	103.431	161.7054
26.900000	103.407	161.2812
27.200001	103.388	160.9597
27.600000	103.362	160.5365
28.000000	103.335	160.1291
28.500000	103.303	159.6276
29.000000	103.271	159.1316
29.500000	103.239	158.6241
30.000000	103.204	158.1263
30.400000	103.176	157.7368
30.700001	103.155	157.4546
31.100000	103.127	157.0855
31.500000	103.101	156.7132
32.000000	103.068	156.2524
32.500000	103.036	155.7861
33.000000	103.002	155.3312
33.500000	102.969	154.8792
34.000000	102.936	154.4335
34.500000	102.902	153.9863
35.000000	102.867	153.5487
35.500000	102.832	153.1192
36.000000	102.798	152.6996
36.500000	102.764	152.2805
37.000000	102.729	151.8663
37.500000	102.694	151.4569
38.200001	102.647	150.8991
38.700001	102.613	150.5001
39.500000	102.559	149.8581
40.000000	102.523	149.4676
40.599998	102.481	149.0123
41.200001	102.441	148.5704
41.799999	102.402	148.1270
42.500000	102.356	147.6098
43.099998	102.315	147.1765
43.700001	102.275	146.7492
44.400002	102.227	146.2596
45.000000	102.186	145.8484
45.500000	102.151	145.5088
46.200001	102.104	145.0395
46.799999	102.063	144.6393
47.500000	102.016	144.1719
48.200001	101.968	143.7043
48.700001	101.933	143.3753
49.400002	101.882	142.9293
50.000000	101.838	142.5619
50.799999	101.777	142.0732
51.500000	101.722	141.6374
52.200001	101.664	141.2095
53.000000	101.598	140.7468
53.799999	101.534	140.3031
54.500000	101.480	139.9207
55.200001	101.427	139.5453
56.000000	101.368	139.1170
57.000000	101.294	138.5688
58.000000	101.220	138.0168
59.000000	101.144	137.4623
60.000000	101.066	136.9304
60.799999	101.006	136.5162
61.500000	100.954	136.1488
62.200001	100.901	135.7891
63.000000	100.844	135.3937
64.000000	100.780	134.8947
65.000000	100.717	134.4014
66.000000	100.656	133.9322
67.000000	100.597	133.4625
68.000000	100.538	132.9957
69.000000	100.476	132.5393
70.000000	100.416	132.1100
71.000000	100.357	131.6788
72.000000	100.297	131.2432
73.000000	100.234	130.8057
74.000000	100.170	130.3895
75.000000	100.111	129.9879
76.199997	100.044	129.4393
77.500000	99.961	128.8537
78.800003	99.879	128.3578
80.000000	99.811	127.9456
81.199997	99.748	127.5177
82.500000	99.675	127.0257
83.800003	99.600	126.5475
85.000000	99.533	126.1138
86.199997	99.470	125.6846
87.500000	99.406	125.2124
88.500000	99.361	124.8521
90.000000	99.291	124.2457
91.199997	99.217	123.7945
92.500000	99.136	123.4236
93.800003	99.061	123.0505
95.000000	98.993	122.6770
96.199997	98.924	122.2906
97.500000	98.853	121.8740
98.800003	98.785	121.4520
100.000000	98.724	121.0687
101.500000	98.648	120.6158
103.000000	98.571	120.1709
104.400002	98.500	119.7642
106.000000	98.419	119.2990
107.500000	98.345	118.8629
109.000000	98.272	118.4367
110.599998	98.196	117.9863
112.000000	98.128	117.6033
113.800003	98.041	117.1255
115.000000	97.983	116.8124
117.199997	97.883	116.2461
118.000000	97.848	116.0348
120.599998	97.734	115.3404
122.000000	97.673	114.9837
124.099998	97.585	114.4634
125.000000	97.551	114.2426
126.500000	97.497	113.8750
128.000000	97.447	113.5159
131.500000	97.336	112.7004
132.000000	97.320	112.5848
134.000000	97.258	112.1256
136.000000	97.197	111.6732
138.000000	97.138	111.2187
140.000000	97.080	110.7734
143.000000	96.996	110.1173
145.000000	96.940	109.6904
147.500000	96.872	109.1582
150.000000	96.806	108.6315
152.500000	96.742	108.1122
155.000000	96.678	107.5963
157.500000	96.615	107.0982
160.000000	96.551	106.5999
162.500000	96.480	106.1187
165.000000	96.408	105.6492
167.500000	96.338	105.1770
170.000000	96.270	104.6989
172.500000	96.204	104.2246
175.000000	96.141	103.7576
177.500000	96.079	103.2790
180.000000	96.017	102.8013
182.500000	95.956	102.3193
185.000000	95.896	101.8494
187.500000	95.837	101.3806
190.000000	95.778	100.9215
192.500000	95.721	100.4659
195.000000	95.665	100.0155
197.500000	95.610	99.5635
200.000000	95.559	99.1199
203.000000	95.502	98.5818
206.000000	95.449	98.0672
209.000000	95.397	97.5598
212.000000	95.346	97.0482
214.000000	95.314	96.7059
218.000000	95.250	96.0359
220.000000	95.219	95.7044
224.000000	95.157	95.0441
227.000000	95.113	94.5533
230.000000	95.070	94.0801
233.000000	95.028	93.6164
236.000000	94.987	93.1296
240.000000	94.934	92.4937
243.000000	94.895	92.0408
247.000000	94.846	91.4561
250.000000	94.810	91.0302
254.000000	94.761	90.4753
258.000000	94.714	89.9427
262.000000	94.675	89.4288
265.000000	94.652	89.0427
269.000000	94.628	88.5091
272.000000	94.615	88.0811
276.000000	94.602	87.4633
280.000000	94.590	86.7867
285.000000	94.571	85.8717
290.000000	94.544	84.9266
295.000000	94.511	83.9806
300.000000	94.473	83.0565
304.000000	94.441	82.3449
307.000000	94.416	81.8142
311.000000	94.386	81.1272
315.000000	94.358	80.4541
320.000000	94.332	79.6274
325.000000	94.311	78.8228
330.000000	94.294	78.0181
335.000000	94.279	77.2116
340.000000	94.264	76.4123
345.000000	94.251	75.6146
350.000000	94.239	74.8296
355.000000	94.229	74.0435
360.000000	94.219	73.2525
365.000000	94.211	72.4661
370.000000	94.202	71.6900
375.000000	94.195	70.9115
382.000000	94.186	69.8237
387.000000	94.180	69.0532
395.000000	94.172	67.8272
400.000000	94.168	67.0459
406.000000	94.162	66.1392
412.000000	94.157	65.2296
418.000000	94.152	64.3189
425.000000	94.146	63.2685
431.000000	94.141	62.3664
437.000000	94.136	61.4778
444.000000	94.130	60.4462
450.000000	94.125	59.5705
455.000000	94.121	58.8400
462.000000	94.115	57.8317
468.000000	94.110	56.9724
475.000000	94.105	55.9840
482.000000	94.099	55.0083
487.000000	94.094	54.3295
494.000000	94.089	53.3883
500.000000	94.087	52.5849
508.000000	94.088	51.5564
515.000000	94.094	50.6666
522.000000	94.105	49.7877
530.000000	94.122	48.7496
538.000000	94.139	47.6693
545.000000	94.151	46.7012
552.000000	94.159	45.7281
560.000000	94.161	44.6299
570.000000	94.158	43.2856
580.000000	94.151	41.9930
590.000000	94.143	40.7463
600.000000	94.135	39.5382
608.000000	94.129	38.5952
615.000000	94.123	37.7932
622.000000	94.118	36.9996
630.000000	94.116	36.1196
640.000000	94.118	35.0413
650.000000	94.123	33.9890
660.000000	94.130	32.9787
670.000000	94.137	31.9867
680.000000	94.147	31.0289
690.000000	94.158	30.0925
700.000000	94.171	29.1863
710.000000	94.187	28.2980
720.000000	94.204	27.4217
730.000000	94.224	26.5684
740.000000	94.246	25.7273
750.000000	94.269	24.8982
762.000000	94.300	23.9313
775.000000	94.336	22.8922
788.000000	94.374	21.8833
800.000000	94.408	20.9671
812.000000	94.438	20.0648
825.000000	94.470	19.1129
838.000000	94.504	18.1821
850.000000	94.541	17.3378
862.000000	94.581	16.5099
875.000000	94.629	15.6250
885.000000	94.669	14.9507
900.000000	94.735	13.9507
912.000000	94.792	13.1454
925.000000	94.859	12.2728
938.000000	94.931	11.4056
950.000000	95.002	10.5809
962.000000	95.076	9.7430
975.000000	95.160	8.8248
988.000000	95.245	7.8933
1000.000000	95.316	7.0253
1015.000000	95.390	5.8993
1030.000000	95.458	4.7354
1044.000000	95.521	3.6274
1060.000000	95.597	2.3195
1075.000000	95.670	1.0718
1090.000000	95.743	-0.2203
1106.000000	95.822	-1.6432
1120.000000	95.890	-2.9150
1138.000000	95.976	-4.6002
1150.000000	96.032	-5.7225
1172.000000	96.132	-7.8469
1180.000000	96.167	-8.6318
1206.000000	96.278	-11.2383
1220.000000	96.335	-12.6559
1241.000000	96.421	-14.8113
1250.000000	96.461	-15.7372
1265.000000	96.534	-17.3012
1280.000000	96.611	-18.8671
1315.000000	96.785	-22.5215
1320.000000	96.809	-23.0459
1340.000000	96.902	-25.1288
1360.000000	96.992	-27.2143
1380.000000	97.079	-29.2845
1400.000000	97.165	-31.3541
1430.000000	97.294	-34.4487
1450.000000	97.379	-36.5206
1475.000000	97.485	-39.1270
1500.000000	97.589	-41.7517
1525.000000	97.693	-44.4048
1550.000000	97.796	-47.0724
1575.000000	97.898	-49.7928
1600.000000	98.001	-52.5156
1625.000000	98.106	-55.2932
1650.000000	98.212	-58.0974
1675.000000	98.314	-60.9491
1700.000000	98.414	-63.8390
1725.000000	98.511	-66.7751
1750.000000	98.603	-69.7509
1775.000000	98.690	-72.7856
1800.000000	98.771	-75.8573
1825.000000	98.845	-78.9695
1850.000000	98.911	-82.1473
1875.000000	98.970	-85.3501
1900.000000	99.019	-88.5952
1925.000000	99.059	-91.8751
1950.000000	99.088	-95.1772
1975.000000	99.107	-98.5085
2000.000000	99.116	-101.8604
2030.000000	99.113	-105.8860
2060.000000	99.096	-109.9131
2090.000000	99.063	-113.9139
2120.000000	99.016	-117.9109
2140.000000	98.977	-120.5532
2180.000000	98.883	-125.7745
2200.000000	98.828	-128.3609
2240.000000	98.707	-133.4328
2270.000000	98.607	-137.1729
2300.000000	98.501	-140.8395
2330.000000	98.393	-144.4372
2360.000000	98.283	-147.9825
2400.000000	98.137	-152.5950
2430.000000	98.030	-155.9741
2470.000000	97.895	-160.3989
2500.000000	97.800	-163.6725
2540.000000	97.686	-167.9547
2580.000000	97.589	-172.1832
2620.000000	97.510	-176.3728
2650.000000	97.464	-179.5024
2690.000000	97.422	176.3295
2720.000000	97.407	173.1816
2760.000000	97.409	168.9575
2800.000000	97.436	164.6688
2850.000000	97.506	159.1558
2900.000000	97.613	153.4266
2950.000000	97.755	147.4111
3000.000000	97.921	141.0645
3040.000000	98.065	135.7014
3070.000000	98.175	131.5023
3110.000000	98.318	125.6650
3150.000000	98.451	119.5507
3200.000000	98.589	111.5536
3250.000000	98.671	103.2552
3300.000000	98.677	94.7537
3350.000000	98.596	86.2364
3400.000000	98.426	77.9028
3450.000000	98.176	69.9133
3500.000000	97.862	62.4009
3550.000000	97.506	55.4926
3600.000000	97.128	49.2036
3650.000000	96.751	43.5562
3700.000000	96.391	38.5084
3750.000000	96.065	33.9938
3820.000000	95.686	28.4814
3870.000000	95.479	24.9857
3950.000000	95.264	19.9744
4000.000000	95.197	17.0897
4060.000000	95.175	13.7754
4120.000000	95.224	10.5104
4180.000000	95.345	7.2109
4250.000000	95.567	3.1794
4310.000000	95.814	-0.5129
4370.000000	96.099	-4.4803
4440.000000	96.462	-9.5513
4500.000000	96.780	-14.2604
4550.000000	97.037	-18.4654
4620.000000	97.366	-24.7283
4680.000000	97.603	-30.4037
4750.000000	97.813	-37.2604
4820.000000	97.940	-44.2439
4870.000000	97.976	-49.2282
4940.000000	97.955	-56.0609
5000.000000	97.878	-61.7220
5080.000000	97.708	-68.8297
5150.000000	97.510	-74.6027
5220.000000	97.280	-79.9092
5300.000000	96.998	-85.4067
5380.000000	96.714	-90.3004
5450.000000	96.480	-94.1516
5520.000000	96.267	-97.6439
5600.000000	96.059	-101.2861
5700.000000	95.859	-105.4213
5800.000000	95.726	-109.2376
5900.000000	95.658	-112.8870
6000.000000	95.646	-116.4590
6080.000000	95.672	-119.2934
6150.000000	95.718	-121.8036
6220.000000	95.782	-124.3347
6300.000000	95.870	-127.2979
6400.000000	95.993	-131.0693
6500.000000	96.132	-134.9785
6600.000000	96.287	-139.0115
6700.000000	96.456	-143.1830
6800.000000	96.635	-147.4688
6900.000000	96.823	-151.8994
7000.000000	97.019	-156.4663
7100.000000	97.221	-161.1764
7200.000000	97.430	-166.0364
7300.000000	97.643	-171.0977
7400.000000	97.854	-176.4121
7500.000000	98.059	178.0016
7620.000000	98.271	170.8831
7750.000000	98.432	162.8124
7880.000000	98.523	154.5442
8000.000000	98.541	146.7312
8120.000000	98.489	138.8787
8250.000000	98.349	130.4200
8380.000000	98.122	122.1779
8500.000000	97.847	114.8517
8620.000000	97.525	107.8494
8750.000000	97.119	100.6178
8850.000000	96.760	95.4890
9000.000000	96.243	88.7725
9120.000000	95.878	83.7502
9250.000000	95.512	78.5674
9380.000000	95.177	73.6021
9500.000000	94.899	69.1476
9620.000000	94.649	64.8057
9750.000000	94.409	60.1287
9880.000000	94.192	55.4287
10000.000000	94.009	51.1063
10150.000000	93.797	45.6859
10300.000000	93.608	40.3333
10440.000000	93.457	35.3612
10600.000000	93.320	29.6489
10750.000000	93.225	24.1985
10900.000000	93.158	18.4965
11060.000000	93.103	12.1178
11200.000000	93.053	6.1562
11380.000000	92.944	-2.0457
11500.000000	92.800	-7.7003
11720.000000	92.359	-17.2181
11800.000000	92.207	-20.1008
12060.000000	91.983	-29.4717
12200.000000	91.934	-35.1356
12410.000000	91.863	-44.1887
12500.000000	91.834	-48.2195
12650.000000	91.785	-55.2172
12800.000000	91.723	-62.6615
13150.000000	91.433	-81.5691
13200.000000	91.365	-84.4139
13400.000000	91.012	-96.0566
13600.000000	90.515	-107.8966
13800.000000	89.868	-119.7478
14000.000000	89.066	-131.3618
14300.000000	87.576	-147.8037
14500.000000	86.417	-157.6511
14750.000000	84.842	-168.2668
15000.000000	83.237	-176.5731
15250.000000	81.761	177.3385
15500.000000	80.569	172.6414
15750.000000	79.707	167.8580
16000.000000	79.085	161.9579
16250.000000	78.580	155.1046
16500.000000	78.081	148.0828
16750.000000	77.585	141.4266
17000.000000	77.145	135.0554
17250.000000	76.798	128.7534
17500.000000	76.533	122.0718
17750.000000	76.266	114.6279
18000.000000	75.856	107.3323
18250.000000	75.678	104.6284
18500.000000	77.558	106.8669
18750.000000	79.939	90.8284
19000.000000	80.013	62.9635
19250.000000	78.186	39.3815
19500.000000	75.624	24.1184
19750.000000	73.205	15.9314
20000.000000	71.731	11.8248
