20.144928	106.011	-171.6562
20.290907	106.012	-171.9303
20.437943	106.013	-172.1962
20.586044	106.013	-172.4608
20.735220	106.012	-172.7229
20.885475	106.011	-172.9876
21.036821	106.010	-173.2590
21.189262	106.009	-173.5438
21.342808	106.008	-173.8346
21.497467	106.007	-174.1311
21.653246	106.005	-174.4301
21.810154	106.004	-174.7330
21.968201	106.002	-175.0353
22.127390	105.999	-175.3439
22.287735	105.996	-175.6517
22.449242	105.993	-175.9520
22.611917	105.990	-176.2458
22.775772	105.987	-176.5324
22.940815	105.984	-176.8114
23.107054	105.982	-177.0938
23.274498	105.980	-177.3762
23.443153	105.977	-177.6571
23.613033	105.975	-177.9384
23.784142	105.973	-178.2200
23.956491	105.970	-178.5039
24.130091	105.966	-178.7967
24.304947	105.962	-179.0925
24.481071	105.956	-179.3881
24.658470	105.950	-179.6806
24.837156	105.944	-179.9702
25.017136	105.936	179.7443
25.198421	105.929	179.4551
25.381020	105.922	179.1700
25.564941	105.915	178.8888
25.750195	105.908	178.6089
25.936790	105.901	178.3304
26.124741	105.894	178.0460
26.314051	105.887	177.7581
26.504732	105.879	177.4686
26.696796	105.871	177.1779
26.890253	105.862	176.8870
27.085112	105.853	176.5939
27.281382	105.843	176.2991
27.479073	105.832	176.0058
27.678198	105.821	175.7148
27.878765	105.809	175.4257
28.080786	105.798	175.1362
28.284271	105.786	174.8447
28.489231	105.774	174.5548
28.695675	105.762	174.2671
28.903616	105.750	173.9816
29.113064	105.737	173.6965
29.324028	105.724	173.4122
29.536524	105.711	173.1319
29.750557	105.697	172.8549
29.966141	105.683	172.5810
30.183289	105.669	172.3026
30.402010	105.655	172.0231
30.622314	105.641	171.7413
30.844217	105.628	171.4557
31.067726	105.614	171.1638
31.292856	105.600	170.8633
31.519617	105.586	170.5587
31.748020	105.572	170.2509
31.978081	105.556	169.9438
32.209808	105.540	169.6331
32.443211	105.523	169.3283
32.678310	105.505	169.0321
32.915108	105.486	168.7463
33.153625	105.467	168.4681
33.393871	105.447	168.1976
33.635857	105.428	167.9357
33.879597	105.408	167.6781
34.125103	105.389	167.4199
34.372387	105.369	167.1582
34.621464	105.349	166.8921
34.872345	105.328	166.6216
35.125042	105.306	166.3442
35.379574	105.284	166.0623
35.635948	105.261	165.7819
35.894180	105.237	165.5053
36.154285	105.214	165.2338
36.416275	105.191	164.9678
36.680161	105.168	164.7072
36.945961	105.146	164.4501
37.213688	105.125	164.1906
37.483353	105.103	163.9285
37.754974	105.080	163.6637
38.028561	105.057	163.3963
38.304131	105.033	163.1260
38.581699	105.007	162.8596
38.861279	104.982	162.5987
39.142883	104.956	162.3430
39.426529	104.932	162.0895
39.712231	104.909	161.8350
40.000000	104.887	161.5750
40.289856	104.866	161.3007
40.581814	104.845	161.0163
40.875885	104.822	160.7258
41.172089	104.797	160.4338
41.470440	104.771	160.1464
41.770950	104.743	159.8694
42.073643	104.714	159.6035
42.378525	104.685	159.3434
42.685616	104.657	159.0852
42.994934	104.630	158.8232
43.306492	104.603	158.5492
43.620308	104.574	158.2687
43.936401	104.544	157.9869
44.254780	104.513	157.7119
44.575470	104.479	157.4518
44.898483	104.445	157.2115
45.223835	104.412	156.9885
45.551544	104.379	156.7792
45.881630	104.348	156.5771
46.214108	104.319	156.3717
46.548996	104.291	156.1573
46.886307	104.263	155.9327
47.226067	104.234	155.6993
47.568283	104.204	155.4603
47.912983	104.174	155.2172
48.260181	104.144	154.9656
48.609894	104.113	154.7061
48.962143	104.082	154.4395
49.316940	104.049	154.1686
49.674313	104.013	153.8989
50.034271	103.975	153.6359
50.396843	103.935	153.3806
50.762039	103.892	153.1380
51.129883	103.850	152.9078
51.500389	103.807	152.6884
51.873581	103.764	152.4782
52.249481	103.722	152.2682
52.628101	103.681	152.0489
53.009464	103.638	151.8140
53.393593	103.594	151.5652
53.780506	103.548	151.3140
54.170223	103.501	151.0700
54.562763	103.456	150.8331
54.958145	103.412	150.5942
55.356396	103.369	150.3411
55.757530	103.324	150.0782
56.161572	103.275	149.8266
56.568542	103.224	149.6088
56.978462	103.173	149.4259
57.391350	103.126	149.2495
57.807232	103.082	149.0484
58.226128	103.035	148.8158
58.648056	102.985	148.5798
59.073048	102.931	148.3779
59.501114	102.879	148.2199
59.932281	102.831	148.0809
60.366577	102.787	147.9196
60.804020	102.742	147.7218
61.244629	102.694	147.5041
61.688435	102.643	147.2946
62.135452	102.591	147.1046
62.585712	102.541	146.9233
63.039234	102.492	146.7390
63.496040	102.443	146.5541
63.956161	102.393	146.3786
64.419617	102.344	146.2076
64.886421	102.296	146.0290
65.356621	102.249	145.8335
65.830215	102.201	145.6307
66.307251	102.151	145.4421
66.787743	102.100	145.2825
67.271713	102.050	145.1485
67.759193	102.002	145.0245
68.250206	101.954	144.8945
68.744774	101.905	144.7482
69.242928	101.855	144.5860
69.744690	101.802	144.4182
70.250084	101.747	144.2585
70.759148	101.693	144.1149
71.271896	101.642	143.9803
71.788361	101.592	143.8396
72.308571	101.543	143.6884
72.832550	101.494	143.5386
73.360321	101.443	143.4089
73.891922	101.393	143.2968
74.427376	101.343	143.1815
74.966705	101.292	143.0501
75.509949	101.237	142.9123
76.057121	101.180	142.7963
76.608261	101.124	142.7067
77.163399	101.070	142.6219
77.722557	101.016	142.5195
78.285767	100.960	142.3975
78.853058	100.902	142.2758
79.424461	100.844	142.1682
80.000000	100.787	142.0744
80.579712	100.731	141.9877
81.163628	100.676	141.9080
81.751770	100.619	141.8358
82.344177	100.560	141.7674
82.940880	100.501	141.6972
83.541901	100.442	141.6208
84.147285	100.384	141.5432
84.757050	100.326	141.4693
85.371231	100.267	141.4102
85.989868	100.207	141.3624
86.612984	100.147	141.3130
87.240616	100.086	141.2643
87.872803	100.026	141.2191
88.509560	99.967	141.1735
89.150940	99.909	141.1262
89.796967	99.850	141.0771
90.447670	99.790	141.0287
91.103088	99.729	140.9843
91.763260	99.667	140.9445
92.428215	99.606	140.9113
93.097992	99.545	140.9001
93.772614	99.484	140.9114
94.452133	99.422	140.9207
95.136566	99.360	140.9126
95.825966	99.296	140.8931
96.520363	99.233	140.8827
97.219788	99.170	140.8950
97.924286	99.110	140.9270
98.633881	99.051	140.9579
99.348625	98.991	140.9757
100.068542	98.930	140.9871
100.793686	98.869	141.0128
101.524078	98.808	141.0532
102.259766	98.747	141.1016
103.000778	98.686	141.1461
103.747162	98.624	141.1776
104.498962	98.561	141.2250
105.256203	98.499	141.2819
106.018929	98.437	141.3293
106.787186	98.375	141.3808
107.561012	98.314	141.4351
108.340446	98.253	141.4968
109.125526	98.193	141.5663
109.916290	98.132	141.6463
110.712791	98.070	141.7162
111.515060	98.007	141.7865
112.323143	97.945	141.8571
113.137085	97.884	141.9265
113.956924	97.823	142.0049
114.782700	97.762	142.0833
115.614464	97.701	142.1648
116.452255	97.640	142.2568
117.296112	97.580	142.3646
118.146095	97.520	142.4830
119.002228	97.462	142.5965
119.864563	97.403	142.7023
120.733154	97.342	142.8168
121.608040	97.280	142.9576
122.489258	97.219	143.1017
123.376869	97.159	143.2373
124.270905	97.100	143.3705
125.171425	97.043	143.5039
126.078468	96.989	143.6453
126.992081	96.937	143.7960
127.912323	96.886	143.9422
128.839233	96.835	144.1058
129.772842	96.783	144.2853
130.713242	96.730	144.4531
131.660431	96.678	144.6124
132.614502	96.627	144.7886
133.575485	96.576	144.9818
134.543427	96.525	145.1736
135.518387	96.474	145.3644
136.500412	96.422	145.5706
137.489548	96.370	145.7874
138.485855	96.318	146.0022
139.489380	96.266	146.2311
140.500168	96.213	146.4746
141.518295	96.161	146.7272
142.543793	96.109	147.0011
143.576721	96.057	147.2887
144.617142	96.006	147.5859
145.665100	95.954	147.9088
146.720642	95.905	148.2606
147.783844	95.860	148.6486
148.854752	95.819	149.0306
149.933411	95.782	149.4510
151.019897	95.749	149.8650
152.114243	95.720	150.2617
153.216522	95.694	150.6600
154.326797	95.672	151.0482
155.445114	95.652	151.4396
156.571533	95.635	151.8261
157.706116	95.620	152.2142
158.848923	95.607	152.5923
160.000000	95.595	152.9684
161.159424	95.585	153.3575
162.327255	95.578	153.7284
163.503540	95.575	154.0546
164.688354	95.575	154.3605
165.881760	95.578	154.6266
167.083801	95.581	154.8372
168.294571	95.582	154.9936
169.514099	95.580	155.1322
170.742462	95.571	155.2499
171.979736	95.557	155.3775
173.225967	95.538	155.4839
174.481232	95.516	155.6050
175.745605	95.491	155.7698
177.019119	95.465	155.9758
178.301880	95.440	156.1802
179.593933	95.418	156.4047
180.895340	95.399	156.6523
182.206177	95.384	156.9075
183.526520	95.374	157.1531
184.856430	95.367	157.3719
186.195984	95.362	157.5587
187.545227	95.359	157.7391
188.904266	95.354	157.8901
190.273132	95.348	158.0126
191.651932	95.339	158.0994
193.040726	95.328	158.1918
194.439575	95.314	158.2765
195.848572	95.296	158.3566
197.267761	95.275	158.4549
198.697250	95.254	158.5642
200.137085	95.233	158.6909
201.587372	95.213	158.7912
203.048157	95.193	158.9195
204.519531	95.173	159.0425
206.001556	95.153	159.1841
207.494324	95.133	159.3333
208.997925	95.113	159.4645
210.512405	95.093	159.6307
212.037857	95.074	159.8039
213.574371	95.055	159.9844
215.122025	95.038	160.1418
216.680893	95.020	160.3022
218.251053	95.003	160.4790
219.832581	94.985	160.6566
221.425583	94.968	160.8244
223.030121	94.951	161.0049
224.646286	94.933	161.1645
226.274170	94.915	161.3459
227.913849	94.899	161.5170
229.565399	94.885	161.7062
231.228928	94.872	161.8860
232.904510	94.858	162.0792
234.592224	94.844	162.2665
236.292191	94.831	162.4418
238.004456	94.820	162.6358
239.729126	94.809	162.8076
241.466309	94.799	162.9648
243.216080	94.787	163.1274
244.978516	94.776	163.3062
246.753738	94.765	163.4653
248.541809	94.753	163.6327
250.342850	94.740	163.8134
252.156937	94.727	163.9739
253.984161	94.714	164.1312
255.824646	94.699	164.2989
257.678467	94.685	164.4775
259.545685	94.671	164.6216
261.426483	94.656	164.7706
263.320862	94.642	164.9194
265.229004	94.628	165.0581
267.150970	94.614	165.2346
269.086853	94.600	165.3941
271.036774	94.586	165.5244
273.000824	94.572	165.7147
274.979095	94.558	165.8781
276.971710	94.545	166.0318
278.978760	94.531	166.1520
281.000336	94.517	166.2908
283.036591	94.503	166.4574
285.087585	94.490	166.6212
287.153442	94.477	166.7683
289.234283	94.465	166.9330
291.330200	94.452	167.0753
293.441284	94.440	167.2150
295.567688	94.427	167.3640
297.709503	94.413	167.5134
299.866821	94.400	167.6578
302.039795	94.388	167.8217
304.228485	94.377	167.9927
306.433044	94.365	168.1265
308.653595	94.353	168.2757
310.890228	94.340	168.4017
313.143066	94.329	168.5573
315.412231	94.319	168.6884
317.697845	94.311	168.8513
320.000000	94.306	168.9793
322.318848	94.301	169.0965
324.654510	94.297	169.2447
327.007080	94.292	169.4003
329.376709	94.286	169.5471
331.763519	94.281	169.6996
334.167603	94.277	169.8621
336.589142	94.273	170.0026
339.028198	94.269	170.1305
341.484924	94.265	170.2617
343.959473	94.260	170.3843
346.451935	94.256	170.5248
348.962463	94.251	170.6742
351.491211	94.247	170.8025
354.038239	94.244	170.9460
356.603760	94.241	171.0739
359.187866	94.237	171.2114
361.790680	94.234	171.3687
364.412354	94.229	171.4950
367.053040	94.224	171.6633
369.712860	94.218	171.7883
372.391968	94.212	171.9244
375.090454	94.208	172.0834
377.808533	94.203	172.1805
380.546265	94.199	172.3290
383.303864	94.194	172.4756
386.081451	94.189	172.6031
388.879150	94.183	172.7425
391.697144	94.179	172.8694
394.535522	94.175	172.9953
397.394501	94.171	173.1568
400.274170	94.167	173.3174
403.174744	94.162	173.4603
406.096313	94.157	173.5935
409.039062	94.152	173.7472
412.003113	94.147	173.8765
414.988647	94.141	174.0148
417.995850	94.134	174.1843
421.024811	94.127	174.3412
424.075714	94.123	174.4513
427.148743	94.118	174.6179
430.244049	94.112	174.7697
433.361786	94.105	174.8862
436.502106	94.100	175.0314
439.665161	94.096	175.1910
442.851166	94.091	175.3403
446.060242	94.085	175.4834
449.292572	94.077	175.6489
452.548340	94.071	175.7934
455.827698	94.066	175.9280
459.130798	94.060	176.1115
462.457855	94.055	176.2621
465.809021	94.049	176.4051
469.184448	94.044	176.5624
472.584381	94.038	176.7377
476.008911	94.033	176.9083
479.458252	94.028	177.0714
482.932617	94.022	177.1999
486.432159	94.017	177.3926
489.957031	94.010	177.5435
493.507477	94.004	177.6913
497.083618	93.998	177.8751
500.685699	93.993	178.0252
504.313873	93.990	178.2378
507.968323	93.986	178.3748
511.649292	93.982	178.5797
515.356934	93.978	178.7603
519.091370	93.975	178.9499
522.852966	93.972	179.1078
526.641724	93.970	179.2565
530.458008	93.967	179.4495
534.301941	93.964	179.6426
538.173706	93.961	179.8353
542.073547	93.958	-179.9704
546.001648	93.955	-179.7870
549.958191	93.952	-179.6034
553.943420	93.950	-179.3972
557.957520	93.948	-179.1812
562.000671	93.946	-178.9884
566.073181	93.943	-178.7881
570.175171	93.941	-178.5935
574.306885	93.939	-178.3976
578.468567	93.937	-178.1878
582.660400	93.935	-177.9660
586.882568	93.933	-177.7689
591.135376	93.931	-177.5552
595.419006	93.929	-177.3096
599.733643	93.927	-177.1208
604.079590	93.926	-176.8785
608.456970	93.926	-176.6544
612.866089	93.925	-176.4227
617.307190	93.924	-176.2033
621.780457	93.923	-175.9760
626.286133	93.923	-175.7164
630.824463	93.926	-175.4815
635.395691	93.930	-175.2466
640.000000	93.936	-174.9840
644.637695	93.941	-174.7523
649.309021	93.947	-174.4609
654.014160	93.952	-174.2227
658.753418	93.959	-173.9811
663.527039	93.966	-173.7184
668.335205	93.975	-173.4478
673.178284	93.984	-173.1983
678.056396	93.993	-172.9239
682.969849	94.001	-172.6579
687.918945	94.010	-172.3641
692.903870	94.018	-172.1009
697.924927	94.028	-171.8102
702.982422	94.038	-171.5337
708.076477	94.048	-171.2674
713.207520	94.060	-170.9563
718.375732	94.072	-170.6453
723.581360	94.083	-170.3770
728.824707	94.094	-170.0540
734.106079	94.105	-169.7579
739.425720	94.117	-169.4785
744.783936	94.129	-169.1733
750.180908	94.142	-168.8551
755.617065	94.155	-168.5315
761.092529	94.168	-168.1999
766.607727	94.182	-167.8982
772.162903	94.197	-167.5649
777.758301	94.212	-167.2104
783.394287	94.227	-166.8868
789.071045	94.243	-166.5406
794.789001	94.258	-166.1998
800.548340	94.273	-165.8337
806.349487	94.285	-165.4621
812.192627	94.298	-165.1301
818.078125	94.311	-164.7442
824.006226	94.324	-164.3557
829.977295	94.338	-163.9669
835.991699	94.353	-163.5665
842.049622	94.370	-163.2061
848.151428	94.387	-162.8147
854.297485	94.406	-162.3734
860.488098	94.426	-161.9627
866.723572	94.447	-161.5358
873.004211	94.470	-161.0921
879.330322	94.495	-160.6856
885.702332	94.522	-160.2705
892.120483	94.550	-159.8280
898.585144	94.580	-159.3845
905.096680	94.612	-158.9322
911.655396	94.646	-158.4938
918.261597	94.682	-158.0668
924.915710	94.720	-157.5925
931.618042	94.761	-157.1725
938.368896	94.804	-156.7176
945.168762	94.848	-156.2663
952.017822	94.894	-155.8359
958.916504	94.942	-155.3952
965.865234	94.992	-154.9844
972.864319	95.044	-154.5674
979.914062	95.098	-154.1272
987.014954	95.153	-153.7232
994.167236	95.207	-153.3134
1001.371399	95.256	-152.9097
1008.627747	95.301	-152.4812
1015.936646	95.343	-152.1343
1023.298584	95.386	-151.7307
1030.713867	95.429	-151.3755
1038.182739	95.474	-151.0038
1045.705933	95.520	-150.6470
1053.283447	95.567	-150.2907
1060.916016	95.615	-149.9679
1068.603882	95.664	-149.6388
1076.347412	95.715	-149.3244
1084.147095	95.766	-149.0270
1092.003296	95.817	-148.6980
1099.916382	95.870	-148.4196
1107.886841	95.923	-148.1505
1115.915039	95.977	-147.8839
1124.001343	96.032	-147.6028
1132.146362	96.088	-147.3778
1140.350342	96.143	-147.1765
1148.613770	96.199	-146.9223
1156.937134	96.255	-146.6983
1165.320801	96.312	-146.4674
1173.765137	96.369	-146.2931
1182.270752	96.426	-146.1069
1190.838013	96.483	-145.8679
1199.467285	96.540	-145.7064
1208.159180	96.597	-145.5534
1216.913940	96.654	-145.3838
1225.732178	96.711	-145.1930
1234.614380	96.769	-145.0749
1243.560913	96.829	-144.9213
1252.572266	96.895	-144.7689
1261.648926	96.967	-144.6255
1270.791382	97.042	-144.5018
1280.000000	97.119	-144.3582
1289.275391	97.195	-144.2354
1298.618042	97.272	-144.1245
1308.028320	97.349	-144.0124
1317.506836	97.426	-143.9038
1327.054077	97.503	-143.7870
1336.670410	97.580	-143.6894
1346.356567	97.658	-143.5767
1356.112793	97.736	-143.4788
1365.939697	97.812	-143.3828
1375.837891	97.889	-143.2552
1385.807739	97.967	-143.1887
1395.849854	98.047	-143.0839
1405.964844	98.126	-143.0033
1416.152954	98.205	-142.9068
1426.415039	98.285	-142.8243
1436.751465	98.367	-142.7232
1447.162720	98.451	-142.6411
1457.649414	98.536	-142.5551
1468.212158	98.620	-142.5273
1478.851440	98.705	-142.4500
1489.567871	98.791	-142.3754
1500.361816	98.877	-142.2966
1511.234131	98.963	-142.2422
1522.185059	99.048	-142.1495
1533.215454	99.135	-142.1056
1544.325806	99.223	-142.0146
1555.516602	99.312	-141.9689
1566.788574	99.402	-141.9157
1578.142090	99.493	-141.8934
1589.578003	99.587	-141.8271
1601.096680	99.682	-141.7958
1612.698975	99.780	-141.7617
1624.385254	99.880	-141.7476
1636.156250	99.982	-141.7325
1648.012451	100.085	-141.7201
1659.954590	100.190	-141.6777
1671.983398	100.296	-141.6777
1684.099243	100.403	-141.6752
1696.302856	100.511	-141.7192
1708.594971	100.621	-141.7229
1720.976196	100.732	-141.7340
1733.447144	100.844	-141.7888
1746.008423	100.958	-141.8374
1758.660645	101.074	-141.8895
1771.404663	101.191	-141.9685
1784.240967	101.310	-142.0385
1797.170288	101.431	-142.1533
1810.193359	101.553	-142.2376
1823.310791	101.676	-142.3230
1836.523193	101.802	-142.4543
1849.831421	101.929	-142.6128
1863.236084	102.056	-142.7806
1876.737793	102.185	-142.9752
1890.337524	102.316	-143.1635
1904.035645	102.448	-143.4103
1917.833008	102.581	-143.6203
1931.730469	102.716	-143.9111
1945.728638	102.852	-144.1837
1959.828125	102.989	-144.4875
1974.029907	103.127	-144.8168
1988.334473	103.266	-145.1546
2002.742798	103.406	-145.5537
2017.255493	103.548	-145.9468
2031.873291	103.689	-146.4001
2046.597168	103.831	-146.8298
2061.427734	103.972	-147.3384
2076.365479	104.113	-147.8898
2091.411865	104.253	-148.4143
2106.566895	104.392	-149.0316
2121.832031	104.530	-149.6382
2137.207764	104.667	-150.3015
2152.694824	104.801	-150.9822
2168.294189	104.934	-151.6796
2184.006592	105.064	-152.4146
2199.832764	105.191	-153.2292
2215.773682	105.316	-154.0761
2231.830078	105.437	-154.9238
2248.002686	105.554	-155.7797
2264.292725	105.666	-156.6951
2280.700684	105.773	-157.6255
2297.227539	105.875	-158.5761
2313.874268	105.972	-159.5558
2330.641602	106.063	-160.5994
2347.530273	106.147	-161.6284
2364.541504	106.225	-162.6505
2381.676025	106.296	-163.7067
2398.934570	106.360	-164.7959
2416.318359	106.417	-165.8406
2433.827881	106.466	-166.9625
2451.464355	106.508	-168.0288
2469.228760	106.543	-169.0657
2487.121826	106.571	-170.1797
2505.144531	106.592	-171.1863
2523.297852	106.606	-172.2278
2541.582764	106.615	-173.1887
2560.000000	106.617	-174.1545
2578.550781	106.614	-175.0705
2597.236084	106.608	-175.9433
2616.056641	106.599	-176.7462
2635.013672	106.591	-177.5669
2654.108154	106.584	-178.2552
2673.340820	106.580	-178.9776
2692.713135	106.579	-179.6621
2712.225586	106.583	179.5952
2731.879395	106.588	178.8489
2751.675781	106.594	178.1679
2771.615479	106.598	177.3770
2791.699707	106.598	176.6329
2811.929688	106.595	175.8475
2832.305908	106.586	175.0828
2852.830078	106.571	174.2972
2873.502930	106.551	173.5498
2894.325439	106.527	172.8463
2915.298828	106.500	172.2216
2936.424316	106.473	171.5730
2957.702881	106.448	171.0173
2979.135742	106.427	170.4688
3000.723633	106.410	169.9915
3022.468262	106.398	169.5143
3044.370117	106.392	169.0296
3066.430908	106.392	168.5755
3088.651611	106.398	168.0572
3111.033203	106.411	167.5104
3133.577148	106.430	166.9818
3156.284180	106.454	166.2874
3179.156006	106.480	165.5585
3202.193359	106.505	164.8124
3225.397949	106.522	163.9266
3248.770508	106.528	163.0197
3272.312500	106.520	162.0801
3296.024902	106.496	161.0964
3319.909180	106.457	160.1609
3343.966797	106.404	159.2652
3368.198486	106.339	158.4506
3392.605713	106.266	157.7169
3417.189941	106.188	157.0760
3441.952393	106.106	156.4567
3466.894287	106.022	155.9757
3492.016846	105.938	155.5211
3517.321289	105.856	155.1967
3542.809326	105.775	154.8391
3568.481934	105.698	154.6710
3594.340576	105.624	154.4520
3620.386719	105.552	154.3370
3646.621582	105.485	154.3103
3673.046387	105.422	154.3072
3699.662842	105.366	154.4193
3726.472168	105.320	154.5957
3753.475586	105.290	154.8593
3780.675049	105.281	155.2129
3808.071289	105.294	155.5277
3835.666016	105.330	155.8456
3863.460938	105.384	155.9985
3891.457275	105.446	156.0520
3919.656250	105.511	155.9709
3948.059814	105.572	155.8351
3976.668945	105.625	155.6628
4005.485596	105.667	155.4312
4034.510986	105.699	155.2662
4063.746582	105.726	155.0388
4093.194336	105.754	154.8987
4122.855469	105.786	154.7849
4152.730957	105.826	154.6967
4182.823730	105.875	154.5646
4213.133789	105.933	154.4402
4243.664062	106.001	154.2883
4274.415527	106.078	154.0542
4305.389648	106.163	153.8190
4336.588379	106.254	153.4572
4368.013184	106.351	153.0669
4399.665527	106.454	152.6171
4431.547363	106.562	152.0318
4463.660156	106.675	151.3347
4496.005371	106.790	150.6416
4528.585449	106.908	149.7794
4561.401367	107.026	148.8041
4594.455078	107.140	147.6425
4627.748535	107.245	146.3062
4661.283203	107.337	144.8512
4695.060547	107.409	143.2241
4729.083008	107.459	141.4735
4763.352051	107.483	139.6837
4797.869141	107.476	137.7273
4832.636719	107.438	135.7903
4867.655762	107.367	133.8458
4902.928711	107.263	131.9778
4938.457520	107.129	130.1410
4974.243652	106.969	128.4319
5010.289062	106.785	126.9024
5046.595703	106.584	125.5088
5083.165527	106.369	124.2451
5120.000000	106.144	123.1998
5157.101562	105.912	122.3495
5194.472168	105.677	121.6630
5232.113281	105.444	121.0920
5270.027344	105.216	120.7674
5308.216309	104.994	120.5420
5346.681641	104.780	120.4058
5385.426270	104.576	120.4088
5424.451172	104.384	120.5461
5463.758789	104.204	120.7070
5503.351562	104.037	121.0047
5543.230957	103.883	121.2838
5583.399414	103.742	121.7051
5623.859375	103.613	122.1057
5664.611816	103.495	122.5115
5705.660156	103.389	123.0257
5747.005859	103.294	123.5447
5788.650879	103.212	124.0739
5830.597656	103.146	124.6115
5872.848633	103.097	125.1960
5915.405762	103.062	125.6911
5958.271484	103.037	126.1290
6001.447266	103.014	126.4713
6044.936523	102.989	126.8243
6088.740234	102.961	127.1269
6132.861816	102.933	127.4658
6177.303223	102.909	127.8198
6222.066406	102.892	128.2603
6267.154297	102.881	128.7300
6312.568359	102.876	129.1677
6358.312012	102.874	129.6883
6404.386719	102.879	130.1486
6450.795898	102.891	130.6110
6497.541016	102.912	131.1071
6544.625000	102.943	131.6144
6592.049805	102.983	132.1273
6639.818359	103.034	132.6312
6687.933594	103.097	133.1443
6736.396973	103.173	133.6374
6785.211426	103.264	134.1966
6834.379883	103.370	134.7015
6883.904785	103.493	135.1356
6933.788574	103.634	135.7059
6984.033691	103.796	136.1322
7034.642578	103.979	136.5456
7085.618652	104.186	136.9138
7136.963867	104.418	137.1653
7188.681152	104.676	137.3960
7240.773438	104.963	137.5181
7293.243164	105.280	137.4535
7346.092773	105.629	137.2885
7399.325684	106.013	136.8637
7452.944336	106.435	136.2371
7506.951172	106.895	135.3309
7561.350098	107.393	134.0087
7616.142578	107.926	132.1964
7671.332031	108.484	129.7003
7726.921875	109.054	126.6378
7782.914551	109.617	122.6134
7839.312500	110.143	117.7531
7896.119629	110.593	111.7850
7953.337891	110.919	104.8753
8010.971191	111.074	97.1220
8069.021973	111.023	89.0170
8127.493164	110.756	80.9092
8186.388672	110.285	73.3541
8245.710938	109.645	66.5476
8305.461914	108.880	60.7749
8365.647461	108.034	56.0217
8426.267578	107.147	52.2318
8487.328125	106.250	49.3657
8548.831055	105.363	47.1707
8610.779297	104.500	45.6238
8673.176758	103.670	44.6246
8736.026367	102.876	43.9643
8799.331055	102.119	43.7653
8863.094727	101.397	43.8042
8927.320312	100.708	44.0376
8992.010742	100.051	44.5598
9057.170898	99.422	45.2488
9122.802734	98.821	46.0594
9188.910156	98.247	47.0163
9255.497070	97.696	48.1385
9322.566406	97.168	49.4041
9390.121094	96.663	50.7841
9458.166016	96.181	52.2233
9526.704102	95.720	53.7990
9595.738281	95.281	55.4621
9665.273438	94.861	57.2312
9735.311523	94.460	59.0132
9805.857422	94.079	60.9389
9876.915039	93.717	62.9848
9948.487305	93.376	65.1309
10020.578125	93.054	67.2213
10093.191406	92.755	69.4452
10166.331055	92.479	71.7862
10240.000000	92.225	74.2753
10314.203125	91.997	76.7911
10388.944336	91.795	79.3996
10464.226562	91.622	82.1074
10540.054688	91.481	84.8598
10616.432617	91.372	87.6077
10693.363281	91.299	90.5187
10770.852539	91.266	93.3357
10848.902344	91.272	96.1743
10927.517578	91.320	99.0352
11006.703125	91.412	101.8117
11086.461914	91.550	104.5260
11166.798828	91.732	107.0349
11247.718750	91.959	109.4504
11329.223633	92.230	111.5748
11411.320312	92.546	113.5162
11494.011719	92.909	115.1861
11577.301758	93.317	116.5915
11661.195312	93.764	117.4362
11745.697266	94.244	117.8228
11830.811523	94.741	117.3800
11916.542969	95.232	116.3046
12002.894531	95.687	114.3914
12089.873047	96.069	111.6047
12177.480469	96.339	108.0681
12265.723633	96.464	104.0598
12354.606445	96.426	99.9141
12444.132812	96.224	95.9253
12534.308594	95.877	92.5089
12625.136719	95.422	90.0139
12716.624023	94.898	88.3836
12808.773438	94.346	87.6084
12901.591797	93.800	87.7492
12995.082031	93.287	88.5540
13089.250000	92.825	90.0540
13184.099609	92.425	91.8958
13279.636719	92.094	94.1788
13375.867188	91.838	96.6875
13472.793945	91.659	99.4985
13570.422852	91.557	102.3599
13668.759766	91.534	105.3731
13767.809570	91.589	108.1949
13867.577148	91.716	111.0067
13968.067383	91.913	113.6492
14069.285156	92.171	115.9634
14171.237305	92.485	118.1081
14273.927734	92.850	120.0768
14377.362305	93.269	121.7588
14481.546875	93.745	123.1783
14586.486328	94.286	124.3531
14692.185547	94.898	125.1607
14798.651367	95.587	125.5147
14905.888672	96.357	125.1102
15013.902344	97.204	123.9886
15122.700195	98.114	121.7301
15232.285156	99.044	118.0776
15342.664062	99.924	112.6127
15453.843750	100.658	105.4260
15565.829102	101.148	96.5819
15678.625000	101.322	86.7930
15792.239258	101.162	77.1713
15906.675781	100.719	68.5237
16021.942383	100.103	61.5511
16138.043945	99.433	56.2642
16254.986328	98.797	52.3669
16372.777344	98.244	49.4844
16491.421875	97.800	47.0904
16610.923828	97.472	45.0853
16731.294922	97.261	43.0805
16852.535156	97.162	40.6088
16974.656250	97.162	37.8133
17097.662109	97.234	33.6602
17221.558594	97.333	28.6481
17346.353516	97.391	21.8586
17472.052734	97.317	13.5433
17598.662109	97.009	3.6153
17726.189453	96.376	-7.3206
17854.640625	95.355	-18.3068
17984.021484	93.932	-28.3607
18114.341797	92.144	-36.6211
18245.605469	90.073	-42.3094
18377.820312	87.831	-45.3481
18510.994141	85.535	-45.6577
18645.132812	83.289	-43.9788
18780.242188	81.157	-40.7221
18916.332031	79.145	-36.6201
19053.408203	77.219	-31.5972
19191.476562	75.334	-25.6393
19330.546875	73.469	-18.1775
19470.623047	71.664	-8.5575
19611.714844	70.036	3.6096
19753.830078	68.746	17.7192
19896.974609	67.928	32.3702
