20.144928	105.210	-166.9043
20.290907	105.215	-167.1932
20.437943	105.221	-167.4744
20.586044	105.227	-167.7523
20.735220	105.231	-168.0267
20.885475	105.234	-168.2999
21.036821	105.236	-168.5752
21.189262	105.238	-168.8599
21.342808	105.239	-169.1456
21.497467	105.241	-169.4323
21.653246	105.242	-169.7195
21.810154	105.243	-170.0075
21.968201	105.243	-170.2951
22.127390	105.244	-170.5906
22.287735	105.245	-170.8871
22.449242	105.245	-171.1806
22.611917	105.246	-171.4713
22.775772	105.246	-171.7590
22.940815	105.247	-172.0433
23.107054	105.248	-172.3330
23.274498	105.249	-172.6247
23.443153	105.249	-172.9151
23.613033	105.250	-173.2048
23.784142	105.251	-173.4938
23.956491	105.252	-173.7829
24.130091	105.252	-174.0791
24.304947	105.252	-174.3774
24.481071	105.252	-174.6746
24.658470	105.251	-174.9693
24.837156	105.250	-175.2616
25.017136	105.249	-175.5510
25.198421	105.248	-175.8451
25.381020	105.246	-176.1354
25.564941	105.244	-176.4221
25.750195	105.243	-176.7060
25.936790	105.241	-176.9874
26.124741	105.239	-177.2722
26.314051	105.237	-177.5583
26.504732	105.234	-177.8436
26.696796	105.231	-178.1282
26.890253	105.227	-178.4122
27.085112	105.222	-178.6981
27.281382	105.217	-178.9868
27.479073	105.211	-179.2759
27.678198	105.205	-179.5660
27.878765	105.199	-179.8584
28.080786	105.192	179.8435
28.284271	105.185	179.5370
28.489231	105.179	179.2258
28.695675	105.171	178.9102
28.903616	105.163	178.5913
29.113064	105.154	178.2692
29.324028	105.144	177.9469
29.536524	105.133	177.6303
29.750557	105.121	177.3235
29.966141	105.108	177.0280
30.183289	105.096	176.7401
30.402010	105.083	176.4634
30.622314	105.071	176.1979
30.844217	105.059	175.9395
31.067726	105.048	175.6851
31.292856	105.037	175.4276
31.519617	105.026	175.1692
31.748020	105.014	174.9075
31.978081	105.003	174.6417
32.209808	104.991	174.3656
32.443211	104.979	174.0842
32.678310	104.966	173.7979
32.915108	104.953	173.5067
33.153625	104.940	173.2067
33.393871	104.927	172.9004
33.635857	104.914	172.5908
33.879597	104.901	172.2812
34.125103	104.887	171.9728
34.372387	104.873	171.6682
34.621464	104.859	171.3729
34.872345	104.845	171.0869
35.125042	104.832	170.8070
35.379574	104.819	170.5294
35.635948	104.806	170.2534
35.894180	104.793	169.9765
36.154285	104.779	169.6946
36.416275	104.763	169.4091
36.680161	104.746	169.1227
36.945961	104.727	168.8375
37.213688	104.707	168.5541
37.483353	104.685	168.2742
37.754974	104.663	167.9976
38.028561	104.641	167.7223
38.304131	104.618	167.4429
38.581699	104.595	167.1632
38.861279	104.570	166.8839
39.142883	104.545	166.6053
39.426529	104.519	166.3292
39.712231	104.493	166.0566
40.000000	104.466	165.7864
40.289856	104.440	165.5123
40.581814	104.414	165.2399
40.875885	104.388	164.9741
41.172089	104.362	164.7205
41.470440	104.338	164.4854
41.770950	104.317	164.2728
42.073643	104.300	164.0784
42.378525	104.288	163.8873
42.685616	104.280	163.6855
42.994934	104.274	163.4614
43.306492	104.266	163.2056
43.620308	104.253	162.9287
43.936401	104.234	162.6446
44.254780	104.210	162.3671
44.575470	104.184	162.1010
44.898483	104.156	161.8393
45.223835	104.130	161.5659
45.551544	104.106	161.2700
45.881630	104.081	160.9500
46.214108	104.055	160.6143
46.548996	104.027	160.2840
46.886307	103.997	159.9802
47.226067	103.966	159.7125
47.568283	103.937	159.4757
47.912983	103.909	159.2551
48.260181	103.882	159.0316
48.609894	103.854	158.7987
48.962143	103.826	158.5569
49.316940	103.796	158.3083
49.674313	103.767	158.0542
50.034271	103.738	157.7922
50.396843	103.708	157.5180
50.762039	103.677	157.2386
51.129883	103.643	156.9634
51.500389	103.608	156.7033
51.873581	103.571	156.4650
52.249481	103.533	156.2416
52.628101	103.496	156.0198
53.009464	103.459	155.7861
53.393593	103.421	155.5333
53.780506	103.382	155.2663
54.170223	103.341	154.9939
54.562763	103.301	154.7253
54.958145	103.261	154.4674
55.356396	103.223	154.2186
55.757530	103.184	153.9761
56.161572	103.146	153.7365
56.568542	103.105	153.4985
56.978462	103.062	153.2645
57.391350	103.017	153.0352
57.807232	102.972	152.8114
58.226128	102.929	152.5865
58.648056	102.887	152.3505
59.073048	102.848	152.0961
59.501114	102.808	151.8231
59.932281	102.767	151.5468
60.366577	102.722	151.2840
60.804020	102.676	151.0470
61.244629	102.629	150.8330
61.688435	102.582	150.6291
62.135452	102.537	150.4217
62.585712	102.491	150.2033
63.039234	102.446	149.9763
63.496040	102.401	149.7494
63.956161	102.356	149.5334
64.419617	102.311	149.3301
64.886421	102.268	149.1375
65.356621	102.226	148.9454
65.830215	102.184	148.7446
66.307251	102.140	148.5339
66.787743	102.094	148.3215
67.271713	102.046	148.1165
67.759193	101.999	147.9216
68.250206	101.952	147.7293
68.744774	101.907	147.5295
69.242928	101.861	147.3225
69.744690	101.814	147.1216
70.250084	101.766	146.9417
70.759148	101.718	146.7855
71.271896	101.671	146.6367
71.788361	101.623	146.4742
72.308571	101.572	146.2922
72.832550	101.520	146.1025
73.360321	101.468	145.9206
73.891922	101.419	145.7475
74.427376	101.371	145.5768
74.966705	101.324	145.4070
75.509949	101.276	145.2388
76.057121	101.226	145.0746
76.608261	101.176	144.9055
77.163399	101.125	144.7300
77.722557	101.073	144.5619
78.285767	101.021	144.4135
78.853058	100.969	144.2866
79.424461	100.917	144.1711
80.000000	100.862	144.0561
80.579712	100.806	143.9339
81.163628	100.749	143.8012
81.751770	100.692	143.6573
82.344177	100.635	143.5108
82.940880	100.578	143.3768
83.541901	100.520	143.2579
84.147285	100.462	143.1476
84.757050	100.405	143.0355
85.371231	100.347	142.9297
85.989868	100.290	142.8343
86.612984	100.233	142.7410
87.240616	100.175	142.6462
87.872803	100.115	142.5437
88.509560	100.054	142.4330
89.150940	99.993	142.3282
89.796967	99.933	142.2362
90.447670	99.874	142.1543
91.103088	99.814	142.0835
91.763260	99.754	142.0228
92.428215	99.695	141.9551
93.097992	99.635	141.8782
93.772614	99.574	141.8098
94.452133	99.511	141.7585
95.136566	99.449	141.7138
95.825966	99.386	141.6660
96.520363	99.323	141.6255
97.219788	99.261	141.5992
97.924286	99.199	141.5801
98.633881	99.136	141.5574
99.348625	99.074	141.5271
100.068542	99.012	141.4884
100.793686	98.950	141.4600
101.524078	98.888	141.4535
102.259766	98.826	141.4630
103.000778	98.763	141.4655
103.747162	98.701	141.4462
104.498962	98.640	141.4354
105.256203	98.579	141.4341
106.018929	98.516	141.4393
106.787186	98.451	141.4634
107.561012	98.388	141.4768
108.340446	98.324	141.4716
109.125526	98.259	141.4664
109.916290	98.193	141.4771
110.712791	98.127	141.4862
111.515060	98.062	141.5143
112.323143	97.997	141.5632
113.137085	97.931	141.6149
113.956924	97.865	141.6661
114.782700	97.799	141.7064
115.614464	97.735	141.7465
116.452255	97.673	141.7951
117.296112	97.611	141.8557
118.146095	97.549	141.9313
119.002228	97.487	142.0048
119.864563	97.422	142.0632
120.733154	97.356	142.1276
121.608040	97.289	142.2208
122.489258	97.222	142.3206
123.376869	97.156	142.4169
124.270905	97.090	142.5093
125.171425	97.028	142.5987
126.078468	96.968	142.6970
126.992081	96.910	142.8060
127.912323	96.850	142.9209
128.839233	96.789	143.0519
129.772842	96.728	143.1822
130.713242	96.666	143.3191
131.660431	96.604	143.4803
132.614502	96.541	143.6498
133.575485	96.478	143.8210
134.543427	96.415	144.0082
135.518387	96.352	144.2233
136.500412	96.286	144.4660
137.489548	96.218	144.7203
138.485855	96.151	144.9875
139.489380	96.086	145.3013
140.500168	96.025	145.6723
141.518295	95.968	146.0966
142.543793	95.917	146.5707
143.576721	95.876	147.0616
144.617142	95.844	147.5477
145.665100	95.821	148.0222
146.720642	95.806	148.4581
147.783844	95.798	148.8485
148.854752	95.795	149.1622
149.933411	95.794	149.4730
151.019897	95.794	149.7423
152.114243	95.793	149.9406
153.216522	95.790	150.0995
154.326797	95.786	150.2292
155.445114	95.779	150.3300
156.571533	95.766	150.4179
157.706116	95.748	150.5224
158.848923	95.725	150.6096
160.000000	95.697	150.6871
161.159424	95.665	150.7886
162.327255	95.628	150.9096
163.503540	95.588	151.0305
164.688354	95.549	151.1742
165.881760	95.510	151.3336
167.083801	95.471	151.5128
168.294571	95.431	151.6846
169.514099	95.391	151.8510
170.742462	95.351	152.0140
171.979736	95.311	152.1999
173.225967	95.271	152.3685
174.481232	95.229	152.5613
175.745605	95.185	152.7892
177.019119	95.141	153.0433
178.301880	95.100	153.2990
179.593933	95.060	153.5571
180.895340	95.024	153.8346
182.206177	94.991	154.1348
183.526520	94.961	154.4318
184.856430	94.934	154.7192
186.195984	94.911	155.0033
187.545227	94.890	155.2958
188.904266	94.870	155.5516
190.273132	94.851	155.7847
191.651932	94.833	155.9941
193.040726	94.815	156.2106
194.439575	94.796	156.3993
195.848572	94.775	156.5653
197.267761	94.752	156.7334
198.697250	94.727	156.9052
200.137085	94.701	157.1087
201.587372	94.675	157.2846
203.048157	94.650	157.4907
204.519531	94.625	157.6997
206.001556	94.600	157.9513
207.494324	94.575	158.2353
208.997925	94.553	158.5145
210.512405	94.535	158.8189
212.037857	94.522	159.1058
213.574371	94.513	159.3936
215.122025	94.507	159.6582
216.680893	94.503	159.9044
218.251053	94.500	160.1400
219.832581	94.497	160.3482
221.425583	94.494	160.5310
223.030121	94.490	160.7065
224.646286	94.486	160.8420
226.274170	94.481	160.9966
227.913849	94.472	161.1326
229.565399	94.460	161.2766
231.228928	94.447	161.4128
232.904510	94.435	161.5693
234.592224	94.422	161.7192
236.292191	94.408	161.8713
238.004456	94.394	162.0497
239.729126	94.381	162.2090
241.466309	94.367	162.3638
243.216080	94.353	162.5308
244.978516	94.341	162.7154
246.753738	94.328	162.8687
248.541809	94.314	163.0334
250.342850	94.299	163.2198
252.156937	94.283	163.3809
253.984161	94.266	163.5318
255.824646	94.250	163.6945
257.678467	94.235	163.9018
259.545685	94.220	164.0883
261.426483	94.205	164.2668
263.320862	94.188	164.4441
265.229004	94.172	164.6140
267.150970	94.156	164.8123
269.086853	94.141	164.9701
271.036774	94.127	165.1003
273.000824	94.111	165.3087
274.979095	94.096	165.4977
276.971710	94.082	165.6866
278.978760	94.069	165.8341
281.000336	94.055	165.9787
283.036591	94.042	166.1505
285.087585	94.029	166.3386
287.153442	94.016	166.5079
289.234283	94.003	166.6821
291.330200	93.992	166.8413
293.441284	93.981	167.0010
295.567688	93.969	167.1573
297.709503	93.956	167.3113
299.866821	93.943	167.4660
302.039795	93.932	167.6454
304.228485	93.921	167.8285
306.433044	93.910	167.9589
308.653595	93.898	168.1215
310.890228	93.887	168.2739
313.143066	93.876	168.4456
315.412231	93.867	168.5732
317.697845	93.860	168.7366
320.000000	93.854	168.8924
322.318848	93.849	169.0321
324.654510	93.844	169.1909
327.007080	93.839	169.3588
329.376709	93.835	169.5150
331.763519	93.832	169.6802
334.167603	93.828	169.8473
336.589142	93.824	169.9895
339.028198	93.820	170.1213
341.484924	93.817	170.2609
343.959473	93.815	170.4032
346.451935	93.812	170.5585
348.962463	93.808	170.7015
351.491211	93.805	170.8414
354.038239	93.802	171.0018
356.603760	93.800	171.1354
359.187866	93.798	171.2756
361.790680	93.795	171.4421
364.412354	93.791	171.5780
367.053040	93.788	171.7508
369.712860	93.784	171.8821
372.391968	93.780	172.0197
375.090454	93.775	172.1790
377.808533	93.771	172.2767
380.546265	93.768	172.4260
383.303864	93.764	172.5889
386.081451	93.761	172.7299
388.879150	93.756	172.8741
391.697144	93.753	173.0110
394.535522	93.750	173.1456
397.394501	93.747	173.3026
400.274170	93.743	173.4628
403.174744	93.738	173.6082
406.096313	93.733	173.7394
409.039062	93.727	173.8871
412.003113	93.721	174.0172
414.988647	93.715	174.1593
417.995850	93.710	174.3251
421.024811	93.706	174.4826
424.075714	93.703	174.6030
427.148743	93.699	174.7857
430.244049	93.693	174.9331
433.361786	93.687	175.0360
436.502106	93.682	175.1916
439.665161	93.678	175.3652
442.851166	93.674	175.5182
446.060242	93.669	175.6609
449.292572	93.663	175.8217
452.548340	93.657	175.9656
455.827698	93.651	176.1007
459.130798	93.646	176.2750
462.457855	93.640	176.4168
465.809021	93.635	176.5623
469.184448	93.630	176.7352
472.584381	93.624	176.9178
476.008911	93.619	177.0851
479.458252	93.615	177.2407
482.932617	93.610	177.3591
486.432159	93.605	177.5459
489.957031	93.598	177.7010
493.507477	93.590	177.8622
497.083618	93.584	178.0531
500.685699	93.579	178.1916
504.313873	93.576	178.3961
507.968323	93.572	178.5417
511.649292	93.569	178.7516
515.356934	93.565	178.9232
519.091370	93.560	179.1148
522.852966	93.556	179.2761
526.641724	93.552	179.4185
530.458008	93.549	179.6136
534.301941	93.546	179.8139
538.173706	93.542	-179.9871
542.073547	93.537	-179.7878
546.001648	93.533	-179.6028
549.958191	93.529	-179.4221
553.943420	93.526	-179.2213
557.957520	93.523	-179.0177
562.000671	93.520	-178.8182
566.073181	93.517	-178.5954
570.175171	93.514	-178.3888
574.306885	93.509	-178.1908
578.468567	93.506	-177.9831
582.660400	93.502	-177.7540
586.882568	93.498	-177.5490
591.135376	93.495	-177.3209
595.419006	93.493	-177.0637
599.733643	93.491	-176.8620
604.079590	93.488	-176.6136
608.456970	93.485	-176.3855
612.866089	93.481	-176.1446
617.307190	93.478	-175.9133
621.780457	93.474	-175.6749
626.286133	93.472	-175.4011
630.824463	93.471	-175.1455
635.395691	93.474	-174.8873
640.000000	93.478	-174.6168
644.637695	93.482	-174.3794
649.309021	93.487	-174.0616
654.014160	93.491	-173.7882
658.753418	93.495	-173.5306
663.527039	93.500	-173.2467
668.335205	93.506	-172.9392
673.178284	93.512	-172.6554
678.056396	93.519	-172.3469
682.969849	93.526	-172.0403
687.918945	93.533	-171.7178
692.903870	93.541	-171.4223
697.924927	93.549	-171.0899
702.982422	93.557	-170.7603
708.076477	93.566	-170.4461
713.207520	93.578	-170.0978
718.375732	93.590	-169.7531
723.581360	93.602	-169.4325
728.824707	93.613	-169.0405
734.106079	93.625	-168.6775
739.425720	93.638	-168.3448
744.783936	93.653	-167.9903
750.180908	93.669	-167.6148
755.617065	93.686	-167.2342
761.092529	93.703	-166.8517
766.607727	93.722	-166.4909
772.162903	93.741	-166.0984
777.758301	93.761	-165.6927
783.394287	93.782	-165.3117
789.071045	93.803	-164.9049
794.789001	93.826	-164.4939
800.548340	93.848	-164.0513
806.349487	93.869	-163.6182
812.192627	93.891	-163.2252
818.078125	93.914	-162.7665
824.006226	93.939	-162.2938
829.977295	93.966	-161.8381
835.991699	93.996	-161.3801
842.049622	94.028	-160.9611
848.151428	94.062	-160.5107
854.297485	94.100	-160.0216
860.488098	94.140	-159.5764
866.723572	94.182	-159.1283
873.004211	94.226	-158.6702
879.330322	94.274	-158.2573
885.702332	94.324	-157.8490
892.120483	94.376	-157.4289
898.585144	94.430	-157.0242
905.096680	94.486	-156.6216
911.655396	94.543	-156.2437
918.261597	94.601	-155.8919
924.915710	94.660	-155.5150
931.618042	94.719	-155.2115
938.368896	94.780	-154.8817
945.168762	94.840	-154.5628
952.017822	94.901	-154.2611
958.916504	94.962	-153.9557
965.865234	95.024	-153.6880
972.864319	95.085	-153.4189
979.914062	95.146	-153.1343
987.014954	95.206	-152.8829
994.167236	95.263	-152.6233
1001.371399	95.315	-152.3681
1008.627747	95.360	-152.0856
1015.936646	95.402	-151.8814
1023.298584	95.442	-151.6154
1030.713867	95.482	-151.3828
1038.182739	95.522	-151.1341
1045.705933	95.563	-150.9009
1053.283447	95.605	-150.6561
1060.916016	95.647	-150.4463
1068.603882	95.689	-150.2276
1076.347412	95.731	-150.0174
1084.147095	95.774	-149.8162
1092.003296	95.817	-149.5803
1099.916382	95.861	-149.3908
1107.886841	95.906	-149.1953
1115.915039	95.951	-148.9952
1124.001343	95.996	-148.7849
1132.146362	96.041	-148.6279
1140.350342	96.087	-148.4900
1148.613770	96.134	-148.2966
1156.937134	96.181	-148.1308
1165.320801	96.227	-147.9584
1173.765137	96.273	-147.8436
1182.270752	96.320	-147.7114
1190.838013	96.368	-147.5125
1199.467285	96.416	-147.3875
1208.159180	96.464	-147.2787
1216.913940	96.512	-147.1583
1225.732178	96.559	-147.0081
1234.614380	96.607	-146.9268
1243.560913	96.658	-146.8107
1252.572266	96.714	-146.6833
1261.648926	96.776	-146.5649
1270.791382	96.843	-146.4725
1280.000000	96.912	-146.3615
1289.275391	96.980	-146.2717
1298.618042	97.047	-146.1926
1308.028320	97.113	-146.1114
1317.506836	97.180	-146.0246
1327.054077	97.247	-145.9283
1336.670410	97.315	-145.8553
1346.356567	97.383	-145.7710
1356.112793	97.450	-145.6979
1365.939697	97.518	-145.6169
1375.837891	97.585	-145.5051
1385.807739	97.654	-145.4595
1395.849854	97.723	-145.3675
1405.964844	97.793	-145.3019
1416.152954	97.863	-145.2241
1426.415039	97.932	-145.1640
1436.751465	98.002	-145.0829
1447.162720	98.073	-145.0091
1457.649414	98.145	-144.9230
1468.212158	98.217	-144.8895
1478.851440	98.290	-144.8154
1489.567871	98.363	-144.7532
1500.361816	98.436	-144.6854
1511.234131	98.511	-144.6369
1522.185059	98.589	-144.5437
1533.215454	98.668	-144.4999
1544.325806	98.747	-144.4231
1555.516602	98.828	-144.3943
1566.788574	98.909	-144.3481
1578.142090	98.991	-144.3223
1589.578003	99.074	-144.2395
1601.096680	99.158	-144.1899
1612.698975	99.244	-144.1491
1624.385254	99.332	-144.1341
1636.156250	99.423	-144.1120
1648.012451	99.514	-144.0830
1659.954590	99.607	-144.0185
1671.983398	99.701	-144.0007
1684.099243	99.797	-143.9824
1696.302856	99.894	-144.0072
1708.594971	99.991	-143.9914
1720.976196	100.091	-143.9883
1733.447144	100.192	-144.0221
1746.008423	100.295	-144.0415
1758.660645	100.399	-144.0690
1771.404663	100.504	-144.1251
1784.240967	100.611	-144.1667
1797.170288	100.719	-144.2485
1810.193359	100.830	-144.3006
1823.310791	100.941	-144.3588
1836.523193	101.054	-144.4590
1849.831421	101.167	-144.5817
1863.236084	101.282	-144.7115
1876.737793	101.399	-144.8647
1890.337524	101.517	-145.0108
1904.035645	101.636	-145.2165
1917.833008	101.757	-145.3808
1931.730469	101.880	-145.6235
1945.728638	102.004	-145.8455
1959.828125	102.129	-146.0971
1974.029907	102.254	-146.3695
1988.334473	102.380	-146.6458
2002.742798	102.507	-146.9811
2017.255493	102.635	-147.3089
2031.873291	102.763	-147.6972
2046.597168	102.891	-148.0592
2061.427734	103.019	-148.4926
2076.365479	103.147	-148.9639
2091.411865	103.274	-149.4101
2106.566895	103.401	-149.9458
2121.832031	103.526	-150.4635
2137.207764	103.650	-151.0350
2152.694824	103.772	-151.6187
2168.294189	103.892	-152.2144
2184.006592	104.010	-152.8432
2199.832764	104.126	-153.5455
2215.773682	104.239	-154.2762
2231.830078	104.349	-155.0031
2248.002686	104.456	-155.7308
2264.292725	104.558	-156.5135
2280.700684	104.656	-157.3065
2297.227539	104.750	-158.1154
2313.874268	104.839	-158.9501
2330.641602	104.923	-159.8414
2347.530273	105.002	-160.7154
2364.541504	105.075	-161.5827
2381.676025	105.144	-162.4777
2398.934570	105.207	-163.3995
2416.318359	105.265	-164.2786
2433.827881	105.316	-165.2368
2451.464355	105.361	-166.1404
2469.228760	105.401	-167.0140
2487.121826	105.436	-167.9666
2505.144531	105.465	-168.8211
2523.297852	105.489	-169.7204
2541.582764	105.508	-170.5473
2560.000000	105.522	-171.3910
2578.550781	105.532	-172.1993
2597.236084	105.538	-172.9836
2616.056641	105.540	-173.7180
2635.013672	105.541	-174.4873
2654.108154	105.539	-175.1354
2673.340820	105.536	-175.8162
2692.713135	105.534	-176.4354
2712.225586	105.533	-177.0747
2731.879395	105.536	-177.6819
2751.675781	105.541	-178.1949
2771.615479	105.549	-178.8003
2791.699707	105.560	-179.3539
2811.929688	105.570	-179.9513
2832.305908	105.579	179.4612
2852.830078	105.587	178.8323
2873.502930	105.591	178.2148
2894.325439	105.594	177.6147
2915.298828	105.595	177.0667
2936.424316	105.595	176.4627
2957.702881	105.597	175.9182
2979.135742	105.600	175.3548
3000.723633	105.605	174.8434
3022.468262	105.611	174.3188
3044.370117	105.620	173.7789
3066.430908	105.630	173.2621
3088.651611	105.642	172.6755
3111.033203	105.655	172.0628
3133.577148	105.670	171.4813
3156.284180	105.685	170.7595
3179.156006	105.699	170.0380
3202.193359	105.709	169.3400
3225.397949	105.712	168.5496
3248.770508	105.706	167.7897
3272.312500	105.691	167.0384
3296.024902	105.666	166.2657
3319.909180	105.634	165.5444
3343.966797	105.593	164.8502
3368.198486	105.546	164.2170
3392.605713	105.494	163.6404
3417.189941	105.437	163.1347
3441.952393	105.378	162.6311
3466.894287	105.318	162.2488
3492.016846	105.258	161.8818
3517.321289	105.199	161.6408
3542.809326	105.143	161.3690
3568.481934	105.091	161.2902
3594.340576	105.046	161.1648
3620.386719	105.008	161.1420
3646.621582	104.982	161.1920
3673.046387	104.968	161.2248
3699.662842	104.968	161.2859
3726.472168	104.980	161.2859
3753.475586	105.001	161.2356
3780.675049	105.025	161.1564
3808.071289	105.050	160.9800
3835.666016	105.074	160.8265
3863.460938	105.096	160.5913
3891.457275	105.117	160.3748
3919.656250	105.136	160.1409
3948.059814	105.154	159.9460
3976.668945	105.170	159.7773
4005.485596	105.182	159.5774
4034.510986	105.189	159.4483
4063.746582	105.195	159.2472
4093.194336	105.203	159.1180
4122.855469	105.214	159.0052
4152.730957	105.230	158.9132
4182.823730	105.252	158.7833
4213.133789	105.282	158.6783
4243.664062	105.319	158.5658
4274.415527	105.364	158.3910
4305.389648	105.414	158.2336
4336.588379	105.470	157.9704
4368.013184	105.531	157.7023
4399.665527	105.596	157.3994
4431.547363	105.663	156.9882
4463.660156	105.732	156.4966
4496.005371	105.802	156.0526
4528.585449	105.873	155.4964
4561.401367	105.943	154.8999
4594.455078	106.011	154.2032
4627.748535	106.077	153.4219
4661.283203	106.138	152.6036
4695.060547	106.194	151.6806
4729.083008	106.241	150.6851
4763.352051	106.278	149.6828
4797.869141	106.302	148.5237
4832.636719	106.312	147.3733
4867.655762	106.306	146.1822
4902.928711	106.284	145.0122
4938.457520	106.246	143.7972
4974.243652	106.193	142.6159
5010.289062	106.126	141.5078
5046.595703	106.048	140.4229
5083.165527	105.958	139.3538
5120.000000	105.857	138.3920
5157.101562	105.747	137.5205
5194.472168	105.628	136.7184
5232.113281	105.503	135.9449
5270.027344	105.372	135.3471
5308.216309	105.237	134.7996
5346.681641	105.100	134.3079
5385.426270	104.962	133.9351
5424.451172	104.825	133.6873
5463.758789	104.692	133.4644
5503.351562	104.562	133.3872
5543.230957	104.439	133.3037
5583.399414	104.321	133.3835
5623.859375	104.210	133.4691
5664.611816	104.108	133.5874
5705.660156	104.017	133.8302
5747.005859	103.936	134.0678
5788.650879	103.864	134.2798
5830.597656	103.797	134.4656
5872.848633	103.733	134.7062
5915.405762	103.670	134.9365
5958.271484	103.609	135.2410
6001.447266	103.554	135.5853
6044.936523	103.507	136.0294
6088.740234	103.469	136.4498
6132.861816	103.441	136.8938
6177.303223	103.422	137.3267
6222.066406	103.413	137.8311
6267.154297	103.414	138.3612
6312.568359	103.420	138.8500
6358.312012	103.432	139.4086
6404.386719	103.450	139.9078
6450.795898	103.478	140.4173
6497.541016	103.517	140.9614
6544.625000	103.567	141.5080
6592.049805	103.629	142.0519
6639.818359	103.703	142.5749
6687.933594	103.791	143.0909
6736.396973	103.892	143.5710
6785.211426	104.007	144.1024
6834.379883	104.137	144.5674
6883.904785	104.284	144.9500
6933.788574	104.448	145.4556
6984.033691	104.630	145.8064
7034.642578	104.832	146.1410
7085.618652	105.056	146.4309
7136.963867	105.304	146.6069
7188.681152	105.577	146.7692
7240.773438	105.879	146.8271
7293.243164	106.210	146.6989
7346.092773	106.573	146.4671
7399.325684	106.971	145.9723
7452.944336	107.404	145.2792
7506.951172	107.876	144.3209
7561.350098	108.386	142.9726
7616.142578	108.934	141.1649
7671.332031	109.516	138.6971
7726.921875	110.120	135.6472
7782.914551	110.725	131.5637
7839.312500	111.295	126.5323
7896.119629	111.782	120.2756
7953.337891	112.131	112.9798
8010.971191	112.289	104.7827
8069.021973	112.220	96.2365
8127.493164	111.912	87.7683
8186.388672	111.385	80.0060
8245.710938	110.683	73.1789
8305.461914	109.861	67.5581
8365.647461	108.972	63.0733
8426.267578	108.060	59.6075
8487.328125	107.155	57.0714
8548.831055	106.277	55.1689
8610.779297	105.432	53.8649
8673.176758	104.627	53.0629
8736.026367	103.860	52.5601
8799.331055	103.132	52.4919
8863.094727	102.440	52.6471
8927.320312	101.784	52.9855
8992.010742	101.162	53.5974
9057.170898	100.572	54.3579
9122.802734	100.011	55.2222
9188.910156	99.480	56.2098
9255.497070	98.976	57.3348
9322.566406	98.497	58.5671
9390.121094	98.041	59.8837
9458.166016	97.607	61.2425
9526.704102	97.195	62.7029
9595.738281	96.804	64.2044
9665.273438	96.434	65.7711
9735.311523	96.084	67.3155
9805.857422	95.753	68.9655
9876.915039	95.441	70.6908
9948.487305	95.146	72.4722
10020.578125	94.868	74.1385
10093.191406	94.609	75.8716
10166.331055	94.365	77.6523
10240.000000	94.136	79.5107
10314.203125	93.922	81.3279
10388.944336	93.722	83.1783
10464.226562	93.535	85.0874
10540.054688	93.361	87.0140
10616.432617	93.200	88.9097
10693.363281	93.053	90.9576
10770.852539	92.920	92.9354
10848.902344	92.803	94.9903
10927.517578	92.704	97.1528
11006.703125	92.624	99.3395
11086.461914	92.567	101.6110
11166.798828	92.535	103.8596
11247.718750	92.532	106.2145
11329.223633	92.560	108.4810
11411.320312	92.621	110.7833
11494.011719	92.718	113.0930
11577.301758	92.854	115.4738
11661.195312	93.034	117.6889
11745.697266	93.266	119.8949
11830.811523	93.553	121.7527
11916.542969	93.893	123.4662
12002.894531	94.284	124.8028
12089.873047	94.720	125.6253
12177.480469	95.187	125.8301
12265.723633	95.666	125.3352
12354.606445	96.126	124.0186
12444.132812	96.528	121.7344
12534.308594	96.826	118.6296
12625.136719	96.982	115.0480
12716.624023	96.970	111.1924
12808.773438	96.790	107.4904
12901.591797	96.466	104.4718
12995.082031	96.036	102.2502
13089.250000	95.547	101.0859
13184.099609	95.042	100.7081
13279.636719	94.557	101.1958
13375.867188	94.115	102.2817
13472.793945	93.732	103.9909
13570.422852	93.417	106.0294
13668.759766	93.174	108.4788
13767.809570	93.002	110.9846
13867.577148	92.903	113.7202
13968.067383	92.878	116.5253
14069.285156	92.926	119.2359
14171.237305	93.046	121.9934
14273.927734	93.240	124.7524
14377.362305	93.511	127.3477
14481.546875	93.863	129.7600
14586.486328	94.302	131.9655
14692.185547	94.827	133.8065
14798.651367	95.439	135.1904
14905.888672	96.134	135.8297
15013.902344	96.909	135.8065
15122.700195	97.750	134.7814
15232.285156	98.626	132.5832
15342.664062	99.484	128.8447
15453.843750	100.254	123.6225
15565.829102	100.856	116.8104
15678.625000	101.221	108.8251
15792.239258	101.313	100.4637
15906.675781	101.147	92.3566
16021.942383	100.789	85.2505
16138.043945	100.321	79.3506
16254.986328	99.807	74.6199
16372.777344	99.296	70.9448
16491.421875	98.823	67.9796
16610.923828	98.416	65.7014
16731.294922	98.089	63.7356
16852.535156	97.846	61.6511
16974.656250	97.679	59.6469
17097.662109	97.574	56.7866
17221.558594	97.505	53.6794
17346.353516	97.438	49.4963
17472.052734	97.322	44.4998
17598.662109	97.098	38.4539
17726.189453	96.707	31.6377
17854.640625	96.101	24.5471
17984.021484	95.260	17.6862
18114.341797	94.193	11.5231
18245.605469	92.940	6.6028
18377.820312	91.556	2.9595
18510.994141	90.101	0.8555
18645.132812	88.628	-0.0709
18780.242188	87.179	0.1672
18916.332031	85.779	1.0748
19053.408203	84.425	2.6809
19191.476562	83.099	4.6406
19330.546875	81.781	7.0307
19470.623047	80.452	10.0179
19611.714844	79.101	13.8140
19753.830078	77.759	18.6247
19896.974609	76.603	24.6210
