20.000000	107.447	158.3150
20.299999	107.462	157.4019
20.600000	107.478	156.4879
20.900000	107.493	155.5702
21.200001	107.505	154.6436
21.400000	107.511	154.0288
21.799999	107.523	152.8252
22.000000	107.528	152.2349
22.400000	107.541	151.0474
22.700001	107.552	150.1595
23.000000	107.562	149.2667
23.299999	107.571	148.3566
23.600000	107.579	147.4479
24.000000	107.585	146.2529
24.299999	107.588	145.3627
24.700001	107.592	144.2027
25.000000	107.595	143.3495
25.400000	107.602	142.2057
25.799999	107.609	141.0651
26.200001	107.616	139.9177
26.500000	107.619	139.0554
26.900000	107.622	137.9187
27.200001	107.622	137.0753
27.600000	107.623	135.9648
28.000000	107.625	134.8669
28.500000	107.627	133.4919
29.000000	107.627	132.1225
29.500000	107.625	130.7635
30.000000	107.623	129.4246
30.400000	107.623	128.3505
30.700001	107.624	127.5403
31.100000	107.624	126.4502
31.500000	107.621	125.3512
32.000000	107.614	123.9951
32.500000	107.606	122.6607
33.000000	107.599	121.3499
33.500000	107.594	120.0358
34.000000	107.589	118.7200
34.500000	107.582	117.4040
35.000000	107.572	116.1037
35.500000	107.561	114.8188
36.000000	107.549	113.5504
36.500000	107.537	112.2914
37.000000	107.522	111.0473
37.500000	107.506	109.8203
38.200001	107.480	108.1527
38.700001	107.461	107.0151
39.500000	107.439	105.3011
40.000000	107.438	104.2755
40.599998	107.454	103.0349
41.200001	107.486	101.7233
41.799999	107.524	100.2938
42.500000	107.562	98.4904
43.099998	107.581	96.8950
43.700001	107.591	95.3103
44.400002	107.600	93.4968
45.000000	107.609	91.9382
45.500000	107.615	90.6195
46.200001	107.617	88.7541
46.799999	107.613	87.1566
47.500000	107.604	85.3115
48.200001	107.590	83.4834
48.700001	107.577	82.1911
49.400002	107.557	80.4078
50.000000	107.539	78.9003
50.799999	107.512	76.8981
51.500000	107.487	75.1408
52.200001	107.460	73.3848
53.000000	107.429	71.3887
53.799999	107.397	69.4009
54.500000	107.370	67.6719
55.200001	107.342	65.9512
56.000000	107.310	63.9957
57.000000	107.270	61.5721
58.000000	107.231	59.1588
59.000000	107.198	56.7577
60.000000	107.168	54.3340
60.799999	107.135	52.3309
61.500000	107.104	50.6020
62.200001	107.075	48.8842
63.000000	107.045	46.9172
64.000000	107.012	44.4632
65.000000	106.983	42.0246
66.000000	106.955	39.5862
67.000000	106.926	37.1481
68.000000	106.896	34.7156
69.000000	106.866	32.2784
70.000000	106.836	29.8354
71.000000	106.805	27.3847
72.000000	106.775	24.9269
73.000000	106.743	22.4585
74.000000	106.711	19.9857
75.000000	106.678	17.5116
76.199997	106.638	14.5427
77.500000	106.592	11.3195
78.800003	106.545	8.0909
80.000000	106.500	5.0994
81.199997	106.451	2.1021
82.500000	106.395	-1.1609
83.800003	106.339	-4.4335
85.000000	106.285	-7.4569
86.199997	106.230	-10.4823
87.500000	106.171	-13.7550
88.500000	106.125	-16.2783
90.000000	106.058	-20.0873
91.199997	106.004	-23.1646
92.500000	105.945	-26.5302
93.800003	105.883	-29.9249
95.000000	105.824	-33.0759
96.199997	105.761	-36.2408
97.500000	105.691	-39.6813
98.800003	105.617	-43.1365
100.000000	105.545	-46.3395
101.500000	105.449	-50.3522
103.000000	105.350	-54.3810
104.400002	105.253	-58.1598
106.000000	105.139	-62.4854
107.500000	105.030	-66.5422
109.000000	104.922	-70.5981
110.599998	104.808	-74.9446
112.000000	104.710	-78.7759
113.800003	104.583	-83.7775
115.000000	104.493	-87.1730
117.199997	104.313	-93.4879
118.000000	104.241	-95.8066
120.599998	103.991	-103.3368
122.000000	103.852	-107.3705
124.099998	103.635	-113.4269
125.000000	103.540	-116.0139
126.500000	103.380	-120.3331
128.000000	103.217	-124.6375
131.500000	102.819	-134.6311
132.000000	102.760	-136.0464
134.000000	102.520	-141.6589
136.000000	102.280	-147.2069
138.000000	102.049	-152.7020
140.000000	101.829	-158.2183
143.000000	101.499	-166.6230
145.000000	101.261	-172.2421
147.500000	100.944	-179.1525
150.000000	100.623	174.1251
152.500000	100.312	167.5511
155.000000	100.016	161.0645
157.500000	99.728	154.6173
160.000000	99.438	148.2380
162.500000	99.138	141.9935
165.000000	98.834	135.9230
167.500000	98.535	130.0350
170.000000	98.246	124.3381
172.500000	97.968	118.8238
175.000000	97.706	113.4691
177.500000	97.459	108.2880
180.000000	97.228	103.1714
182.500000	97.011	98.4489
185.000000	96.814	93.8071
187.500000	96.638	89.2985
190.000000	96.482	84.9038
192.500000	96.342	80.6145
195.000000	96.216	76.4120
197.500000	96.100	72.2905
200.000000	95.995	68.2661
203.000000	95.883	63.5804
206.000000	95.784	59.0462
209.000000	95.694	54.6595
212.000000	95.611	50.4182
214.000000	95.560	47.6648
218.000000	95.463	42.3398
220.000000	95.419	39.7648
224.000000	95.341	34.7659
227.000000	95.287	31.1844
230.000000	95.236	27.7049
233.000000	95.190	24.3347
236.000000	95.149	21.0750
240.000000	95.099	17.0233
243.000000	95.064	13.8198
247.000000	95.020	9.8878
250.000000	94.988	7.0522
254.000000	94.947	3.4127
258.000000	94.906	-0.1000
262.000000	94.866	-3.4891
265.000000	94.838	-5.9506
269.000000	94.802	-9.1341
272.000000	94.776	-11.4552
276.000000	94.742	-14.4554
280.000000	94.710	-17.3610
285.000000	94.671	-20.8505
290.000000	94.634	-24.1880
295.000000	94.600	-27.4086
300.000000	94.568	-30.3687
304.000000	94.540	-32.8985
307.000000	94.520	-34.6578
311.000000	94.495	-36.9250
315.000000	94.474	-39.1330
320.000000	94.455	-41.7974
325.000000	94.440	-44.3734
330.000000	94.426	-46.8583
335.000000	94.412	-49.2526
340.000000	94.400	-51.5806
345.000000	94.389	-53.8472
350.000000	94.378	-56.0392
355.000000	94.367	-58.1673
360.000000	94.357	-60.2207
365.000000	94.344	-62.2461
370.000000	94.330	-64.1799
375.000000	94.316	-66.0653
382.000000	94.295	-68.6154
387.000000	94.281	-70.3909
395.000000	94.260	-73.1100
400.000000	94.248	-74.7485
406.000000	94.234	-76.6607
412.000000	94.219	-78.5267
418.000000	94.204	-80.2989
425.000000	94.186	-82.3588
431.000000	94.170	-84.0421
437.000000	94.154	-85.6772
444.000000	94.134	-87.5323
450.000000	94.118	-89.0709
455.000000	94.105	-90.3083
462.000000	94.088	-92.0051
468.000000	94.074	-93.4397
475.000000	94.057	-95.0431
482.000000	94.040	-96.6022
487.000000	94.028	-97.6838
494.000000	94.012	-99.1663
500.000000	93.998	-100.3735
508.000000	93.982	-101.9890
515.000000	93.970	-103.3277
522.000000	93.958	-104.6428
530.000000	93.947	-106.1114
538.000000	93.937	-107.5671
545.000000	93.929	-108.7437
552.000000	93.920	-109.9327
560.000000	93.909	-111.2488
570.000000	93.895	-112.8279
580.000000	93.880	-114.3555
590.000000	93.865	-115.8272
600.000000	93.850	-117.2350
608.000000	93.841	-118.3550
615.000000	93.833	-119.2954
622.000000	93.827	-120.2263
630.000000	93.823	-121.2515
640.000000	93.823	-122.5059
650.000000	93.825	-123.7238
660.000000	93.827	-124.9492
670.000000	93.828	-126.0251
680.000000	93.831	-127.1169
690.000000	93.836	-128.1862
700.000000	93.845	-129.2189
710.000000	93.855	-130.2311
720.000000	93.865	-131.2260
730.000000	93.874	-132.1877
740.000000	93.884	-133.1294
750.000000	93.895	-134.0571
762.000000	93.909	-135.1052
775.000000	93.926	-136.2084
788.000000	93.946	-137.3171
800.000000	93.964	-138.3098
812.000000	93.978	-139.2710
825.000000	93.993	-140.3149
838.000000	94.009	-141.3174
850.000000	94.025	-142.2233
862.000000	94.043	-143.1432
875.000000	94.064	-144.0969
885.000000	94.081	-144.8466
900.000000	94.111	-145.9565
912.000000	94.137	-146.8596
925.000000	94.169	-147.7966
938.000000	94.203	-148.7765
950.000000	94.237	-149.6541
962.000000	94.271	-150.5380
975.000000	94.308	-151.5276
988.000000	94.343	-152.5093
1000.000000	94.367	-153.6583
1015.000000	94.375	-154.6230
1030.000000	94.371	-155.8127
1044.000000	94.364	-156.9575
1060.000000	94.354	-158.2432
1075.000000	94.343	-159.4812
1090.000000	94.328	-160.7085
1106.000000	94.307	-162.0386
1120.000000	94.282	-163.1953
1138.000000	94.243	-164.6499
1150.000000	94.211	-165.6396
1172.000000	94.143	-167.3284
1180.000000	94.116	-167.9414
1206.000000	94.016	-169.7977
1220.000000	93.957	-170.7616
1241.000000	93.867	-172.0940
1250.000000	93.831	-172.6185
1265.000000	93.779	-173.4280
1280.000000	93.731	-174.1672
1315.000000	93.620	-175.5669
1320.000000	93.604	-175.7275
1340.000000	93.545	-176.2275
1360.000000	93.495	-176.5498
1380.000000	93.457	-176.6880
1400.000000	93.435	-176.6484
1430.000000	93.443	-176.2303
1450.000000	93.484	-175.7943
1475.000000	93.582	-175.0747
1500.000000	93.735	-174.2207
1525.000000	93.948	-173.3718
1550.000000	94.220	-172.5797
1575.000000	94.542	-171.9408
1600.000000	94.899	-171.5376
1625.000000	95.281	-171.3740
1650.000000	95.673	-171.3960
1675.000000	96.068	-171.5322
1700.000000	96.463	-171.8273
1725.000000	96.856	-172.1818
1750.000000	97.247	-172.6206
1775.000000	97.636	-173.0537
1800.000000	98.024	-173.6199
1825.000000	98.413	-174.1218
1850.000000	98.804	-174.7015
1875.000000	99.196	-175.3112
1900.000000	99.591	-175.9272
1925.000000	99.989	-176.6184
1950.000000	100.388	-177.3481
1975.000000	100.790	-178.1494
2000.000000	101.190	-179.0061
2030.000000	101.662	179.8099
2060.000000	102.129	178.5193
2090.000000	102.593	177.1632
2120.000000	103.054	175.6479
2140.000000	103.360	174.5475
2180.000000	103.948	171.8940
2200.000000	104.219	170.4111
2240.000000	104.685	167.0742
2270.000000	104.956	164.3732
2300.000000	105.149	161.6382
2330.000000	105.258	158.9705
2360.000000	105.282	156.5043
2400.000000	105.197	153.8929
2430.000000	105.078	152.6199
2470.000000	104.924	151.9448
2500.000000	104.863	152.0522
2540.000000	104.890	152.4395
2580.000000	105.019	152.5513
2620.000000	105.176	152.0298
2650.000000	105.260	151.2261
2690.000000	105.274	149.8828
2720.000000	105.202	148.9607
2760.000000	105.014	148.1377
2800.000000	104.758	147.9958
2850.000000	104.409	148.9088
2900.000000	104.095	150.8916
2950.000000	103.877	153.5692
3000.000000	103.770	155.2279
3040.000000	103.729	158.6692
3070.000000	103.703	160.1431
3110.000000	103.658	162.0292
3150.000000	103.595	163.9974
3200.000000	103.513	166.7515
3250.000000	103.448	169.7992
3300.000000	103.411	173.1609
3350.000000	103.413	176.7236
3400.000000	103.459	-179.5774
3450.000000	103.548	-175.8036
3500.000000	103.684	-171.9849
3550.000000	103.866	-168.3064
3600.000000	104.099	-164.5746
3650.000000	104.387	-161.0549
3700.000000	104.734	-157.6699
3750.000000	105.142	-154.7605
3820.000000	105.804	-151.4672
3870.000000	106.323	-149.9346
3950.000000	107.166	-149.3630
4000.000000	107.641	-150.3198
4060.000000	108.066	-152.8936
4120.000000	108.248	-156.7971
4180.000000	108.117	-161.3805
4250.000000	107.540	-166.4001
4310.000000	106.728	-169.6145
4370.000000	105.718	-171.3630
4440.000000	104.428	-171.1370
4500.000000	103.320	-169.3363
4550.000000	102.436	-166.9668
4620.000000	101.283	-162.6714
4680.000000	100.377	-158.2283
4750.000000	99.415	-152.5374
4820.000000	98.553	-146.2720
4870.000000	97.995	-141.5688
4940.000000	97.296	-134.6765
5000.000000	96.771	-128.6487
5080.000000	96.165	-120.4343
5150.000000	95.718	-113.0001
5220.000000	95.341	-105.5940
5300.000000	94.988	-96.8282
5380.000000	94.714	-88.0962
5450.000000	94.538	-80.2798
5520.000000	94.416	-72.4410
5600.000000	94.338	-63.3960
5700.000000	94.322	-52.0325
5800.000000	94.389	-40.4165
5900.000000	94.532	-28.9036
6000.000000	94.743	-20.1279
6080.000000	94.952	-7.7996
6150.000000	95.158	0.3143
6220.000000	95.379	8.6368
6300.000000	95.647	18.1454
6400.000000	96.000	30.1911
6500.000000	96.381	42.2848
6600.000000	96.794	54.4814
6700.000000	97.242	66.8585
6800.000000	97.725	79.2108
6900.000000	98.244	91.5190
7000.000000	98.801	104.0003
7100.000000	99.397	116.2330
7200.000000	100.046	128.6025
7300.000000	100.757	140.6378
7400.000000	101.541	152.2507
7500.000000	102.399	163.4729
7620.000000	103.512	175.3585
7750.000000	104.744	-174.3070
7880.000000	105.780	-167.4930
8000.000000	106.267	-164.2299
8120.000000	106.094	-161.5064
8250.000000	105.204	-156.6562
8380.000000	103.894	-147.4987
8500.000000	102.627	-135.2781
8620.000000	101.472	-121.1313
8750.000000	100.349	-104.6105
8850.000000	99.516	-91.4307
9000.000000	98.249	-70.6388
9120.000000	97.242	-52.5975
9250.000000	96.232	-31.5675
9380.000000	95.353	-9.4727
9500.000000	94.662	11.5674
9620.000000	94.082	33.2354
9750.000000	93.578	57.1235
9880.000000	93.207	81.0247
10000.000000	92.986	103.4824
10150.000000	92.909	131.9980
10300.000000	93.104	160.4555
10440.000000	93.535	-174.0503
10600.000000	94.212	-147.5896
10750.000000	94.838	-125.4936
10900.000000	95.309	-105.4791
11060.000000	95.565	-85.7249
11200.000000	95.547	-69.1386
11380.000000	95.174	-47.8559
11500.000000	94.719	-33.2200
11720.000000	93.529	-4.6991
11800.000000	92.997	6.5833
12060.000000	91.025	47.6938
12200.000000	90.026	73.5475
12410.000000	89.007	115.3697
12500.000000	88.729	133.0341
12650.000000	88.394	162.3134
12800.000000	88.193	-168.3692
13150.000000	88.323	-99.9655
13200.000000	88.412	-90.3303
13400.000000	88.948	-51.8343
13600.000000	89.803	-14.6030
13800.000000	90.988	20.4567
14000.000000	92.413	51.5806
14300.000000	94.347	86.7845
14500.000000	94.900	103.8597
14750.000000	94.454	125.3153
15000.000000	93.260	152.2244
15250.000000	92.073	-176.1592
15500.000000	91.021	-147.1343
15750.000000	89.493	-123.3904
16000.000000	86.955	-99.1989
16250.000000	83.642	-67.3501
16500.000000	80.240	-24.6880
16750.000000	77.394	26.7872
17000.000000	75.481	79.8696
17250.000000	74.275	126.4385
17500.000000	73.199	167.4092
17750.000000	71.910	-157.3730
18000.000000	69.954	-128.5646
18250.000000	66.852	-101.1558
18500.000000	62.591	-67.1753
18750.000000	57.607	-18.8979
19000.000000	52.595	50.2365
19250.000000	48.608	145.6477
19500.000000	46.489	-125.2910
19750.000000	45.693	-55.7997
20000.000000	45.361	-7.8198
