20.000000	100.238	-124.7145
20.144928	100.256	-125.1100
20.290907	100.275	-125.5039
20.437943	100.294	-125.8964
20.586044	100.312	-126.2890
20.735220	100.331	-126.6815
20.885475	100.349	-127.0740
21.036821	100.367	-127.4669
21.189262	100.384	-127.8596
21.342808	100.401	-128.2511
21.497467	100.417	-128.6419
21.653246	100.433	-129.0302
21.810154	100.448	-129.4159
21.968201	100.463	-129.7988
22.127390	100.477	-130.1780
22.287735	100.492	-130.5542
22.449242	100.506	-130.9275
22.611917	100.520	-131.2980
22.775772	100.533	-131.6668
22.940815	100.547	-132.0339
23.107054	100.561	-132.3999
23.274498	100.574	-132.7650
23.443153	100.586	-133.1286
23.613033	100.599	-133.4908
23.784142	100.611	-133.8508
23.956491	100.622	-134.2076
24.130091	100.633	-134.5611
24.304947	100.643	-134.9104
24.481071	100.654	-135.2557
24.658470	100.664	-135.5972
24.837156	100.675	-135.9353
25.017136	100.686	-136.2717
25.198421	100.696	-136.6064
25.381020	100.707	-136.9417
25.564941	100.717	-137.2774
25.750195	100.728	-137.6143
25.936790	100.738	-137.9524
26.124741	100.747	-138.2904
26.314051	100.756	-138.6281
26.504732	100.763	-138.9631
26.696796	100.771	-139.2954
26.890253	100.777	-139.6230
27.085112	100.784	-139.9463
27.281382	100.790	-140.2647
27.479073	100.796	-140.5795
27.678198	100.803	-140.8912
27.878765	100.810	-141.2014
28.080786	100.816	-141.5107
28.284271	100.823	-141.8200
28.489231	100.830	-142.1295
28.695675	100.836	-142.4390
28.903616	100.842	-142.7482
29.113064	100.847	-143.0564
29.324028	100.853	-143.3635
29.536524	100.857	-143.6691
29.750557	100.862	-143.9729
29.966141	100.866	-144.2749
30.183289	100.869	-144.5740
30.402010	100.872	-144.8694
30.622314	100.875	-145.1594
30.844217	100.877	-145.4433
31.067726	100.880	-145.7203
31.292856	100.883	-145.9921
31.519617	100.888	-146.2614
31.748020	100.894	-146.5319
31.978081	100.901	-146.8099
32.209808	100.908	-147.0977
32.443211	100.914	-147.3982
32.678310	100.917	-147.7061
32.915108	100.918	-148.0181
33.153625	100.915	-148.3196
33.393871	100.910	-148.6020
33.635857	100.903	-148.8558
33.879597	100.896	-149.0757
34.125103	100.892	-149.2672
34.372387	100.892	-149.4360
34.621464	100.897	-149.6023
34.872345	100.906	-149.7776
35.125042	100.919	-149.9734
35.379574	100.932	-150.1962
35.635948	100.944	-150.4393
35.894180	100.955	-150.6970
36.154285	100.963	-150.9561
36.416275	100.970	-151.2087
36.680161	100.976	-151.4537
36.945961	100.984	-151.6925
37.213688	100.993	-151.9351
37.483353	101.002	-152.1877
37.754974	101.011	-152.4537
38.028561	101.018	-152.7326
38.304131	101.023	-153.0151
38.581699	101.026	-153.2930
38.861279	101.027	-153.5597
39.142883	101.027	-153.8112
39.426529	101.028	-154.0512
39.712231	101.031	-154.2856
40.000000	101.034	-154.5196
40.289856	101.038	-154.7568
40.581814	101.042	-154.9970
40.875885	101.046	-155.2368
41.172089	101.050	-155.4739
41.470440	101.054	-155.7078
41.770950	101.058	-155.9399
42.073643	101.062	-156.1733
42.378525	101.067	-156.4100
42.685616	101.071	-156.6488
42.994934	101.075	-156.8872
43.306492	101.078	-157.1223
43.620308	101.080	-157.3530
43.936401	101.084	-157.5808
44.254780	101.088	-157.8099
44.575470	101.092	-158.0438
44.898483	101.095	-158.2830
45.223835	101.098	-158.5251
45.551544	101.099	-158.7661
45.881630	101.100	-159.0031
46.214108	101.101	-159.2356
46.548996	101.102	-159.4660
46.886307	101.103	-159.6981
47.226067	101.104	-159.9336
47.568283	101.105	-160.1709
47.912983	101.105	-160.4070
48.260181	101.104	-160.6397
48.609894	101.105	-160.8708
48.962143	101.105	-161.1048
49.316940	101.106	-161.3464
49.674313	101.105	-161.5960
50.034271	101.101	-161.8492
50.396843	101.094	-162.0982
50.762039	101.086	-162.3371
51.129883	101.076	-162.5650
51.500389	101.067	-162.7862
51.873581	101.059	-163.0070
52.249481	101.051	-163.2310
52.628101	101.042	-163.4584
53.009464	101.033	-163.6867
53.393593	101.023	-163.9138
53.780506	101.012	-164.1385
54.170223	101.000	-164.3601
54.562763	100.987	-164.5779
54.958145	100.974	-164.7918
55.356396	100.961	-165.0032
55.757530	100.947	-165.2133
56.161572	100.932	-165.4205
56.568542	100.917	-165.6200
56.978462	100.902	-165.8091
57.391350	100.889	-165.9941
57.807232	100.879	-166.1915
58.226128	100.868	-166.4160
58.648056	100.854	-166.6662
59.073048	100.835	-166.9206
59.501114	100.812	-167.1481
59.932281	100.787	-167.3299
60.366577	100.766	-167.4735
60.804020	100.749	-167.6061
61.244629	100.736	-167.7539
61.688435	100.723	-167.9255
62.135452	100.709	-168.1099
62.585712	100.692	-168.2878
63.039234	100.675	-168.4475
63.496040	100.660	-168.5894
63.956161	100.645	-168.7210
64.419617	100.631	-168.8456
64.886421	100.616	-168.9570
65.356621	100.602	-169.0485
65.830215	100.589	-169.1253
66.307251	100.579	-169.2050
66.787743	100.569	-169.2992
67.271713	100.559	-169.3991
67.759193	100.549	-169.4861
68.250206	100.542	-169.5636
68.744774	100.538	-169.6638
69.242928	100.534	-169.8141
69.744690	100.525	-169.9961
70.250084	100.509	-170.1548
70.759148	100.493	-170.2554
71.271896	100.483	-170.3216
71.788361	100.478	-170.4081
72.308571	100.474	-170.5364
72.832550	100.467	-170.6772
73.360321	100.457	-170.7912
73.891922	100.448	-170.8740
74.427376	100.442	-170.9496
74.966705	100.438	-171.0343
75.509949	100.432	-171.1222
76.057121	100.426	-171.2033
76.608261	100.421	-171.2794
77.163399	100.415	-171.3578
77.722557	100.408	-171.4384
78.285767	100.402	-171.5178
78.853058	100.395	-171.6014
79.424461	100.387	-171.6982
80.000000	100.377	-171.8040
80.579712	100.365	-171.8991
81.163628	100.353	-171.9684
81.751770	100.343	-172.0227
82.344177	100.338	-172.0853
82.940880	100.334	-172.1669
83.541901	100.330	-172.2565
84.147285	100.325	-172.3406
84.757050	100.321	-172.4191
85.371231	100.317	-172.4927
85.989868	100.311	-172.5541
86.612984	100.305	-172.6037
87.240616	100.298	-172.6544
87.872803	100.289	-172.6993
88.509560	100.280	-172.7030
89.150940	100.277	-172.6753
89.796967	100.281	-172.6976
90.447670	100.283	-172.8320
91.103088	100.277	-173.0282
91.763260	100.262	-173.1937
92.428215	100.245	-173.3037
93.097992	100.232	-173.3934
93.772614	100.222	-173.4883
94.452133	100.216	-173.5901
95.136566	100.211	-173.7002
95.825966	100.207	-173.8162
96.520363	100.203	-173.9258
97.219788	100.199	-174.0244
97.924286	100.194	-174.1198
98.633881	100.189	-174.2116
99.348625	100.184	-174.2900
100.068542	100.178	-174.3639
100.793686	100.172	-174.4545
101.524078	100.164	-174.5560
102.259766	100.156	-174.6499
103.000778	100.147	-174.7461
103.747162	100.138	-174.8592
104.498962	100.127	-174.9759
105.256203	100.116	-175.0815
106.018929	100.104	-175.1767
106.787186	100.094	-175.2607
107.561012	100.084	-175.3367
108.340446	100.076	-175.4180
109.125526	100.068	-175.5081
109.916290	100.058	-175.5961
110.712791	100.048	-175.6745
111.515060	100.037	-175.7436
112.323143	100.027	-175.8089
113.137085	100.016	-175.8802
113.956924	100.004	-175.9592
114.782700	99.990	-176.0355
115.614464	99.976	-176.1120
116.452255	99.961	-176.1961
117.296112	99.946	-176.2761
118.146095	99.932	-176.3687
119.002228	99.915	-176.4834
119.864563	99.896	-176.5505
120.733154	99.882	-176.5589
121.608040	99.874	-176.5959
122.489258	99.866	-176.6674
123.376869	99.858	-176.7302
124.270905	99.849	-176.7890
125.171425	99.840	-176.8438
126.078468	99.834	-176.8925
126.992081	99.830	-176.9441
127.912323	99.826	-176.9991
128.839233	99.822	-177.0630
129.772842	99.817	-177.1337
130.713242	99.811	-177.1939
131.660431	99.806	-177.2377
132.614502	99.800	-177.2768
133.575485	99.796	-177.3179
134.543427	99.792	-177.3654
135.518387	99.787	-177.4207
136.500412	99.782	-177.4739
137.489548	99.777	-177.5234
138.485855	99.773	-177.5711
139.489380	99.768	-177.6154
140.500168	99.764	-177.6578
141.518295	99.760	-177.7007
142.543793	99.754	-177.7372
143.576721	99.749	-177.7644
144.617142	99.744	-177.7960
145.665100	99.739	-177.8308
146.720642	99.734	-177.8579
147.783844	99.729	-177.8905
148.854752	99.724	-177.9389
149.933411	99.719	-177.9818
151.019897	99.714	-178.0211
152.114243	99.709	-178.0714
153.216522	99.703	-178.1165
154.326797	99.698	-178.1460
155.445114	99.694	-178.1688
156.571533	99.690	-178.1884
157.706116	99.687	-178.2043
158.848923	99.682	-178.2211
160.000000	99.674	-178.2541
161.159424	99.662	-178.2971
162.327255	99.647	-178.3321
163.503540	99.632	-178.3609
164.688354	99.617	-178.3815
165.881760	99.604	-178.3990
167.083801	99.590	-178.4144
168.294571	99.575	-178.4225
169.514099	99.560	-178.4268
170.742462	99.545	-178.4278
171.979736	99.530	-178.4342
173.225967	99.515	-178.4473
174.481232	99.500	-178.4581
175.745605	99.486	-178.4607
177.019119	99.472	-178.4567
178.301880	99.459	-178.4494
179.593933	99.446	-178.4435
180.895340	99.433	-178.4402
182.206177	99.419	-178.4430
183.526520	99.405	-178.4485
184.856430	99.389	-178.4498
186.195984	99.373	-178.4435
187.545227	99.356	-178.4236
188.904266	99.341	-178.3947
190.273132	99.326	-178.3726
191.651932	99.310	-178.3514
193.040726	99.295	-178.3288
194.439575	99.280	-178.2977
195.848572	99.265	-178.2597
197.267761	99.251	-178.2202
198.697250	99.237	-178.1753
200.137085	99.223	-178.1177
201.587372	99.212	-178.0540
203.048157	99.201	-177.9931
204.519531	99.191	-177.9332
206.001556	99.182	-177.8709
207.494324	99.173	-177.8088
208.997925	99.167	-177.7426
210.512405	99.162	-177.6708
212.037857	99.158	-177.5955
213.574371	99.154	-177.5212
215.122025	99.149	-177.4380
216.680893	99.143	-177.3548
218.251053	99.137	-177.2780
219.832581	99.133	-177.1929
221.425583	99.130	-177.1057
223.030121	99.129	-177.0125
224.646286	99.128	-176.9253
226.274170	99.126	-176.8471
227.913849	99.124	-176.7659
229.565399	99.121	-176.6826
231.228928	99.119	-176.6009
232.904510	99.116	-176.5133
234.592224	99.114	-176.4174
236.292191	99.112	-176.3225
238.004456	99.109	-176.2270
239.729126	99.105	-176.1057
241.466309	99.102	-175.9369
243.216080	99.101	-175.7491
244.978516	99.102	-175.5418
246.753738	99.108	-175.3176
248.541809	99.118	-175.0883
250.342850	99.134	-174.8547
252.156937	99.156	-174.6362
253.984161	99.184	-174.4506
255.824646	99.215	-174.2975
257.678467	99.249	-174.1803
259.545685	99.283	-174.1102
261.426483	99.316	-174.0738
263.320862	99.347	-174.0761
265.229004	99.377	-174.1014
267.150970	99.406	-174.1316
269.086853	99.435	-174.1726
271.036774	99.461	-174.2289
273.000824	99.484	-174.2930
274.979095	99.504	-174.3595
276.971710	99.524	-174.4283
278.978760	99.544	-174.5008
281.000336	99.564	-174.5870
283.036591	99.582	-174.6885
285.087585	99.598	-174.7950
287.153442	99.615	-174.8996
289.234283	99.630	-175.0083
291.330200	99.644	-175.1133
293.441284	99.657	-175.2179
295.567688	99.669	-175.3401
297.709503	99.680	-175.4737
299.866821	99.691	-175.6063
302.039795	99.701	-175.7373
304.228485	99.709	-175.8712
306.433044	99.715	-176.0055
308.653595	99.721	-176.1363
310.890228	99.727	-176.2645
313.143066	99.734	-176.4019
315.412231	99.742	-176.5419
317.697845	99.751	-176.6720
320.000000	99.761	-176.7973
322.318848	99.770	-176.9290
324.654510	99.779	-177.0705
327.007080	99.788	-177.2142
329.376709	99.798	-177.3504
331.763519	99.807	-177.4866
334.167603	99.815	-177.6348
336.589142	99.822	-177.7935
339.028198	99.829	-177.9510
341.484924	99.836	-178.1034
343.959473	99.842	-178.2585
346.451935	99.848	-178.4245
348.962463	99.853	-178.5933
351.491211	99.856	-178.7587
354.038239	99.859	-178.9269
356.603760	99.862	-179.1010
359.187866	99.864	-179.2814
361.790680	99.864	-179.4651
364.412354	99.863	-179.6530
367.053040	99.859	-179.8379
369.712860	99.854	179.9807
372.391968	99.848	179.7984
375.090454	99.841	179.6143
377.808533	99.834	179.4245
380.546265	99.825	179.2355
383.303864	99.815	179.0544
386.081451	99.804	178.8784
388.879150	99.791	178.6985
391.697144	99.777	178.5133
394.535522	99.761	178.3391
397.394501	99.745	178.1839
400.274170	99.728	178.0342
403.174744	99.710	177.8804
406.096313	99.692	177.7363
409.039062	99.675	177.5998
412.003113	99.658	177.4626
414.988647	99.641	177.3239
417.995850	99.624	177.1849
421.024811	99.605	177.0476
424.075714	99.585	176.9160
427.148743	99.564	176.7910
430.244049	99.543	176.6729
433.361786	99.523	176.5491
436.502106	99.503	176.4174
439.665161	99.482	176.2867
442.851166	99.458	176.1687
446.060242	99.433	176.0644
449.292572	99.408	175.9592
452.548340	99.383	175.8558
455.827698	99.357	175.7495
459.130798	99.330	175.6384
462.457855	99.303	175.5358
465.809021	99.276	175.4367
469.184448	99.247	175.3435
472.584381	99.218	175.2605
476.008911	99.189	175.1803
479.458252	99.159	175.1038
482.932617	99.130	175.0304
486.432159	99.100	174.9611
489.957031	99.068	174.8930
493.507477	99.036	174.8357
497.083618	99.002	174.7892
500.685699	98.969	174.7460
504.313873	98.936	174.7063
507.968323	98.905	174.6594
511.649292	98.873	174.6152
515.356934	98.841	174.5887
519.091370	98.809	174.5682
522.852966	98.775	174.5499
526.641724	98.740	174.5383
530.458008	98.703	174.5279
534.301941	98.664	174.5180
538.173706	98.626	174.5082
542.073547	98.589	174.5058
546.001648	98.551	174.5173
549.958191	98.513	174.5433
553.943420	98.473	174.5836
557.957520	98.432	174.6328
562.000671	98.391	174.6993
566.073181	98.350	174.7868
570.175171	98.308	174.8781
574.306885	98.268	174.9690
578.468567	98.229	175.0727
582.660400	98.191	175.1942
586.882568	98.154	175.3242
591.135376	98.117	175.4595
595.419006	98.081	175.5988
599.733643	98.044	175.7260
604.079590	98.005	175.8549
608.456970	97.965	176.0196
612.866089	97.926	176.2118
617.307190	97.889	176.4116
621.780457	97.852	176.6064
626.286133	97.816	176.8085
630.824463	97.782	177.0296
635.395691	97.751	177.2675
640.000000	97.724	177.5051
644.637695	97.699	177.7430
649.309021	97.676	177.9875
654.014160	97.654	178.2479
658.753418	97.632	178.5223
663.527039	97.610	178.8047
668.335205	97.589	179.0896
673.178284	97.567	179.3814
678.056396	97.549	179.6738
682.969849	97.533	179.9706
687.918945	97.520	-179.7046
692.903870	97.507	-179.3616
697.924927	97.495	-179.0431
702.982422	97.486	-178.7401
708.076477	97.480	-178.4069
713.207520	97.476	-178.0486
718.375732	97.473	-177.7010
723.581360	97.472	-177.3599
728.824707	97.473	-177.0196
734.106079	97.478	-176.6764
739.425720	97.486	-176.3247
744.783936	97.496	-175.9798
750.180908	97.508	-175.6579
755.617065	97.525	-175.3501
761.092529	97.543	-175.0435
766.607727	97.564	-174.7498
772.162903	97.587	-174.4762
777.758301	97.611	-174.2333
783.394287	97.636	-174.0204
789.071045	97.662	-173.8286
794.789001	97.687	-173.6599
800.548340	97.708	-173.5140
806.349487	97.724	-173.3875
812.192627	97.738	-173.2871
818.078125	97.748	-173.2235
824.006226	97.752	-173.1809
829.977295	97.752	-173.1436
835.991699	97.746	-173.1070
842.049622	97.737	-173.0689
848.151428	97.723	-173.0255
854.297485	97.703	-172.9743
860.488098	97.678	-172.8965
866.723572	97.648	-172.7831
873.004211	97.614	-172.6400
879.330322	97.578	-172.4562
885.702332	97.540	-172.2317
892.120483	97.503	-171.9690
898.585144	97.466	-171.6670
905.096680	97.431	-171.3327
911.655396	97.399	-170.9724
918.261597	97.370	-170.5861
924.915710	97.345	-170.1580
931.618042	97.324	-169.6840
938.368896	97.307	-169.1839
945.168762	97.292	-168.6685
952.017822	97.281	-168.1477
958.916504	97.274	-167.6369
965.865234	97.274	-167.1305
972.864319	97.280	-166.6092
979.914062	97.289	-166.0764
987.014954	97.302	-165.5436
994.167236	97.318	-165.0212
1001.371399	97.332	-164.4994
1008.627747	97.343	-163.9750
1015.936646	97.353	-163.4720
1023.298584	97.366	-162.9859
1030.713867	97.380	-162.5076
1038.182739	97.400	-162.0381
1045.705933	97.423	-161.6031
1053.283447	97.448	-161.1920
1060.916016	97.473	-160.7908
1068.603882	97.500	-160.4094
1076.347412	97.529	-160.0455
1084.147095	97.561	-159.6861
1092.003296	97.595	-159.3367
1099.916382	97.631	-159.0289
1107.886841	97.668	-158.7779
1115.915039	97.704	-158.5460
1124.001343	97.739	-158.3169
1132.146362	97.776	-158.1035
1140.350342	97.812	-157.9039
1148.613770	97.849	-157.7181
1156.937134	97.884	-157.5654
1165.320801	97.917	-157.4370
1173.765137	97.948	-157.3130
1182.270752	97.978	-157.1978
1190.838013	98.007	-157.1101
1199.467285	98.034	-157.0418
1208.159180	98.059	-156.9719
1216.913940	98.080	-156.9228
1225.732178	98.098	-156.8972
1234.614380	98.115	-156.8667
1243.560913	98.132	-156.8214
1252.572266	98.152	-156.7801
1261.648926	98.179	-156.7341
1270.791382	98.207	-156.6542
1280.000000	98.232	-156.5652
1289.275391	98.256	-156.4952
1298.618042	98.277	-156.4243
1308.028320	98.298	-156.3298
1317.506836	98.319	-156.2254
1327.054077	98.340	-156.1161
1336.670410	98.361	-155.9798
1346.356567	98.382	-155.8223
1356.112793	98.404	-155.6388
1365.939697	98.428	-155.4298
1375.837891	98.457	-155.2066
1385.807739	98.490	-154.9595
1395.849854	98.529	-154.7053
1405.964844	98.576	-154.4560
1416.152954	98.629	-154.2223
1426.415039	98.688	-154.0309
1436.751465	98.749	-153.9033
1447.162720	98.811	-153.8418
1457.649414	98.872	-153.8250
1468.212158	98.931	-153.8433
1478.851440	98.986	-153.8875
1489.567871	99.038	-153.9484
1500.361816	99.087	-154.0234
1511.234131	99.133	-154.1176
1522.185059	99.178	-154.2141
1533.215454	99.218	-154.3225
1544.325806	99.255	-154.4619
1555.516602	99.287	-154.6217
1566.788574	99.316	-154.7831
1578.142090	99.339	-154.9458
1589.578003	99.355	-155.1228
1601.096680	99.367	-155.3152
1612.698975	99.375	-155.4810
1624.385254	99.380	-155.5948
1636.156250	99.378	-155.6807
1648.012451	99.373	-155.7466
1659.954590	99.365	-155.7801
1671.983398	99.354	-155.7678
1684.099243	99.341	-155.7277
1696.302856	99.325	-155.6535
1708.594971	99.309	-155.5254
1720.976196	99.295	-155.3308
1733.447144	99.282	-155.0929
1746.008423	99.272	-154.8110
1758.660645	99.266	-154.4770
1771.404663	99.267	-154.0946
1784.240967	99.276	-153.6581
1797.170288	99.296	-153.1735
1810.193359	99.329	-152.6636
1823.310791	99.376	-152.1429
1836.523193	99.441	-151.6403
1849.831421	99.520	-151.2296
1863.236084	99.609	-150.9494
1876.737793	99.697	-150.7888
1890.337524	99.779	-150.7043
1904.035645	99.851	-150.6796
1917.833008	99.913	-150.6906
1931.730469	99.969	-150.7139
1945.728638	100.020	-150.7272
1959.828125	100.068	-150.7088
1974.029907	100.114	-150.6704
1988.334473	100.160	-150.6178
2002.742798	100.204	-150.5397
2017.255493	100.248	-150.4329
2031.873291	100.291	-150.3315
2046.597168	100.335	-150.2302
2061.427734	100.380	-150.1118
2076.365479	100.429	-149.9860
2091.411865	100.480	-149.8286
2106.566895	100.533	-149.6411
2121.832031	100.588	-149.4663
2137.207764	100.644	-149.2894
2152.694824	100.702	-149.0870
2168.294189	100.766	-148.8361
2184.006592	100.841	-148.5775
2199.832764	100.926	-148.3746
2215.773682	101.017	-148.2247
2231.830078	101.114	-148.1149
2248.002686	101.215	-148.0570
2264.292725	101.318	-148.0224
2280.700684	101.423	-148.0115
2297.227539	101.525	-148.0503
2313.874268	101.622	-148.1284
2330.641602	101.713	-148.2308
2347.530273	101.797	-148.3350
2364.541504	101.880	-148.4189
2381.676025	101.966	-148.4837
2398.934570	102.053	-148.5365
2416.318359	102.140	-148.5728
2433.827881	102.228	-148.5815
2451.464355	102.319	-148.6124
2469.228760	102.419	-148.6633
2487.121826	102.528	-148.6987
2505.144531	102.644	-148.7825
2523.297852	102.764	-148.9228
2541.582764	102.883	-149.0977
2560.000000	102.999	-149.3229
2578.550781	103.113	-149.6597
2597.236084	103.228	-150.0776
2616.056641	103.344	-150.5255
2635.013672	103.459	-150.9721
2654.108154	103.573	-151.4559
2673.340820	103.688	-152.0088
2692.713135	103.804	-152.5962
2712.225586	103.921	-153.2286
2731.879395	104.034	-153.9367
2751.675781	104.138	-154.7454
2771.615479	104.232	-155.6399
2791.699707	104.312	-156.5816
2811.929688	104.379	-157.5684
2832.305908	104.437	-158.5808
2852.830078	104.485	-159.5959
2873.502930	104.523	-160.6243
2894.325439	104.549	-161.6356
2915.298828	104.566	-162.6309
2936.424316	104.577	-163.6283
2957.702881	104.577	-164.6159
2979.135742	104.567	-165.6029
3000.723633	104.550	-166.5686
3022.468262	104.527	-167.4964
3044.370117	104.498	-168.4154
3066.430908	104.459	-169.3663
3088.651611	104.412	-170.2605
3111.033203	104.356	-171.0853
3133.577148	104.296	-171.9035
3156.284180	104.232	-172.7162
3179.156006	104.163	-173.4954
3202.193359	104.088	-174.2225
3225.397949	104.007	-174.9180
3248.770508	103.921	-175.5672
3272.312500	103.833	-176.1653
3296.024902	103.745	-176.7293
3319.909180	103.654	-177.2474
3343.966797	103.560	-177.7028
3368.198486	103.465	-178.1212
3392.605713	103.367	-178.5237
3417.189941	103.266	-178.8790
3441.952393	103.165	-179.1848
3466.894287	103.064	-179.4492
3492.016846	102.964	-179.6968
3517.321289	102.865	-179.9092
3542.809326	102.766	179.9130
3568.481934	102.666	179.7617
3594.340576	102.566	179.6516
3620.386719	102.464	179.5784
3646.621582	102.360	179.5219
3673.046387	102.256	179.4855
3699.662842	102.153	179.4788
3726.472168	102.050	179.5139
3753.475586	101.949	179.5919
3780.675049	101.849	179.6878
3808.071289	101.748	179.8158
3835.666016	101.647	179.9895
3863.460938	101.548	-179.7958
3891.457275	101.452	-179.5332
3919.656250	101.361	-179.2508
3948.059814	101.270	-178.9549
3976.668945	101.177	-178.6328
4005.485596	101.079	-178.2771
4034.510986	100.979	-177.8861
4063.746582	100.881	-177.4614
4093.194336	100.785	-177.0195
4122.855469	100.690	-176.5648
4152.730957	100.595	-176.0683
4182.823730	100.502	-175.5512
4213.133789	100.414	-175.0249
4243.664062	100.333	-174.4713
4274.415527	100.257	-173.8834
4305.389648	100.187	-173.2654
4336.588379	100.121	-172.6442
4368.013184	100.057	-172.0221
4399.665527	99.997	-171.4026
4431.547363	99.942	-170.7788
4463.660156	99.890	-170.1233
4496.005371	99.844	-169.4319
4528.585449	99.804	-168.7213
4561.401367	99.769	-168.0261
4594.455078	99.740	-167.3686
4627.748535	99.715	-166.7294
4661.283203	99.695	-166.0991
4695.060547	99.678	-165.4769
4729.083008	99.661	-164.8447
4763.352051	99.646	-164.1901
4797.869141	99.634	-163.5401
4832.636719	99.625	-162.9143
4867.655762	99.620	-162.2707
4902.928711	99.620	-161.6036
4938.457520	99.627	-160.9199
4974.243652	99.637	-160.2311
5010.289062	99.651	-159.5722
5046.595703	99.670	-158.9366
5083.165527	99.693	-158.2996
5120.000000	99.723	-157.6550
5157.101562	99.761	-156.9793
5194.472168	99.809	-156.3051
5232.113281	99.863	-155.6662
5270.027344	99.923	-155.0688
5308.216309	99.986	-154.5220
5346.681641	100.055	-154.0076
5385.426270	100.130	-153.5153
5424.451172	100.212	-153.0390
5463.758789	100.298	-152.5803
5503.351562	100.388	-152.1409
5543.230957	100.485	-151.7330
5583.399414	100.588	-151.3880
5623.859375	100.695	-151.1109
5664.611816	100.806	-150.8880
5705.660156	100.922	-150.7344
5747.005859	101.042	-150.6568
5788.650879	101.164	-150.6403
5830.597656	101.286	-150.6917
5872.848633	101.405	-150.8408
5915.405762	101.521	-151.0863
5958.271484	101.631	-151.4093
6001.447266	101.736	-151.8180
6044.936523	101.835	-152.3114
6088.740234	101.922	-152.8716
6132.861816	101.998	-153.4831
6177.303223	102.064	-154.1163
6222.066406	102.119	-154.7625
6267.154297	102.164	-155.4584
6312.568359	102.195	-156.2064
6358.312012	102.208	-156.9872
6404.386719	102.205	-157.7961
6450.795898	102.184	-158.6060
6497.541016	102.146	-159.3537
6544.625000	102.090	-160.0053
6592.049805	102.022	-160.5533
6639.818359	101.950	-160.9908
6687.933594	101.878	-161.3189
6736.396973	101.814	-161.5395
6785.211426	101.758	-161.6859
6834.379883	101.707	-161.7705
6883.904785	101.661	-161.8016
6933.788574	101.629	-161.7883
6984.033691	101.614	-161.7298
7034.642578	101.616	-161.6329
7085.618652	101.637	-161.5008
7136.963867	101.682	-161.3759
7188.681152	101.746	-161.3280
7240.773438	101.827	-161.4047
7293.243164	101.927	-161.6171
7346.092773	102.048	-161.9579
7399.325684	102.187	-162.4179
7452.944336	102.345	-163.0354
7506.951172	102.519	-163.8642
7561.350098	102.701	-164.9515
7616.142578	102.890	-166.3327
7671.332031	103.088	-168.0764
7726.921875	103.281	-170.2027
7782.914551	103.457	-172.7566
7839.312500	103.602	-175.7755
7896.119629	103.702	-179.2400
7953.337891	103.738	176.8856
8010.971191	103.694	172.6826
8069.021973	103.556	168.2732
8127.493164	103.314	163.8129
8186.388672	102.969	159.4603
8245.710938	102.522	155.3613
8305.461914	101.985	151.6238
8365.647461	101.372	148.3220
8426.267578	100.706	145.5249
8487.328125	100.003	143.2798
8548.831055	99.281	141.5917
8610.779297	98.550	140.4218
8673.176758	97.822	139.7221
8736.026367	97.107	139.4253
8799.331055	96.411	139.4600
8863.094727	95.735	139.7930
8927.320312	95.083	140.4307
8992.010742	94.455	141.2991
9057.170898	93.851	142.3083
9122.802734	93.273	143.4714
9188.910156	92.718	144.7863
9255.497070	92.185	146.2525
9322.566406	91.675	147.8457
9390.121094	91.187	149.5207
9458.166016	90.718	151.2743
9526.704102	90.272	153.1377
9595.738281	89.851	155.0749
9665.273438	89.452	157.0118
9735.311523	89.067	158.9387
9805.857422	88.695	160.9224
9876.915039	88.341	162.9722
9948.487305	88.005	165.0137
10020.578125	87.683	166.9692
10093.191406	87.378	168.9062
10166.331055	87.088	170.8928
10240.000000	86.812	172.9175
10314.203125	86.546	174.9236
10388.944336	86.287	176.8568
10464.226562	86.032	178.7146
10540.054688	85.779	-179.4566
10616.432617	85.526	-177.6720
10693.363281	85.269	-175.9456
10770.852539	85.005	-174.2593
10848.902344	84.732	-172.5395
10927.517578	84.446	-170.7531
11006.703125	84.145	-168.8725
11086.461914	83.832	-166.8300
11166.798828	83.514	-164.5485
11247.718750	83.201	-162.0040
11329.223633	82.901	-159.2336
11411.320312	82.626	-156.2479
11494.011719	82.386	-153.0824
11577.301758	82.188	-149.7869
11661.195312	82.034	-146.4254
11745.697266	81.921	-143.0564
11830.811523	81.847	-139.7537
11916.542969	81.808	-136.5602
12002.894531	81.799	-133.4993
12089.873047	81.810	-130.5885
12177.480469	81.835	-127.8289
12265.723633	81.869	-125.1773
12354.606445	81.905	-122.6455
12444.132812	81.933	-120.2516
12534.308594	81.952	-117.8690
12625.136719	81.973	-115.3923
12716.624023	82.005	-112.7161
12808.773438	82.060	-109.7815
12901.591797	82.148	-106.6575
12995.082031	82.277	-103.4471
13089.250000	82.453	-100.2590
13184.099609	82.681	-97.1416
13279.636719	82.963	-94.1217
13375.867188	83.300	-91.1965
13472.793945	83.692	-88.4082
13570.422852	84.137	-85.8415
13668.759766	84.641	-83.5647
13767.809570	85.204	-81.5924
13867.577148	85.831	-79.9519
13968.067383	86.522	-78.6807
14069.285156	87.285	-77.7952
14171.237305	88.128	-77.3651
14273.927734	89.061	-77.4853
14377.362305	90.102	-78.2562
14481.546875	91.261	-80.0326
14586.486328	92.515	-83.3952
14692.185547	93.800	-88.9307
14798.651367	94.999	-97.1574
14905.888672	95.940	-108.2978
15013.902344	96.446	-121.8230
15122.700195	96.414	-136.2062
15232.285156	95.854	-149.5280
15342.664062	94.888	-160.4594
15453.843750	93.699	-168.6504
15565.829102	92.450	-174.3815
15678.625000	91.249	-178.2680
15792.239258	90.146	179.0939
15906.675781	89.158	177.2544
16021.942383	88.298	176.0166
16138.043945	87.572	175.3078
16254.986328	86.961	174.9692
16372.777344	86.442	174.8162
16491.421875	86.005	174.7677
16610.923828	85.646	174.8025
16731.294922	85.356	174.8612
16852.535156	85.131	174.8978
16974.656250	84.966	174.8436
17097.662109	84.865	174.6566
17221.558594	84.828	174.3102
17346.353516	84.858	173.7154
17472.052734	84.935	172.7146
17598.662109	85.032	171.2751
17726.189453	85.141	169.6458
17854.640625	85.290	167.9427
17984.021484	85.500	165.9081
18114.341797	85.771	163.3299
18245.605469	86.088	160.1525
18377.820312	86.433	156.2676
18510.994141	86.788	151.5348
18645.132812	87.131	145.9207
18780.242188	87.430	139.4398
18916.332031	87.652	132.0612
19053.408203	87.763	123.8391
19191.476562	87.734	115.0442
19330.546875	87.549	106.0443
19470.623047	87.206	97.1418
19611.714844	86.699	88.6180
19753.830078	85.971	81.0352
19896.974609	84.943	75.8292
