20.000000	98.424	-132.3126
20.299999	98.503	-132.8284
20.600000	98.579	-133.3357
20.900000	98.652	-133.8340
21.200001	98.721	-134.3359
21.400000	98.766	-134.6674
21.799999	98.851	-135.3053
22.000000	98.892	-135.6116
22.400000	98.972	-136.2235
22.700001	99.033	-136.6673
23.000000	99.094	-137.1085
23.299999	99.155	-137.5695
23.600000	99.214	-138.0376
24.000000	99.288	-138.6642
24.299999	99.340	-139.1406
24.700001	99.406	-139.7513
25.000000	99.453	-140.1870
25.400000	99.518	-140.7644
25.799999	99.582	-141.3314
26.200001	99.647	-141.9066
26.500000	99.693	-142.3429
26.900000	99.752	-142.9147
27.200001	99.794	-143.3367
27.600000	99.849	-143.8875
28.000000	99.903	-144.4270
28.500000	99.967	-145.1049
29.000000	100.026	-145.7686
29.500000	100.079	-146.4117
30.000000	100.131	-147.0207
30.400000	100.172	-147.5021
30.700001	100.204	-147.8623
31.100000	100.244	-148.3458
31.500000	100.282	-148.8353
32.000000	100.328	-149.4370
32.500000	100.371	-150.0456
33.000000	100.411	-150.6516
33.500000	100.442	-151.2363
34.000000	100.470	-151.7482
34.500000	100.503	-152.1860
35.000000	100.549	-152.5975
35.500000	100.606	-153.0600
36.000000	100.661	-153.5887
36.500000	100.707	-154.1447
37.000000	100.747	-154.6780
37.500000	100.787	-155.1943
38.200001	100.841	-155.9364
38.700001	100.872	-156.4804
39.500000	100.910	-157.2897
40.000000	100.934	-157.7536
40.599998	100.965	-158.3216
41.200001	100.994	-158.9089
41.799999	101.017	-159.4873
42.500000	101.041	-160.1211
43.099998	101.064	-160.6449
43.700001	101.089	-161.1780
44.400002	101.117	-161.8056
45.000000	101.137	-162.3246
45.500000	101.155	-162.7374
46.200001	101.183	-163.3017
46.799999	101.209	-163.7994
47.500000	101.235	-164.3880
48.200001	101.257	-164.9541
48.700001	101.272	-165.3462
49.400002	101.290	-165.8917
50.000000	101.300	-166.3481
50.799999	101.310	-166.9376
51.500000	101.317	-167.4601
52.200001	101.321	-167.9920
53.000000	101.323	-168.5890
53.799999	101.325	-169.1721
54.500000	101.327	-169.6777
55.200001	101.329	-170.1826
56.000000	101.330	-170.7556
57.000000	101.329	-171.4317
58.000000	101.333	-172.0839
59.000000	101.334	-172.7469
60.000000	101.331	-173.4097
60.799999	101.323	-173.9422
61.500000	101.311	-174.3789
62.200001	101.302	-174.7870
63.000000	101.297	-175.2518
64.000000	101.298	-175.8306
65.000000	101.311	-176.4272
66.000000	101.322	-177.0869
67.000000	101.325	-177.7292
68.000000	101.328	-178.3136
69.000000	101.329	-178.8886
70.000000	101.323	-179.4030
71.000000	101.322	-179.8581
72.000000	101.324	179.6524
73.000000	101.318	179.1398
74.000000	101.310	178.6375
75.000000	101.302	178.1198
76.199997	101.290	177.4816
77.500000	101.276	176.7906
78.800003	101.262	176.1412
80.000000	101.253	175.5593
81.199997	101.240	174.9697
82.500000	101.221	174.3556
83.800003	101.200	173.7613
85.000000	101.180	173.2219
86.199997	101.158	172.6822
87.500000	101.136	172.1180
88.500000	101.122	171.6785
90.000000	101.096	170.9854
91.199997	101.068	170.4959
92.500000	101.045	170.0161
93.800003	101.027	169.5229
95.000000	101.010	169.0361
96.199997	100.988	168.5362
97.500000	100.960	168.0244
98.800003	100.932	167.5076
100.000000	100.902	167.0215
101.500000	100.863	166.4486
103.000000	100.826	165.8773
104.400002	100.792	165.3473
106.000000	100.751	164.7529
107.500000	100.707	164.2134
109.000000	100.660	163.7151
110.599998	100.610	163.1830
112.000000	100.562	162.7190
113.800003	100.501	162.1546
115.000000	100.460	161.8003
117.199997	100.393	161.2622
118.000000	100.372	161.0746
120.599998	100.310	160.4773
122.000000	100.282	160.1472
124.099998	100.247	159.6381
125.000000	100.237	159.4118
126.500000	100.226	158.9995
128.000000	100.213	158.5655
131.500000	100.169	157.5201
132.000000	100.161	157.3719
134.000000	100.128	156.7960
136.000000	100.094	156.2443
138.000000	100.061	155.7048
140.000000	100.028	155.1511
143.000000	99.972	154.3004
145.000000	99.931	153.7508
147.500000	99.874	153.0988
150.000000	99.814	152.4883
152.500000	99.753	151.9147
155.000000	99.693	151.3841
157.500000	99.633	150.9117
160.000000	99.575	150.4850
162.500000	99.518	150.0645
165.000000	99.465	149.6151
167.500000	99.416	149.1071
170.000000	99.362	148.5594
172.500000	99.303	148.0064
175.000000	99.239	147.4658
177.500000	99.173	146.9401
180.000000	99.106	146.4268
182.500000	99.034	145.9100
185.000000	98.958	145.4173
187.500000	98.880	144.9555
190.000000	98.803	144.5411
192.500000	98.731	144.1688
195.000000	98.664	143.8282
197.500000	98.603	143.5008
200.000000	98.547	143.1610
203.000000	98.479	142.7003
206.000000	98.413	142.2291
209.000000	98.349	141.7688
212.000000	98.286	141.3077
214.000000	98.244	140.9869
218.000000	98.159	140.3211
220.000000	98.117	139.9844
224.000000	98.029	139.3263
227.000000	97.957	138.8179
230.000000	97.880	138.2708
233.000000	97.799	137.7685
236.000000	97.721	137.4099
240.000000	97.621	136.9276
243.000000	97.545	136.5213
247.000000	97.439	136.0008
250.000000	97.358	135.6332
254.000000	97.247	135.1461
258.000000	97.133	134.6892
262.000000	97.020	134.2340
265.000000	96.934	133.8857
269.000000	96.829	133.4345
272.000000	96.750	133.1324
276.000000	96.639	132.7801
280.000000	96.528	132.3956
285.000000	96.391	131.9758
290.000000	96.256	131.5531
295.000000	96.124	131.1208
300.000000	95.990	130.7016
304.000000	95.884	130.3943
307.000000	95.805	130.1602
311.000000	95.700	129.8713
315.000000	95.599	129.5958
320.000000	95.481	129.2550
325.000000	95.366	128.9291
330.000000	95.252	128.6169
335.000000	95.140	128.3197
340.000000	95.029	128.0457
345.000000	94.919	127.7834
350.000000	94.810	127.5283
355.000000	94.699	127.2957
360.000000	94.589	127.0742
365.000000	94.482	126.8517
370.000000	94.377	126.6349
375.000000	94.271	126.4244
382.000000	94.122	126.1510
387.000000	94.018	125.9921
395.000000	93.855	125.7503
400.000000	93.753	125.5968
406.000000	93.629	125.4409
412.000000	93.507	125.2938
418.000000	93.387	125.1720
425.000000	93.248	125.0520
431.000000	93.129	124.9390
437.000000	93.012	124.8445
444.000000	92.877	124.7578
450.000000	92.762	124.6983
455.000000	92.667	124.6484
462.000000	92.534	124.6105
468.000000	92.421	124.5986
475.000000	92.291	124.5886
482.000000	92.164	124.5828
487.000000	92.075	124.5938
494.000000	91.950	124.6147
500.000000	91.845	124.6465
508.000000	91.709	124.7235
515.000000	91.593	124.7988
522.000000	91.478	124.9017
530.000000	91.348	125.0294
538.000000	91.220	125.1653
545.000000	91.111	125.3010
552.000000	91.004	125.4584
560.000000	90.883	125.6650
570.000000	90.731	125.9127
580.000000	90.582	126.1712
590.000000	90.439	126.4881
600.000000	90.300	126.8362
608.000000	90.186	127.1195
615.000000	90.090	127.3784
622.000000	89.999	127.6468
630.000000	89.898	127.9791
640.000000	89.780	128.4304
650.000000	89.668	128.8996
660.000000	89.557	129.3907
670.000000	89.451	129.8973
680.000000	89.352	130.4489
690.000000	89.255	131.0176
700.000000	89.160	131.6020
710.000000	89.069	132.2127
720.000000	88.984	132.8469
730.000000	88.903	133.5111
740.000000	88.826	134.1884
750.000000	88.753	134.8916
762.000000	88.676	135.7849
775.000000	88.602	136.7545
788.000000	88.534	137.7572
800.000000	88.478	138.7104
812.000000	88.427	139.6779
825.000000	88.374	140.7815
838.000000	88.332	141.8963
850.000000	88.307	142.9219
862.000000	88.295	143.9543
875.000000	88.293	145.0779
885.000000	88.300	145.9409
900.000000	88.325	147.2197
912.000000	88.359	148.2280
925.000000	88.410	149.2984
938.000000	88.475	150.3407
950.000000	88.547	151.2532
962.000000	88.631	152.1076
975.000000	88.734	152.9734
988.000000	88.843	153.7722
1000.000000	88.943	154.4352
1015.000000	89.061	155.1366
1030.000000	89.175	155.7137
1044.000000	89.284	156.1426
1060.000000	89.410	156.4925
1075.000000	89.530	156.7123
1090.000000	89.646	156.8120
1106.000000	89.765	156.8054
1120.000000	89.862	156.7217
1138.000000	89.977	156.5065
1150.000000	90.048	156.3340
1172.000000	90.165	155.9076
1180.000000	90.203	155.7320
1206.000000	90.310	155.1027
1220.000000	90.359	154.7507
1241.000000	90.427	154.2073
1250.000000	90.457	153.9781
1265.000000	90.511	153.5809
1280.000000	90.568	153.1917
1315.000000	90.688	152.3254
1320.000000	90.703	152.2039
1340.000000	90.762	151.7398
1360.000000	90.815	151.2884
1380.000000	90.863	150.8696
1400.000000	90.909	150.4698
1430.000000	90.973	149.9131
1450.000000	91.013	149.5688
1475.000000	91.059	149.1714
1500.000000	91.103	148.8143
1525.000000	91.144	148.5000
1550.000000	91.182	148.2518
1575.000000	91.221	148.0382
1600.000000	91.265	147.9327
1625.000000	91.317	147.8913
1650.000000	91.380	147.9400
1675.000000	91.454	148.0539
1700.000000	91.544	148.2219
1725.000000	91.652	148.4171
1750.000000	91.776	148.6248
1775.000000	91.917	148.8023
1800.000000	92.073	148.9534
1825.000000	92.244	149.0630
1850.000000	92.426	149.0973
1875.000000	92.619	149.0843
1900.000000	92.820	149.0023
1925.000000	93.029	148.8526
1950.000000	93.245	148.6471
1975.000000	93.467	148.3721
2000.000000	93.696	148.0295
2030.000000	93.978	147.5395
2060.000000	94.267	146.9529
2090.000000	94.563	146.2860
2120.000000	94.864	145.4997
2140.000000	95.068	144.9240
2180.000000	95.484	143.6361
2200.000000	95.695	142.8998
2240.000000	96.120	141.2968
2270.000000	96.436	139.9520
2300.000000	96.750	138.4866
2330.000000	97.062	136.8920
2360.000000	97.368	135.1502
2400.000000	97.762	132.6321
2430.000000	98.045	130.6021
2470.000000	98.395	127.7159
2500.000000	98.636	125.4418
2540.000000	98.922	122.3676
2580.000000	99.171	119.3430
2620.000000	99.403	116.5003
2650.000000	99.588	114.5073
2690.000000	99.884	111.8742
2720.000000	100.146	109.6634
2760.000000	100.510	106.1231
2800.000000	100.822	101.8834
2850.000000	101.072	96.0245
2900.000000	101.162	90.1431
2950.000000	101.128	84.5878
3000.000000	101.008	79.5135
3040.000000	100.870	75.8135
3070.000000	100.749	73.2519
3110.000000	100.574	70.1255
3150.000000	100.392	67.3258
3200.000000	100.176	64.2924
3250.000000	99.988	61.7601
3300.000000	99.851	59.5701
3350.000000	99.772	57.5063
3400.000000	99.736	55.3751
3450.000000	99.715	53.1127
3500.000000	99.693	50.7812
3550.000000	99.666	48.4914
3600.000000	99.638	46.2499
3650.000000	99.614	44.0877
3700.000000	99.596	41.9964
3750.000000	99.588	39.9605
3820.000000	99.599	37.2139
3870.000000	99.623	35.2708
3950.000000	99.690	32.1667
4000.000000	99.741	30.1873
4060.000000	99.800	27.7444
4120.000000	99.865	25.1996
4180.000000	99.938	22.5549
4250.000000	100.032	19.3215
4310.000000	100.119	16.4312
4370.000000	100.212	13.4230
4440.000000	100.326	9.6725
4500.000000	100.421	6.2422
4550.000000	100.490	3.1902
4620.000000	100.557	-1.3478
4680.000000	100.575	-5.4611
4750.000000	100.536	-10.4191
4820.000000	100.423	-15.4430
4870.000000	100.296	-19.0017
4940.000000	100.054	-23.8163
5000.000000	99.794	-27.7283
5080.000000	99.385	-32.4626
5150.000000	98.984	-36.1006
5220.000000	98.556	-39.1997
5300.000000	98.057	-42.0673
5380.000000	97.568	-44.1986
5450.000000	97.166	-45.5062
5520.000000	96.799	-46.3207
5600.000000	96.439	-46.7155
5700.000000	96.095	-46.4889
5800.000000	95.891	-45.6213
5900.000000	95.840	-44.3209
6000.000000	95.959	-42.7531
6080.000000	96.182	-41.4033
6150.000000	96.472	-40.2604
6220.000000	96.851	-39.1807
6300.000000	97.391	-38.1348
6400.000000	98.230	-37.2381
6500.000000	99.263	-37.0953
6600.000000	100.490	-38.0189
6700.000000	101.890	-40.4044
6800.000000	103.420	-44.6385
6900.000000	105.001	-51.1348
7000.000000	106.515	-60.0615
7100.000000	107.830	-71.1801
7200.000000	108.852	-83.7926
7300.000000	109.556	-97.0276
7400.000000	109.985	-110.0637
7500.000000	110.254	-122.2705
7620.000000	110.597	-135.9342
7750.000000	111.185	-151.2471
7880.000000	111.883	-169.6134
8000.000000	112.199	169.5267
8120.000000	111.721	146.4750
8250.000000	110.128	123.0941
8380.000000	107.767	104.8552
8500.000000	105.390	93.0861
8620.000000	103.140	85.0864
8750.000000	100.978	79.1560
8850.000000	99.511	75.7606
9000.000000	97.583	71.8725
9120.000000	96.231	69.4276
9250.000000	94.922	67.2887
9380.000000	93.753	65.5162
9500.000000	92.781	64.1139
9620.000000	91.904	62.9205
9750.000000	91.050	61.7701
9880.000000	90.289	60.7134
10000.000000	89.661	59.8304
10150.000000	88.968	58.7430
10300.000000	88.365	57.7062
10440.000000	87.876	56.7701
10600.000000	87.399	55.7491
10750.000000	87.029	54.8456
10900.000000	86.733	53.9226
11060.000000	86.496	52.9827
11200.000000	86.358	52.1321
11380.000000	86.276	51.0210
11500.000000	86.284	50.2829
11720.000000	86.436	48.8196
11800.000000	86.538	48.2537
12060.000000	87.065	46.1801
12200.000000	87.488	44.8856
12410.000000	88.338	42.4902
12500.000000	88.796	41.2542
12650.000000	89.707	38.7267
12800.000000	90.840	35.2695
13150.000000	94.469	19.6514
13200.000000	95.059	15.9246
13400.000000	97.212	-4.2258
13600.000000	98.269	-31.6617
13800.000000	97.614	-60.2269
14000.000000	95.620	-82.7158
14300.000000	92.140	-101.8883
14500.000000	90.329	-108.7669
14750.000000	88.724	-114.9055
15000.000000	87.685	-120.0416
15250.000000	87.096	-124.9292
15500.000000	86.982	-129.9916
15750.000000	87.463	-136.4343
16000.000000	88.658	-146.6975
16250.000000	90.277	-164.4470
16500.000000	91.229	168.6667
16750.000000	90.419	137.7981
17000.000000	87.854	111.8391
17250.000000	84.483	95.0154
17500.000000	81.193	85.7954
17750.000000	78.355	81.0542
18000.000000	75.962	78.8198
18250.000000	73.908	78.0935
18500.000000	72.108	78.6787
18750.000000	70.515	80.5142
19000.000000	69.121	83.7417
19250.000000	67.963	88.8756
19500.000000	67.142	96.2827
19750.000000	66.778	105.5026
20000.000000	66.752	112.4198
