20.144928	100.923	-134.2547
20.290907	100.937	-134.5066
20.437943	100.954	-134.7515
20.586044	100.971	-134.9904
20.735220	100.987	-135.2236
20.885475	101.003	-135.4521
21.036821	101.018	-135.6754
21.189262	101.035	-135.8950
21.342808	101.052	-136.1132
21.497467	101.071	-136.3293
21.653246	101.090	-136.5471
21.810154	101.112	-136.7666
21.968201	101.134	-136.9887
22.127390	101.157	-137.2151
22.287735	101.180	-137.4445
22.449242	101.203	-137.6765
22.611917	101.225	-137.9108
22.775772	101.247	-138.1435
22.940815	101.267	-138.3752
23.107054	101.287	-138.6019
23.274498	101.305	-138.8228
23.443153	101.322	-139.0372
23.613033	101.338	-139.2434
23.784142	101.354	-139.4432
23.956491	101.370	-139.6370
24.130091	101.386	-139.8261
24.304947	101.402	-140.0141
24.481071	101.419	-140.2008
24.658470	101.436	-140.3900
24.837156	101.453	-140.5811
25.017136	101.471	-140.7758
25.198421	101.489	-140.9737
25.381020	101.507	-141.1737
25.564941	101.525	-141.3759
25.750195	101.544	-141.5788
25.936790	101.563	-141.7827
26.124741	101.583	-141.9874
26.314051	101.603	-142.1930
26.504732	101.624	-142.4008
26.696796	101.645	-142.6106
26.890253	101.666	-142.8230
27.085112	101.687	-143.0372
27.281382	101.708	-143.2518
27.479073	101.728	-143.4652
27.678198	101.747	-143.6752
27.878765	101.765	-143.8800
28.080786	101.784	-144.0782
28.284271	101.802	-144.2705
28.489231	101.820	-144.4567
28.695675	101.840	-144.6405
28.903616	101.859	-144.8226
29.113064	101.880	-145.0067
29.324028	101.900	-145.1926
29.536524	101.920	-145.3814
29.750557	101.940	-145.5701
29.966141	101.959	-145.7578
30.183289	101.978	-145.9398
30.402010	101.997	-146.1158
30.622314	102.017	-146.2836
30.844217	102.038	-146.4462
31.067726	102.060	-146.6048
31.292856	102.084	-146.7657
31.519617	102.108	-146.9313
31.748020	102.134	-147.1058
31.978081	102.158	-147.2890
32.209808	102.182	-147.4802
32.443211	102.204	-147.6753
32.678310	102.224	-147.8698
32.915108	102.243	-148.0607
33.153625	102.261	-148.2445
33.393871	102.278	-148.4225
33.635857	102.296	-148.5955
33.879597	102.315	-148.7683
34.125103	102.334	-148.9430
34.372387	102.354	-149.1221
34.621464	102.374	-149.3053
34.872345	102.394	-149.4903
35.125042	102.414	-149.6748
35.379574	102.434	-149.8550
35.635948	102.454	-150.0304
35.894180	102.475	-150.2008
36.154285	102.496	-150.3681
36.416275	102.519	-150.5350
36.680161	102.542	-150.7029
36.945961	102.565	-150.8726
37.213688	102.587	-151.0431
37.483353	102.610	-151.2132
37.754974	102.632	-151.3820
38.028561	102.655	-151.5497
38.304131	102.678	-151.7183
38.581699	102.702	-151.8899
38.861279	102.725	-152.0660
39.142883	102.749	-152.2475
39.426529	102.773	-152.4327
39.712231	102.796	-152.6189
40.000000	102.819	-152.8038
40.289856	102.842	-152.9856
40.581814	102.865	-153.1642
40.875885	102.890	-153.3415
41.172089	102.915	-153.5198
41.470440	102.940	-153.7009
41.770950	102.966	-153.8863
42.073643	102.992	-154.0758
42.378525	103.017	-154.2681
42.685616	103.042	-154.4612
42.994934	103.066	-154.6533
43.306492	103.090	-154.8435
43.620308	103.114	-155.0315
43.936401	103.138	-155.2183
44.254780	103.162	-155.4051
44.575470	103.186	-155.5920
44.898483	103.210	-155.7790
45.223835	103.235	-155.9667
45.551544	103.260	-156.1577
45.881630	103.287	-156.3564
46.214108	103.313	-156.5667
46.548996	103.339	-156.7874
46.886307	103.362	-157.0081
47.226067	103.383	-157.2101
47.568283	103.403	-157.3758
47.912983	103.425	-157.5030
48.260181	103.453	-157.6120
48.609894	103.485	-157.7390
48.962143	103.520	-157.9158
49.316940	103.551	-158.1482
49.674313	103.575	-158.4081
50.034271	103.592	-158.6487
50.396843	103.607	-158.8347
50.762039	103.629	-158.9691
51.129883	103.661	-159.0941
51.500389	103.703	-159.2626
51.873581	103.747	-159.5003
52.249481	103.788	-159.7884
52.628101	103.823	-160.0812
53.009464	103.856	-160.3438
53.393593	103.890	-160.5785
53.780506	103.929	-160.8191
54.170223	103.970	-161.0999
54.562763	104.008	-161.4263
54.958145	104.041	-161.7742
55.356396	104.069	-162.1121
55.757530	104.096	-162.4229
56.161572	104.125	-162.7079
56.568542	104.157	-162.9753
56.978462	104.193	-163.2301
57.391350	104.231	-163.4797
57.807232	104.271	-163.7407
58.226128	104.309	-164.0339
58.648056	104.341	-164.3652
59.073048	104.365	-164.7166
59.501114	104.381	-165.0587
59.932281	104.397	-165.3793
60.366577	104.418	-165.6965
60.804020	104.446	-166.0392
61.244629	104.478	-166.4155
61.688435	104.509	-166.8043
62.135452	104.537	-167.1755
62.585712	104.564	-167.5200
63.039234	104.590	-167.8562
63.496040	104.614	-168.2088
63.956161	104.636	-168.5885
64.419617	104.656	-168.9862
64.886421	104.676	-169.3858
65.356621	104.697	-169.7773
65.830215	104.720	-170.1582
66.307251	104.742	-170.5310
66.787743	104.762	-170.8990
67.271713	104.781	-171.2649
67.759193	104.798	-171.6346
68.250206	104.817	-172.0220
68.744774	104.838	-172.4473
69.242928	104.860	-172.9209
69.744690	104.879	-173.4247
70.250084	104.891	-173.9133
70.759148	104.900	-174.3444
71.271896	104.909	-174.7149
71.788361	104.921	-175.0629
72.308571	104.934	-175.4349
72.832550	104.947	-175.8524
73.360321	104.957	-176.3050
73.891922	104.965	-176.7699
74.427376	104.973	-177.2295
74.966705	104.981	-177.6802
75.509949	104.989	-178.1262
76.057121	104.995	-178.5713
76.608261	104.997	-179.0159
77.163399	104.997	-179.4618
77.722557	104.997	-179.9163
78.285767	104.996	179.6154
78.853058	104.996	179.1393
79.424461	104.995	178.6692
80.000000	104.992	178.2133
80.579712	104.988	177.7654
81.163628	104.982	177.3152
81.751770	104.973	176.8602
82.344177	104.964	176.4037
82.940880	104.954	175.9471
83.541901	104.944	175.4901
84.147285	104.932	175.0348
84.757050	104.919	174.5849
85.371231	104.904	174.1395
85.989868	104.889	173.6935
86.612984	104.872	173.2457
87.240616	104.854	172.8013
87.872803	104.836	172.3643
88.509560	104.817	171.9317
89.150940	104.797	171.4979
89.796967	104.776	171.0640
90.447670	104.753	170.6351
91.103088	104.729	170.2138
91.763260	104.704	169.7972
92.428215	104.678	169.3830
93.097992	104.652	168.9729
93.772614	104.624	168.5696
94.452133	104.595	168.1724
95.136566	104.565	167.7772
95.825966	104.533	167.3827
96.520363	104.501	166.9917
97.219788	104.468	166.6103
97.924286	104.434	166.2443
98.633881	104.400	165.8946
99.348625	104.365	165.5578
100.068542	104.330	165.2322
100.793686	104.294	164.9187
101.524078	104.260	164.6167
102.259766	104.229	164.3237
103.000778	104.200	164.0352
103.747162	104.172	163.7412
104.498962	104.145	163.4316
105.256203	104.117	163.1067
106.018929	104.088	162.7742
106.787186	104.057	162.4388
107.561012	104.025	162.1016
108.340446	103.991	161.7665
109.125526	103.957	161.4384
109.916290	103.922	161.1167
110.712791	103.886	160.7993
111.515060	103.849	160.4870
112.323143	103.812	160.1786
113.137085	103.774	159.8724
113.956924	103.736	159.5753
114.782700	103.697	159.2906
115.614464	103.657	159.0105
116.452255	103.617	158.7318
117.296112	103.577	158.4585
118.146095	103.538	158.1849
119.002228	103.499	157.9088
119.864563	103.459	157.6435
120.733154	103.420	157.3964
121.608040	103.381	157.1617
122.489258	103.341	156.9311
123.376869	103.300	156.6907
124.270905	103.259	156.4379
125.171425	103.219	156.1897
126.078468	103.179	155.9521
126.992081	103.139	155.7195
127.912323	103.099	155.4916
128.839233	103.058	155.2686
129.772842	103.016	155.0501
130.713242	102.973	154.8367
131.660431	102.931	154.6263
132.614502	102.891	154.4158
133.575485	102.851	154.2068
134.543427	102.809	154.0017
135.518387	102.767	153.7982
136.500412	102.725	153.5979
137.489548	102.684	153.4030
138.485855	102.643	153.2128
139.489380	102.602	153.0226
140.500168	102.561	152.8294
141.518295	102.519	152.6397
142.543793	102.476	152.4592
143.576721	102.433	152.2858
144.617142	102.390	152.1158
145.665100	102.347	151.9532
146.720642	102.305	151.7996
147.783844	102.263	151.6502
148.854752	102.221	151.5088
149.933411	102.178	151.3844
151.019897	102.137	151.2797
152.114243	102.098	151.1841
153.216522	102.061	151.0909
154.326797	102.027	150.9967
155.445114	101.995	150.8950
156.571533	101.965	150.7861
157.706116	101.936	150.6647
158.848923	101.908	150.5231
160.000000	101.880	150.3611
161.159424	101.851	150.1851
162.327255	101.822	150.0025
163.503540	101.791	149.8157
164.688354	101.759	149.6242
165.881760	101.725	149.4311
167.083801	101.689	149.2417
168.294571	101.652	149.0569
169.514099	101.614	148.8737
170.742462	101.576	148.6964
171.979736	101.537	148.5339
173.225967	101.498	148.3735
174.481232	101.459	148.2054
175.745605	101.420	148.0363
177.019119	101.381	147.8679
178.301880	101.341	147.7022
179.593933	101.301	147.5449
180.895340	101.261	147.3978
182.206177	101.222	147.2499
183.526520	101.183	147.0974
184.856430	101.144	146.9452
186.195984	101.105	146.7988
187.545227	101.066	146.6537
188.904266	101.027	146.5049
190.273132	100.987	146.3492
191.651932	100.948	146.1885
193.040726	100.908	146.0357
194.439575	100.868	145.8898
195.848572	100.827	145.7385
197.267761	100.785	145.5862
198.697250	100.743	145.4406
200.137085	100.701	145.3033
201.587372	100.659	145.1685
203.048157	100.617	145.0341
204.519531	100.575	144.9096
206.001556	100.534	144.7931
207.494324	100.494	144.6715
208.997925	100.454	144.5386
210.512405	100.415	144.4036
212.037857	100.374	144.2692
213.574371	100.334	144.1269
215.122025	100.292	143.9762
216.680893	100.250	143.8273
218.251053	100.207	143.6838
219.832581	100.163	143.5421
221.425583	100.119	143.3948
223.030121	100.075	143.2518
224.646286	100.030	143.1115
226.274170	99.987	142.9677
227.913849	99.944	142.8297
229.565399	99.899	142.7045
231.228928	99.853	142.5871
232.904510	99.807	142.4658
234.592224	99.760	142.3321
236.292191	99.713	142.1915
238.004456	99.665	142.0576
239.729126	99.617	141.9320
241.466309	99.568	141.8115
243.216080	99.519	141.6908
244.978516	99.470	141.5628
246.753738	99.421	141.4355
248.541809	99.370	141.3236
250.342850	99.319	141.2243
252.156937	99.268	141.1269
253.984161	99.218	141.0261
255.824646	99.167	140.9248
257.678467	99.117	140.8215
259.545685	99.066	140.7156
261.426483	99.015	140.6172
263.320862	98.963	140.5172
265.229004	98.910	140.4074
267.150970	98.857	140.2977
269.086853	98.803	140.1915
271.036774	98.749	140.0931
273.000824	98.695	139.9919
274.979095	98.641	139.8972
276.971710	98.586	139.8135
278.978760	98.530	139.7358
281.000336	98.474	139.6733
283.036591	98.418	139.6131
285.087585	98.362	139.5483
287.153442	98.307	139.4907
289.234283	98.251	139.4359
291.330200	98.194	139.3896
293.441284	98.138	139.3445
295.567688	98.080	139.2898
297.709503	98.022	139.2401
299.866821	97.964	139.1880
302.039795	97.906	139.1226
304.228485	97.849	139.0682
306.433044	97.792	139.0375
308.653595	97.736	139.0129
310.890228	97.679	138.9847
313.143066	97.620	138.9594
315.412231	97.561	138.9291
317.697845	97.502	138.9146
320.000000	97.443	138.9241
322.318848	97.386	138.9404
324.654510	97.331	138.9578
327.007080	97.278	138.9628
329.376709	97.226	138.9489
331.763519	97.173	138.9204
334.167603	97.118	138.8946
336.589142	97.059	138.8669
339.028198	96.999	138.8403
341.484924	96.938	138.8313
343.959473	96.877	138.8412
346.451935	96.816	138.8651
348.962463	96.757	138.8992
351.491211	96.700	138.9384
354.038239	96.646	138.9816
356.603760	96.593	139.0170
359.187866	96.539	139.0327
361.790680	96.485	139.0515
364.412354	96.429	139.0810
367.053040	96.371	139.1003
369.712860	96.313	139.0952
372.391968	96.252	139.0810
375.090454	96.192	139.0673
377.808533	96.133	139.0646
380.546265	96.073	139.0861
383.303864	96.013	139.1259
386.081451	95.950	139.1718
388.879150	95.887	139.2104
391.697144	95.824	139.2442
394.535522	95.763	139.2879
397.394501	95.700	139.3353
400.274170	95.637	139.3663
403.174744	95.572	139.4048
406.096313	95.506	139.4646
409.039062	95.441	139.5306
412.003113	95.377	139.6069
414.988647	95.314	139.6808
417.995850	95.251	139.7522
421.024811	95.188	139.8270
424.075714	95.124	139.9133
427.148743	95.058	139.9966
430.244049	94.993	140.0765
433.361786	94.927	140.1630
436.502106	94.860	140.2519
439.665161	94.792	140.3542
442.851166	94.725	140.4668
446.060242	94.659	140.5886
449.292572	94.593	140.7216
452.548340	94.526	140.8611
455.827698	94.458	141.0091
459.130798	94.389	141.1614
462.457855	94.321	141.3031
465.809021	94.252	141.4333
469.184448	94.184	141.5694
472.584381	94.116	141.7111
476.008911	94.049	141.8655
479.458252	93.982	142.0383
482.932617	93.915	142.2157
486.432159	93.847	142.3961
489.957031	93.779	142.5911
493.507477	93.711	142.7734
497.083618	93.643	142.9437
500.685699	93.576	143.1276
504.313873	93.507	143.3334
507.968323	93.439	143.5479
511.649292	93.371	143.7700
515.356934	93.304	143.9987
519.091370	93.235	144.2314
522.852966	93.166	144.4625
526.641724	93.095	144.6967
530.458008	93.026	144.9412
534.301941	92.957	145.1949
538.173706	92.890	145.4568
542.073547	92.824	145.7338
546.001648	92.759	146.0153
549.958191	92.694	146.3065
553.943420	92.628	146.6086
557.957520	92.562	146.9159
562.000671	92.496	147.2395
566.073181	92.430	147.5706
570.175171	92.367	147.9023
574.306885	92.304	148.2328
578.468567	92.241	148.5661
582.660400	92.181	148.9036
586.882568	92.123	149.2634
591.135376	92.067	149.6244
595.419006	92.010	149.9787
599.733643	91.955	150.3246
604.079590	91.900	150.6556
608.456970	91.844	150.9924
612.866089	91.789	151.3413
617.307190	91.734	151.6881
621.780457	91.679	152.0225
626.286133	91.624	152.3609
630.824463	91.568	152.7032
635.395691	91.512	153.0503
640.000000	91.455	153.4163
644.637695	91.397	153.7780
649.309021	91.339	154.1364
654.014160	91.280	154.5135
658.753418	91.218	154.9025
663.527039	91.157	155.2971
668.335205	91.097	155.7083
673.178284	91.038	156.1374
678.056396	90.979	156.5696
682.969849	90.920	156.9956
687.918945	90.859	157.4339
692.903870	90.799	157.8955
697.924927	90.738	158.3698
702.982422	90.679	158.8406
708.076477	90.621	159.3270
713.207520	90.565	159.8467
718.375732	90.510	160.3795
723.581360	90.456	160.9181
728.824707	90.402	161.4498
734.106079	90.350	161.9927
739.425720	90.299	162.5543
744.783936	90.249	163.1148
750.180908	90.200	163.6670
755.617065	90.152	164.2205
761.092529	90.107	164.7958
766.607727	90.063	165.4034
772.162903	90.020	166.0150
777.758301	89.977	166.6235
783.394287	89.936	167.2418
789.071045	89.895	167.8564
794.789001	89.856	168.4979
800.548340	89.818	169.1633
806.349487	89.782	169.7935
812.192627	89.747	170.4247
818.078125	89.714	171.0714
824.006226	89.683	171.7368
829.977295	89.654	172.4056
835.991699	89.625	173.0833
842.049622	89.597	173.7729
848.151428	89.572	174.4654
854.297485	89.550	175.1646
860.488098	89.530	175.8789
866.723572	89.510	176.5931
873.004211	89.492	177.3002
879.330322	89.477	178.0063
885.702332	89.464	178.7192
892.120483	89.452	179.4377
898.585144	89.441	-179.8432
905.096680	89.434	-179.1062
911.655396	89.430	-178.3701
918.261597	89.428	-177.6409
924.915710	89.427	-176.9073
931.618042	89.429	-176.1653
938.368896	89.433	-175.4230
945.168762	89.440	-174.6848
952.017822	89.450	-173.9549
958.916504	89.460	-173.2251
965.865234	89.471	-172.4887
972.864319	89.486	-171.7516
979.914062	89.504	-171.0076
987.014954	89.524	-170.2746
994.167236	89.546	-169.5588
1001.371399	89.570	-168.8601
1008.627747	89.596	-168.1493
1015.936646	89.625	-167.4198
1023.298584	89.656	-166.7125
1030.713867	89.690	-166.0218
1038.182739	89.726	-165.3280
1045.705933	89.764	-164.6442
1053.283447	89.804	-163.9828
1060.916016	89.845	-163.3303
1068.603882	89.888	-162.6711
1076.347412	89.932	-162.0157
1084.147095	89.976	-161.3850
1092.003296	90.020	-160.7683
1099.916382	90.068	-160.1572
1107.886841	90.118	-159.5618
1115.915039	90.169	-158.9685
1124.001343	90.222	-158.3800
1132.146362	90.275	-157.7934
1140.350342	90.328	-157.2281
1148.613770	90.383	-156.6903
1156.937134	90.439	-156.1522
1165.320801	90.495	-155.6104
1173.765137	90.552	-155.0834
1182.270752	90.611	-154.5764
1190.838013	90.669	-154.0870
1199.467285	90.727	-153.6029
1208.159180	90.785	-153.1246
1216.913940	90.844	-152.6527
1225.732178	90.902	-152.1960
1234.614380	90.959	-151.7570
1243.560913	91.017	-151.3161
1252.572266	91.076	-150.8754
1261.648926	91.135	-150.4379
1270.791382	91.195	-150.0183
1280.000000	91.254	-149.6189
1289.275391	91.313	-149.2182
1298.618042	91.372	-148.8141
1308.028320	91.430	-148.4212
1317.506836	91.488	-148.0265
1327.054077	91.546	-147.6369
1336.670410	91.602	-147.2621
1346.356567	91.660	-146.8881
1356.112793	91.718	-146.5127
1365.939697	91.777	-146.1362
1375.837891	91.835	-145.7613
1385.807739	91.891	-145.3980
1395.849854	91.948	-145.0360
1405.964844	92.005	-144.6756
1416.152954	92.064	-144.3158
1426.415039	92.122	-143.9547
1436.751465	92.179	-143.5960
1447.162720	92.235	-143.2382
1457.649414	92.292	-142.8855
1468.212158	92.349	-142.5392
1478.851440	92.408	-142.1898
1489.567871	92.466	-141.8353
1500.361816	92.525	-141.4863
1511.234131	92.584	-141.1450
1522.185059	92.643	-140.7971
1533.215454	92.702	-140.4362
1544.325806	92.761	-140.0835
1555.516602	92.821	-139.7354
1566.788574	92.882	-139.3839
1578.142090	92.944	-139.0393
1589.578003	93.006	-138.6958
1601.096680	93.069	-138.3479
1612.698975	93.134	-137.9906
1624.385254	93.199	-137.6309
1636.156250	93.264	-137.2761
1648.012451	93.330	-136.9356
1659.954590	93.397	-136.6002
1671.983398	93.465	-136.2614
1684.099243	93.534	-135.9173
1696.302856	93.604	-135.5703
1708.594971	93.675	-135.2312
1720.976196	93.747	-134.9037
1733.447144	93.820	-134.5671
1746.008423	93.894	-134.2264
1758.660645	93.969	-133.8927
1771.404663	94.045	-133.5623
1784.240967	94.123	-133.2319
1797.170288	94.201	-132.9063
1810.193359	94.280	-132.5872
1823.310791	94.361	-132.2738
1836.523193	94.444	-131.9657
1849.831421	94.527	-131.6603
1863.236084	94.612	-131.3545
1876.737793	94.698	-131.0510
1890.337524	94.785	-130.7592
1904.035645	94.873	-130.4678
1917.833008	94.963	-130.1826
1931.730469	95.055	-129.9079
1945.728638	95.148	-129.6420
1959.828125	95.241	-129.3787
1974.029907	95.336	-129.1145
1988.334473	95.433	-128.8615
2002.742798	95.532	-128.6168
2017.255493	95.633	-128.3800
2031.873291	95.735	-128.1508
2046.597168	95.839	-127.9357
2061.427734	95.943	-127.7330
2076.365479	96.049	-127.5291
2091.411865	96.157	-127.3297
2106.566895	96.269	-127.1490
2121.832031	96.383	-126.9925
2137.207764	96.498	-126.8586
2152.694824	96.613	-126.7340
2168.294189	96.729	-126.6005
2184.006592	96.844	-126.4661
2199.832764	96.959	-126.3498
2215.773682	97.075	-126.2579
2231.830078	97.193	-126.1910
2248.002686	97.313	-126.1466
2264.292725	97.437	-126.1183
2280.700684	97.561	-126.0983
2297.227539	97.687	-126.0993
2313.874268	97.814	-126.1211
2330.641602	97.941	-126.1649
2347.530273	98.069	-126.2169
2364.541504	98.200	-126.2827
2381.676025	98.331	-126.3884
2398.934570	98.460	-126.5136
2416.318359	98.588	-126.6656
2433.827881	98.719	-126.8493
2451.464355	98.852	-127.0591
2469.228760	98.986	-127.3038
2487.121826	99.121	-127.5501
2505.144531	99.255	-127.8212
2523.297852	99.390	-128.1378
2541.582764	99.525	-128.4893
2560.000000	99.657	-128.8739
2578.550781	99.786	-129.2686
2597.236084	99.910	-129.6690
2616.056641	100.030	-130.1137
2635.013672	100.152	-130.5995
2654.108154	100.274	-131.0968
2673.340820	100.394	-131.5918
2692.713135	100.511	-132.0995
2712.225586	100.627	-132.6236
2731.879395	100.743	-133.1552
2751.675781	100.861	-133.6985
2771.615479	100.982	-134.2639
2791.699707	101.107	-134.8745
2811.929688	101.235	-135.5483
2832.305908	101.363	-136.3025
2852.830078	101.489	-137.1532
2873.502930	101.608	-138.0968
2894.325439	101.716	-139.1136
2915.298828	101.813	-140.1871
2936.424316	101.897	-141.3063
2957.702881	101.969	-142.4484
2979.135742	102.028	-143.5993
3000.723633	102.076	-144.7579
3022.468262	102.112	-145.9103
3044.370117	102.137	-147.0505
3066.430908	102.153	-148.1881
3088.651611	102.159	-149.3183
3111.033203	102.157	-150.4272
3133.577148	102.146	-151.5163
3156.284180	102.127	-152.5869
3179.156006	102.101	-153.6298
3202.193359	102.067	-154.6492
3225.397949	102.023	-155.6328
3248.770508	101.973	-156.5780
3272.312500	101.916	-157.5053
3296.024902	101.855	-158.4056
3319.909180	101.788	-159.2512
3343.966797	101.715	-160.0512
3368.198486	101.637	-160.8120
3392.605713	101.555	-161.5283
3417.189941	101.468	-162.2068
3441.952393	101.377	-162.8359
3466.894287	101.281	-163.4194
3492.016846	101.182	-163.9809
3517.321289	101.081	-164.4939
3542.809326	100.976	-164.9522
3568.481934	100.870	-165.3559
3594.340576	100.761	-165.7095
3620.386719	100.651	-166.0239
3646.621582	100.538	-166.2704
3673.046387	100.425	-166.4490
3699.662842	100.313	-166.5645
3726.472168	100.204	-166.6256
3753.475586	100.098	-166.6533
3780.675049	99.998	-166.6391
3808.071289	99.903	-166.5903
3835.666016	99.813	-166.5266
3863.460938	99.725	-166.4494
3891.457275	99.640	-166.3604
3919.656250	99.555	-166.2584
3948.059814	99.471	-166.1376
3976.668945	99.387	-165.9915
4005.485596	99.305	-165.8186
4034.510986	99.222	-165.6175
4063.746582	99.140	-165.3902
4093.194336	99.060	-165.1320
4122.855469	98.982	-164.8486
4152.730957	98.909	-164.5432
4182.823730	98.840	-164.2032
4213.133789	98.775	-163.8360
4243.664062	98.712	-163.4564
4274.415527	98.652	-163.0754
4305.389648	98.593	-162.6625
4336.588379	98.534	-162.2099
4368.013184	98.477	-161.7279
4399.665527	98.424	-161.2363
4431.547363	98.375	-160.7372
4463.660156	98.332	-160.2147
4496.005371	98.292	-159.6614
4528.585449	98.256	-159.0842
4561.401367	98.224	-158.4942
4594.455078	98.196	-157.8919
4627.748535	98.172	-157.2735
4661.283203	98.152	-156.6402
4695.060547	98.136	-155.9897
4729.083008	98.124	-155.3121
4763.352051	98.117	-154.6095
4797.869141	98.116	-153.8990
4832.636719	98.121	-153.1905
4867.655762	98.131	-152.4622
4902.928711	98.146	-151.7194
4938.457520	98.168	-150.9756
4974.243652	98.195	-150.2141
5010.289062	98.230	-149.4434
5046.595703	98.271	-148.6729
5083.165527	98.318	-147.8930
5120.000000	98.374	-147.1169
5157.101562	98.437	-146.3600
5194.472168	98.507	-145.6126
5232.113281	98.586	-144.8534
5270.027344	98.672	-144.0952
5308.216309	98.766	-143.3672
5346.681641	98.866	-142.6685
5385.426270	98.971	-141.9847
5424.451172	99.081	-141.3074
5463.758789	99.197	-140.6395
5503.351562	99.319	-140.0005
5543.230957	99.450	-139.3923
5583.399414	99.586	-138.7904
5623.859375	99.730	-138.1947
5664.611816	99.880	-137.6285
5705.660156	100.039	-137.0826
5747.005859	100.206	-136.5570
5788.650879	100.383	-136.0636
5830.597656	100.570	-135.6011
5872.848633	100.767	-135.1758
5915.405762	100.974	-134.7949
5958.271484	101.193	-134.4679
6001.447266	101.425	-134.2027
6044.936523	101.670	-134.0048
6088.740234	101.928	-133.8895
6132.861816	102.198	-133.8748
6177.303223	102.480	-133.9748
6222.066406	102.774	-134.2099
6267.154297	103.078	-134.5980
6312.568359	103.391	-135.1616
6358.312012	103.710	-135.9115
6404.386719	104.031	-136.8668
6450.795898	104.351	-138.0603
6497.541016	104.664	-139.5093
6544.625000	104.967	-141.2073
6592.049805	105.249	-143.1603
6639.818359	105.502	-145.3623
6687.933594	105.716	-147.7660
6736.396973	105.891	-150.2760
6785.211426	106.041	-152.7505
6834.379883	106.179	-155.2544
6883.904785	106.296	-158.1279
6933.788574	106.347	-161.4215
6984.033691	106.306	-164.7617
7034.642578	106.183	-167.7975
7085.618652	106.014	-170.3427
7136.963867	105.843	-172.4031
7188.681152	105.692	-174.3452
7240.773438	105.535	-176.5747
7293.243164	105.328	-178.9327
7346.092773	105.062	178.9801
7399.325684	104.757	177.3187
7452.944336	104.440	176.0496
7506.951172	104.123	175.1045
7561.350098	103.814	174.4372
7616.142578	103.519	174.0135
7671.332031	103.239	173.7946
7726.921875	102.978	173.7471
7782.914551	102.737	173.8558
7839.312500	102.515	174.1051
7896.119629	102.316	174.4766
7953.337891	102.141	174.9484
8010.971191	101.989	175.5067
8069.021973	101.862	176.1403
8127.493164	101.761	176.8059
8186.388672	101.682	177.4689
8245.710938	101.624	178.1670
8305.461914	101.593	178.9097
8365.647461	101.590	179.6628
8426.267578	101.618	-179.6061
8487.328125	101.677	-178.9181
8548.831055	101.768	-178.2916
8610.779297	101.893	-177.7654
8673.176758	102.050	-177.3653
8736.026367	102.238	-177.1234
8799.331055	102.459	-177.0748
8863.094727	102.712	-177.2671
8927.320312	102.994	-177.7567
8992.010742	103.300	-178.6055
9057.170898	103.623	-179.8670
9122.802734	103.953	178.3989
9188.910156	104.280	176.1402
9255.497070	104.588	173.3257
9322.566406	104.860	169.9327
9390.121094	105.077	165.9748
9458.166016	105.217	161.4937
9526.704102	105.259	156.5748
9595.738281	105.187	151.3713
9665.273438	104.990	146.0599
9735.311523	104.668	140.8225
9805.857422	104.226	135.8939
9876.915039	103.679	131.4257
9948.487305	103.047	127.5097
10020.578125	102.353	124.2232
10093.191406	101.618	121.5771
10166.331055	100.861	119.5354
10240.000000	100.096	118.0493
10314.203125	99.336	117.0662
10388.944336	98.588	116.5209
10464.226562	97.858	116.3424
10540.054688	97.149	116.5127
10616.432617	96.468	116.9760
10693.363281	95.814	117.7053
10770.852539	95.183	118.6623
10848.902344	94.576	119.8276
10927.517578	93.995	121.1669
11006.703125	93.440	122.6331
11086.461914	92.911	124.2310
11166.798828	92.408	125.9499
11247.718750	91.926	127.7755
11329.223633	91.468	129.6771
11411.320312	91.031	131.6563
11494.011719	90.615	133.7312
11577.301758	90.221	135.8778
11661.195312	89.848	138.0848
11745.697266	89.494	140.3524
11830.811523	89.161	142.6767
11916.542969	88.846	145.0462
12002.894531	88.551	147.4432
12089.873047	88.275	149.8782
12177.480469	88.021	152.3448
12265.723633	87.786	154.8301
12354.606445	87.566	157.3261
12444.132812	87.362	159.8178
12534.308594	87.173	162.2994
12625.136719	86.998	164.8097
12716.624023	86.837	167.3649
12808.773438	86.689	169.9572
12901.591797	86.555	172.6077
12995.082031	86.440	175.3311
13089.250000	86.350	178.1115
13184.099609	86.287	-179.0574
13279.636719	86.251	-176.2068
13375.867188	86.245	-173.3798
13472.793945	86.271	-170.5690
13570.422852	86.330	-167.7788
13668.759766	86.422	-165.0552
13767.809570	86.546	-162.4155
13867.577148	86.704	-159.8531
13968.067383	86.895	-157.3880
14069.285156	87.120	-155.0667
14171.237305	87.383	-152.9183
14273.927734	87.683	-150.9687
14377.362305	88.021	-149.2420
14481.546875	88.396	-147.7759
14586.486328	88.813	-146.6451
14692.185547	89.269	-145.9070
14798.651367	89.758	-145.6962
14905.888672	90.268	-146.0779
15013.902344	90.785	-147.1196
15122.700195	91.287	-148.9434
15232.285156	91.744	-151.5614
15342.664062	92.127	-154.9539
15453.843750	92.406	-159.0819
15565.829102	92.553	-163.7684
15678.625000	92.550	-168.7464
15792.239258	92.387	-173.7586
15906.675781	92.069	-178.5169
16021.942383	91.611	177.2742
16138.043945	91.040	173.8201
16254.986328	90.388	171.1768
16372.777344	89.689	169.3520
16491.421875	88.972	168.3490
16610.923828	88.259	168.1181
16731.294922	87.577	168.5713
16852.535156	86.946	169.6155
16974.656250	86.380	171.1213
17097.662109	85.885	172.9467
17221.558594	85.467	174.9333
17346.353516	85.127	176.9262
17472.052734	84.859	178.8052
17598.662109	84.656	-179.5265
17726.189453	84.507	-178.1726
17854.640625	84.401	-177.2249
17984.021484	84.328	-176.7460
18114.341797	84.281	-176.8122
18245.605469	84.252	-177.5199
18377.820312	84.227	-179.0323
18510.994141	84.182	178.3881
18645.132812	84.070	174.4690
18780.242188	83.818	169.0145
18916.332031	83.329	162.0861
19053.408203	82.510	154.2041
19191.476562	81.300	146.3065
19330.546875	79.694	139.4604
19470.623047	77.742	134.4528
19611.714844	75.528	131.6483
19753.830078	73.134	131.0019
19896.974609	70.744	132.1277
