20.144928	100.418	-139.5104
20.290907	100.431	-139.7220
20.437943	100.447	-139.9271
20.586044	100.463	-140.1318
20.735220	100.479	-140.3350
20.885475	100.494	-140.5416
21.036821	100.510	-140.7531
21.189262	100.527	-140.9696
21.342808	100.543	-141.1938
21.497467	100.560	-141.4253
21.653246	100.578	-141.6621
21.810154	100.595	-141.9053
21.968201	100.613	-142.1507
22.127390	100.631	-142.3965
22.287735	100.649	-142.6416
22.449242	100.667	-142.8812
22.611917	100.684	-143.1160
22.775772	100.702	-143.3431
22.940815	100.720	-143.5623
23.107054	100.738	-143.7744
23.274498	100.756	-143.9787
23.443153	100.774	-144.1776
23.613033	100.792	-144.3718
23.784142	100.810	-144.5628
23.956491	100.828	-144.7528
24.130091	100.845	-144.9420
24.304947	100.863	-145.1328
24.481071	100.880	-145.3249
24.658470	100.897	-145.5199
24.837156	100.914	-145.7176
25.017136	100.932	-145.9187
25.198421	100.949	-146.1230
25.381020	100.966	-146.3301
25.564941	100.984	-146.5400
25.750195	101.002	-146.7509
25.936790	101.019	-146.9628
26.124741	101.037	-147.1733
26.314051	101.054	-147.3823
26.504732	101.071	-147.5879
26.696796	101.088	-147.7904
26.890253	101.105	-147.9894
27.085112	101.122	-148.1856
27.281382	101.139	-148.3803
27.479073	101.156	-148.5748
27.678198	101.172	-148.7708
27.878765	101.189	-148.9693
28.080786	101.205	-149.1711
28.284271	101.222	-149.3757
28.489231	101.239	-149.5830
28.695675	101.255	-149.7902
28.903616	101.273	-149.9965
29.113064	101.290	-150.1984
29.324028	101.309	-150.3946
29.536524	101.328	-150.5830
29.750557	101.348	-150.7627
29.966141	101.369	-150.9332
30.183289	101.391	-151.0956
30.402010	101.414	-151.2516
30.622314	101.437	-151.4035
30.844217	101.460	-151.5565
31.067726	101.483	-151.7129
31.292856	101.506	-151.8798
31.519617	101.528	-152.0594
31.748020	101.549	-152.2557
31.978081	101.569	-152.4686
32.209808	101.587	-152.6970
32.443211	101.604	-152.9359
32.678310	101.620	-153.1777
32.915108	101.635	-153.4171
33.153625	101.650	-153.6437
33.393871	101.666	-153.8544
33.635857	101.684	-154.0454
33.879597	101.703	-154.2184
34.125103	101.725	-154.3777
34.372387	101.747	-154.5276
34.621464	101.770	-154.6763
34.872345	101.792	-154.8270
35.125042	101.813	-154.9830
35.379574	101.830	-155.1454
35.635948	101.845	-155.3141
35.894180	101.858	-155.4892
36.154285	101.870	-155.6712
36.416275	101.882	-155.8624
36.680161	101.894	-156.0639
36.945961	101.906	-156.2770
37.213688	101.920	-156.5001
37.483353	101.934	-156.7293
37.754974	101.948	-156.9605
38.028561	101.963	-157.1885
38.304131	101.978	-157.4105
38.581699	101.994	-157.6278
38.861279	102.011	-157.8427
39.142883	102.030	-158.0595
39.426529	102.049	-158.2816
39.712231	102.069	-158.5079
40.000000	102.090	-158.7353
40.289856	102.110	-158.9588
40.581814	102.129	-159.1724
40.875885	102.148	-159.3724
41.172089	102.165	-159.5584
41.470440	102.180	-159.7312
41.770950	102.193	-159.8931
42.073643	102.202	-160.0473
42.378525	102.209	-160.1985
42.685616	102.215	-160.3526
42.994934	102.222	-160.5163
43.306492	102.233	-160.6943
43.620308	102.248	-160.8873
43.936401	102.268	-161.0887
44.254780	102.294	-161.2852
44.575470	102.326	-161.4646
44.898483	102.364	-161.6236
45.223835	102.406	-161.7704
45.551544	102.448	-161.9208
45.881630	102.486	-162.0915
46.214108	102.516	-162.2908
46.548996	102.536	-162.5149
46.886307	102.546	-162.7522
47.226067	102.551	-162.9949
47.568283	102.556	-163.2471
47.912983	102.563	-163.5204
48.260181	102.573	-163.8169
48.609894	102.584	-164.1150
48.962143	102.591	-164.3679
49.316940	102.597	-164.5234
49.674313	102.606	-164.5548
50.034271	102.624	-164.4848
50.396843	102.656	-164.3842
50.762039	102.699	-164.3406
51.129883	102.746	-164.4158
51.500389	102.793	-164.6211
51.873581	102.833	-164.9231
52.249481	102.869	-165.2729
52.628101	102.903	-165.6332
53.009464	102.939	-165.9879
53.393593	102.975	-166.3332
53.780506	103.010	-166.6651
54.170223	103.043	-166.9783
54.562763	103.072	-167.2748
54.958145	103.097	-167.5700
55.356396	103.119	-167.8839
55.757530	103.138	-168.2245
56.161572	103.152	-168.5779
56.568542	103.165	-168.9187
56.978462	103.181	-169.2296
57.391350	103.202	-169.5130
57.807232	103.227	-169.7796
58.226128	103.252	-170.0306
58.648056	103.276	-170.2555
59.073048	103.298	-170.4511
59.501114	103.322	-170.6427
59.932281	103.349	-170.8797
60.366577	103.376	-171.2013
60.804020	103.399	-171.6033
61.244629	103.419	-172.0419
61.688435	103.437	-172.4678
62.135452	103.457	-172.8615
62.585712	103.481	-173.2385
63.039234	103.504	-173.6208
63.496040	103.522	-174.0111
63.956161	103.535	-174.3944
64.419617	103.543	-174.7599
64.886421	103.553	-175.1163
65.356621	103.567	-175.4808
65.830215	103.583	-175.8592
66.307251	103.600	-176.2384
66.787743	103.617	-176.6029
67.271713	103.634	-176.9524
67.759193	103.648	-177.3041
68.250206	103.660	-177.6760
68.744774	103.669	-178.0714
69.242928	103.676	-178.4796
69.744690	103.682	-178.8888
70.250084	103.689	-179.2945
70.759148	103.697	-179.6976
71.271896	103.706	179.9011
71.788361	103.713	179.5024
72.308571	103.720	179.1058
72.832550	103.726	178.7084
73.360321	103.732	178.3080
73.891922	103.737	177.9048
74.427376	103.742	177.4993
74.966705	103.746	177.0904
75.509949	103.748	176.6762
76.057121	103.748	176.2562
76.608261	103.747	175.8318
77.163399	103.745	175.4066
77.722557	103.743	174.9860
78.285767	103.741	174.5742
78.853058	103.739	174.1690
79.424461	103.736	173.7628
80.000000	103.732	173.3485
80.579712	103.726	172.9266
81.163628	103.719	172.5050
81.751770	103.711	172.0944
82.344177	103.703	171.6996
82.940880	103.695	171.3151
83.541901	103.688	170.9267
84.147285	103.683	170.5223
84.757050	103.679	170.1019
85.371231	103.675	169.6742
85.989868	103.671	169.2429
86.612984	103.666	168.7993
87.240616	103.659	168.3376
87.872803	103.648	167.8670
88.509560	103.635	167.4044
89.150940	103.621	166.9519
89.796967	103.607	166.4992
90.447670	103.591	166.0411
91.103088	103.573	165.5813
91.763260	103.555	165.1219
92.428215	103.535	164.6620
93.097992	103.515	164.2035
93.772614	103.492	163.7510
94.452133	103.468	163.3054
95.136566	103.441	162.8600
95.825966	103.414	162.4069
96.520363	103.385	161.9492
97.219788	103.356	161.5001
97.924286	103.326	161.0672
98.633881	103.297	160.6429
99.348625	103.265	160.2170
100.068542	103.232	159.7874
100.793686	103.198	159.3561
101.524078	103.162	158.9246
102.259766	103.126	158.4936
103.000778	103.089	158.0662
103.747162	103.051	157.6470
104.498962	103.013	157.2351
105.256203	102.974	156.8260
106.018929	102.932	156.4155
106.787186	102.889	156.0013
107.561012	102.843	155.5919
108.340446	102.797	155.2004
109.125526	102.749	154.8206
109.916290	102.701	154.4351
110.712791	102.651	154.0525
111.515060	102.601	153.6906
112.323143	102.549	153.3425
113.137085	102.496	153.0035
113.956924	102.442	152.6840
114.782700	102.391	152.3981
115.614464	102.342	152.1807
116.452255	102.298	152.0085
117.296112	102.255	151.7649
118.146095	102.210	151.4260
119.002228	102.167	151.0828
119.864563	102.126	150.7602
120.733154	102.082	150.4346
121.608040	102.034	150.0864
122.489258	101.984	149.7110
123.376869	101.935	149.3647
124.270905	101.888	149.0674
125.171425	101.837	148.7685
126.078468	101.781	148.4457
126.992081	101.723	148.1090
127.912323	101.665	147.7822
128.839233	101.604	147.4816
129.772842	101.541	147.1932
130.713242	101.477	146.9113
131.660431	101.412	146.6528
132.614502	101.347	146.4285
133.575485	101.282	146.2282
134.543427	101.218	146.0430
135.518387	101.157	145.8843
136.500412	101.099	145.7455
137.489548	101.045	145.5922
138.485855	100.993	145.4174
139.489380	100.944	145.2319
140.500168	100.897	145.0322
141.518295	100.850	144.8167
142.543793	100.801	144.5928
143.576721	100.749	144.3666
144.617142	100.694	144.1314
145.665100	100.637	143.8850
146.720642	100.578	143.6376
147.783844	100.518	143.3950
148.854752	100.457	143.1605
149.933411	100.394	142.9441
151.019897	100.329	142.7517
152.114243	100.263	142.5721
153.216522	100.197	142.3922
154.326797	100.131	142.2224
155.445114	100.065	142.0729
156.571533	99.997	141.9232
157.706116	99.929	141.7630
158.848923	99.862	141.6116
160.000000	99.795	141.4809
161.159424	99.727	141.3587
162.327255	99.659	141.2346
163.503540	99.589	141.1198
164.688354	99.518	141.0265
165.881760	99.446	140.9506
167.083801	99.374	140.8837
168.294571	99.302	140.8414
169.514099	99.231	140.8318
170.742462	99.163	140.8427
171.979736	99.100	140.8679
173.225967	99.042	140.9014
174.481232	98.988	140.9276
175.745605	98.939	140.9362
177.019119	98.893	140.9307
178.301880	98.848	140.8963
179.593933	98.803	140.8203
180.895340	98.754	140.7307
182.206177	98.703	140.6356
183.526520	98.649	140.5339
184.856430	98.593	140.4344
186.195984	98.534	140.3293
187.545227	98.474	140.2244
188.904266	98.413	140.1256
190.273132	98.350	140.0334
191.651932	98.287	139.9520
193.040726	98.223	139.8836
194.439575	98.158	139.8319
195.848572	98.093	139.7900
197.267761	98.028	139.7474
198.697250	97.962	139.7213
200.137085	97.896	139.7008
201.587372	97.830	139.6737
203.048157	97.763	139.6608
204.519531	97.696	139.6602
206.001556	97.629	139.6707
207.494324	97.561	139.6919
208.997925	97.494	139.7134
210.512405	97.427	139.7375
212.037857	97.361	139.7765
213.574371	97.295	139.8365
215.122025	97.228	139.9000
216.680893	97.162	139.9604
218.251053	97.095	140.0301
219.832581	97.028	140.1121
221.425583	96.961	140.2084
223.030121	96.897	140.3217
224.646286	96.833	140.4384
226.274170	96.770	140.5532
227.913849	96.709	140.6842
229.565399	96.649	140.8408
231.228928	96.592	141.0063
232.904510	96.537	141.1686
234.592224	96.485	141.3253
236.292191	96.435	141.4705
238.004456	96.386	141.5941
239.729126	96.336	141.7043
241.466309	96.286	141.8174
243.216080	96.235	141.9211
244.978516	96.183	142.0061
246.753738	96.130	142.0906
248.541809	96.076	142.1948
250.342850	96.020	142.3214
252.156937	95.961	142.4514
253.984161	95.901	142.5822
255.824646	95.840	142.7333
257.678467	95.778	142.9147
259.545685	95.718	143.1310
261.426483	95.659	143.3961
263.320862	95.606	143.7041
265.229004	95.561	144.0358
267.150970	95.526	144.3768
269.086853	95.499	144.6972
271.036774	95.479	144.9576
273.000824	95.462	145.1447
274.979095	95.446	145.2838
276.971710	95.425	145.3745
278.978760	95.400	145.4285
281.000336	95.371	145.4891
283.036591	95.337	145.5468
285.087585	95.299	145.6010
287.153442	95.260	145.6805
289.234283	95.218	145.7710
291.330200	95.176	145.8625
293.441284	95.132	145.9673
295.567688	95.089	146.0844
297.709503	95.045	146.2109
299.866821	95.000	146.3481
302.039795	94.956	146.4882
304.228485	94.914	146.6436
306.433044	94.874	146.8125
308.653595	94.836	146.9850
310.890228	94.798	147.1499
313.143066	94.761	147.3138
315.412231	94.726	147.4869
317.697845	94.691	147.6516
320.000000	94.657	147.8112
322.318848	94.621	147.9597
324.654510	94.586	148.0956
327.007080	94.551	148.2303
329.376709	94.517	148.3745
331.763519	94.483	148.5178
334.167603	94.448	148.6573
336.589142	94.413	148.7935
339.028198	94.377	148.9277
341.484924	94.340	149.0668
343.959473	94.303	149.2049
346.451935	94.267	149.3514
348.962463	94.230	149.4949
351.491211	94.193	149.6368
354.038239	94.158	149.7877
356.603760	94.123	149.9426
359.187866	94.087	150.0994
361.790680	94.051	150.2492
364.412354	94.015	150.3942
367.053040	93.979	150.5466
369.712860	93.944	150.7024
372.391968	93.908	150.8595
375.090454	93.872	151.0140
377.808533	93.836	151.1754
380.546265	93.801	151.3485
383.303864	93.766	151.5205
386.081451	93.730	151.6892
388.879150	93.694	151.8569
391.697144	93.658	152.0255
394.535522	93.623	152.1964
397.394501	93.587	152.3766
400.274170	93.551	152.5506
403.174744	93.517	152.7266
406.096313	93.483	152.9047
409.039062	93.449	153.0762
412.003113	93.415	153.2450
414.988647	93.381	153.4189
417.995850	93.347	153.5996
421.024811	93.312	153.7875
424.075714	93.278	153.9764
427.148743	93.244	154.1595
430.244049	93.212	154.3438
433.361786	93.179	154.5341
436.502106	93.146	154.7216
439.665161	93.113	154.9096
442.851166	93.078	155.1076
446.060242	93.044	155.3181
449.292572	93.009	155.5186
452.548340	92.975	155.7043
455.827698	92.941	155.8947
459.130798	92.908	156.1017
462.457855	92.876	156.3167
465.809021	92.844	156.5278
469.184448	92.811	156.7427
472.584381	92.778	156.9552
476.008911	92.746	157.1600
479.458252	92.714	157.3701
482.932617	92.683	157.5931
486.432159	92.652	157.8188
489.957031	92.622	158.0431
493.507477	92.594	158.2609
497.083618	92.565	158.4749
500.685699	92.537	158.6855
504.313873	92.511	158.8994
507.968323	92.485	159.1176
511.649292	92.459	159.3461
515.356934	92.433	159.5660
519.091370	92.407	159.7776
522.852966	92.381	159.9799
526.641724	92.354	160.1746
530.458008	92.326	160.3514
534.301941	92.299	160.5026
538.173706	92.273	160.6541
542.073547	92.245	160.8193
546.001648	92.216	160.9967
549.958191	92.185	161.1670
553.943420	92.152	161.3293
557.957520	92.116	161.4958
562.000671	92.077	161.6680
566.073181	92.037	161.8438
570.175171	91.997	162.0398
574.306885	91.955	162.2486
578.468567	91.913	162.4554
582.660400	91.870	162.6777
586.882568	91.827	162.9225
591.135376	91.785	163.1860
595.419006	91.744	163.4445
599.733643	91.703	163.7056
604.079590	91.663	163.9884
608.456970	91.623	164.2753
612.866089	91.583	164.5593
617.307190	91.543	164.8532
621.780457	91.503	165.1572
626.286133	91.465	165.4703
630.824463	91.428	165.7737
635.395691	91.391	166.0908
640.000000	91.353	166.4293
644.637695	91.316	166.7610
649.309021	91.279	167.0846
654.014160	91.243	167.4095
658.753418	91.208	167.7448
663.527039	91.173	168.0992
668.335205	91.138	168.4525
673.178284	91.103	168.7991
678.056396	91.070	169.1510
682.969849	91.036	169.5113
687.918945	91.004	169.8734
692.903870	90.973	170.2471
697.924927	90.940	170.6317
702.982422	90.907	171.0167
708.076477	90.875	171.4118
713.207520	90.844	171.8184
718.375732	90.814	172.2267
723.581360	90.784	172.6296
728.824707	90.756	173.0288
734.106079	90.728	173.4464
739.425720	90.702	173.8704
744.783936	90.676	174.3001
750.180908	90.650	174.7399
755.617065	90.625	175.1754
761.092529	90.602	175.6141
766.607727	90.579	176.0664
772.162903	90.556	176.5310
777.758301	90.534	176.9993
783.394287	90.513	177.4714
789.071045	90.493	177.9501
794.789001	90.474	178.4376
800.548340	90.455	178.9266
806.349487	90.436	179.4141
812.192627	90.419	179.9072
818.078125	90.404	-179.5964
824.006226	90.390	-179.0860
829.977295	90.377	-178.5794
835.991699	90.365	-178.0734
842.049622	90.354	-177.5554
848.151428	90.346	-177.0373
854.297485	90.339	-176.5132
860.488098	90.335	-175.9732
866.723572	90.331	-175.4260
873.004211	90.328	-174.8839
879.330322	90.327	-174.3522
885.702332	90.327	-173.8171
892.120483	90.328	-173.2704
898.585144	90.332	-172.7319
905.096680	90.336	-172.1857
911.655396	90.342	-171.6313
918.261597	90.349	-171.0792
924.915710	90.360	-170.5173
931.618042	90.372	-169.9592
938.368896	90.386	-169.4104
945.168762	90.401	-168.8586
952.017822	90.417	-168.3065
958.916504	90.435	-167.7506
965.865234	90.456	-167.1976
972.864319	90.479	-166.6480
979.914062	90.503	-166.1216
987.014954	90.529	-165.5947
994.167236	90.557	-165.0475
1001.371399	90.586	-164.5214
1008.627747	90.618	-164.0058
1015.936646	90.650	-163.4933
1023.298584	90.684	-162.9825
1030.713867	90.719	-162.4694
1038.182739	90.756	-161.9700
1045.705933	90.796	-161.4931
1053.283447	90.836	-161.0142
1060.916016	90.876	-160.5274
1068.603882	90.918	-160.0550
1076.347412	90.962	-159.5963
1084.147095	91.007	-159.1465
1092.003296	91.052	-158.7169
1099.916382	91.097	-158.3029
1107.886841	91.144	-157.8884
1115.915039	91.192	-157.4749
1124.001343	91.242	-157.0663
1132.146362	91.292	-156.6711
1140.350342	91.341	-156.2959
1148.613770	91.391	-155.9341
1156.937134	91.441	-155.5820
1165.320801	91.491	-155.2277
1173.765137	91.541	-154.8828
1182.270752	91.591	-154.5517
1190.838013	91.641	-154.2182
1199.467285	91.691	-153.8950
1208.159180	91.743	-153.5923
1216.913940	91.794	-153.2960
1225.732178	91.844	-153.0045
1234.614380	91.893	-152.7251
1243.560913	91.942	-152.4477
1252.572266	91.990	-152.1680
1261.648926	92.038	-151.8927
1270.791382	92.086	-151.6269
1280.000000	92.134	-151.3727
1289.275391	92.182	-151.1148
1298.618042	92.228	-150.8543
1308.028320	92.274	-150.6019
1317.506836	92.320	-150.3576
1327.054077	92.366	-150.1117
1336.670410	92.411	-149.8700
1346.356567	92.457	-149.6311
1356.112793	92.502	-149.3938
1365.939697	92.547	-149.1555
1375.837891	92.591	-148.9162
1385.807739	92.635	-148.6735
1395.849854	92.678	-148.4327
1405.964844	92.720	-148.1944
1416.152954	92.763	-147.9592
1426.415039	92.805	-147.7242
1436.751465	92.848	-147.4864
1447.162720	92.890	-147.2461
1457.649414	92.933	-146.9983
1468.212158	92.976	-146.7501
1478.851440	93.019	-146.4985
1489.567871	93.063	-146.2444
1500.361816	93.106	-145.9952
1511.234131	93.150	-145.7469
1522.185059	93.194	-145.4944
1533.215454	93.239	-145.2365
1544.325806	93.283	-144.9765
1555.516602	93.328	-144.7172
1566.788574	93.374	-144.4610
1578.142090	93.420	-144.2001
1589.578003	93.466	-143.9342
1601.096680	93.514	-143.6676
1612.698975	93.563	-143.4008
1624.385254	93.612	-143.1342
1636.156250	93.662	-142.8654
1648.012451	93.712	-142.6024
1659.954590	93.763	-142.3396
1671.983398	93.815	-142.0708
1684.099243	93.868	-141.7976
1696.302856	93.922	-141.5222
1708.594971	93.976	-141.2522
1720.976196	94.032	-140.9905
1733.447144	94.089	-140.7319
1746.008423	94.147	-140.4612
1758.660645	94.205	-140.1875
1771.404663	94.265	-139.9194
1784.240967	94.325	-139.6497
1797.170288	94.387	-139.3862
1810.193359	94.450	-139.1298
1823.310791	94.514	-138.8752
1836.523193	94.580	-138.6236
1849.831421	94.646	-138.3720
1863.236084	94.714	-138.1182
1876.737793	94.784	-137.8665
1890.337524	94.855	-137.6271
1904.035645	94.927	-137.3923
1917.833008	95.000	-137.1561
1931.730469	95.076	-136.9270
1945.728638	95.152	-136.7117
1959.828125	95.230	-136.4976
1974.029907	95.308	-136.2823
1988.334473	95.388	-136.0747
2002.742798	95.470	-135.8765
2017.255493	95.553	-135.6871
2031.873291	95.639	-135.5027
2046.597168	95.725	-135.3304
2061.427734	95.812	-135.1723
2076.365479	95.900	-135.0213
2091.411865	95.991	-134.8703
2106.566895	96.083	-134.7248
2121.832031	96.177	-134.5991
2137.207764	96.272	-134.4910
2152.694824	96.368	-134.3927
2168.294189	96.465	-134.3024
2184.006592	96.565	-134.2282
2199.832764	96.666	-134.1704
2215.773682	96.767	-134.1299
2231.830078	96.870	-134.1042
2248.002686	96.975	-134.0924
2264.292725	97.081	-134.0988
2280.700684	97.188	-134.1215
2297.227539	97.296	-134.1571
2313.874268	97.405	-134.2141
2330.641602	97.514	-134.3051
2347.530273	97.625	-134.4051
2364.541504	97.737	-134.5203
2381.676025	97.849	-134.6777
2398.934570	97.959	-134.8568
2416.318359	98.067	-135.0554
2433.827881	98.176	-135.2894
2451.464355	98.288	-135.5492
2469.228760	98.401	-135.8438
2487.121826	98.512	-136.1473
2505.144531	98.622	-136.4687
2523.297852	98.731	-136.8260
2541.582764	98.838	-137.2096
2560.000000	98.944	-137.6167
2578.550781	99.049	-138.0497
2597.236084	99.149	-138.5150
2616.056641	99.248	-139.0209
2635.013672	99.346	-139.5565
2654.108154	99.443	-140.0970
2673.340820	99.535	-140.6250
2692.713135	99.622	-141.1690
2712.225586	99.707	-141.7268
2731.879395	99.792	-142.2794
2751.675781	99.877	-142.8380
2771.615479	99.966	-143.4093
2791.699707	100.059	-144.0164
2811.929688	100.155	-144.6829
2832.305908	100.252	-145.4319
2852.830078	100.347	-146.2793
2873.502930	100.434	-147.2238
2894.325439	100.511	-148.2467
2915.298828	100.574	-149.3248
2936.424316	100.622	-150.4422
2957.702881	100.658	-151.5785
2979.135742	100.680	-152.7193
3000.723633	100.688	-153.8582
3022.468262	100.684	-154.9785
3044.370117	100.669	-156.0723
3066.430908	100.644	-157.1507
3088.651611	100.609	-158.2099
3111.033203	100.566	-159.2379
3133.577148	100.514	-160.2381
3156.284180	100.454	-161.2078
3179.156006	100.387	-162.1356
3202.193359	100.313	-163.0252
3225.397949	100.232	-163.8857
3248.770508	100.146	-164.7124
3272.312500	100.054	-165.4967
3296.024902	99.957	-166.2348
3319.909180	99.855	-166.9294
3343.966797	99.748	-167.5868
3368.198486	99.636	-168.2113
3392.605713	99.521	-168.7938
3417.189941	99.401	-169.3369
3441.952393	99.276	-169.8427
3466.894287	99.149	-170.2975
3492.016846	99.019	-170.6977
3517.321289	98.885	-171.0570
3542.809326	98.749	-171.3857
3568.481934	98.611	-171.6678
3594.340576	98.471	-171.8859
3620.386719	98.329	-172.0484
3646.621582	98.184	-172.1554
3673.046387	98.038	-172.1965
3699.662842	97.893	-172.1584
3726.472168	97.751	-172.0497
3753.475586	97.616	-171.8837
3780.675049	97.486	-171.6642
3808.071289	97.363	-171.4111
3835.666016	97.245	-171.1425
3863.460938	97.130	-170.8561
3891.457275	97.018	-170.5510
3919.656250	96.910	-170.2299
3948.059814	96.803	-169.8885
3976.668945	96.699	-169.5217
4005.485596	96.597	-169.1300
4034.510986	96.496	-168.7191
4063.746582	96.397	-168.2787
4093.194336	96.302	-167.8093
4122.855469	96.208	-167.3194
4152.730957	96.117	-166.8117
4182.823730	96.028	-166.2834
4213.133789	95.943	-165.7270
4243.664062	95.861	-165.1375
4274.415527	95.783	-164.5293
4305.389648	95.707	-163.9033
4336.588379	95.635	-163.2522
4368.013184	95.565	-162.5744
4399.665527	95.500	-161.8762
4431.547363	95.439	-161.1623
4463.660156	95.382	-160.4285
4496.005371	95.329	-159.6716
4528.585449	95.280	-158.8971
4561.401367	95.235	-158.1052
4594.455078	95.194	-157.3005
4627.748535	95.157	-156.4815
4661.283203	95.125	-155.6385
4695.060547	95.098	-154.7773
4729.083008	95.075	-153.9100
4763.352051	95.057	-153.0357
4797.869141	95.045	-152.1451
4832.636719	95.037	-151.2486
4867.655762	95.035	-150.3406
4902.928711	95.037	-149.4115
4938.457520	95.046	-148.4701
4974.243652	95.060	-147.5362
5010.289062	95.080	-146.5973
5046.595703	95.105	-145.6449
5083.165527	95.138	-144.6821
5120.000000	95.176	-143.7141
5157.101562	95.220	-142.7424
5194.472168	95.272	-141.7741
5232.113281	95.330	-140.8200
5270.027344	95.393	-139.8755
5308.216309	95.464	-138.9332
5346.681641	95.541	-137.9957
5385.426270	95.625	-137.0704
5424.451172	95.715	-136.1502
5463.758789	95.812	-135.2383
5503.351562	95.915	-134.3455
5543.230957	96.023	-133.4659
5583.399414	96.136	-132.5972
5623.859375	96.253	-131.7441
5664.611816	96.375	-130.9025
5705.660156	96.500	-130.0564
5747.005859	96.628	-129.1717
5788.650879	96.766	-128.1790
5830.597656	96.934	-126.9830
5872.848633	97.158	-125.6876
5915.405762	97.429	-124.8054
5958.271484	97.694	-124.5124
6001.447266	97.924	-124.3735
6044.936523	98.131	-124.1307
6088.740234	98.333	-123.7950
6132.861816	98.537	-123.3911
6177.303223	98.760	-122.8187
6222.066406	99.042	-121.8876
6267.154297	99.417	-121.0666
6312.568359	99.825	-121.3335
6358.312012	100.181	-122.2224
6404.386719	100.490	-123.0228
6450.795898	100.785	-123.7608
6497.541016	101.081	-124.5834
6544.625000	101.381	-125.5657
6592.049805	101.679	-126.7337
6639.818359	101.970	-128.0970
6687.933594	102.249	-129.6764
6736.396973	102.508	-131.4792
6785.211426	102.743	-133.4916
6834.379883	102.947	-135.6888
6883.904785	103.114	-138.0434
6933.788574	103.239	-140.5053
6984.033691	103.321	-143.0213
7034.642578	103.359	-145.5416
7085.618652	103.354	-148.0091
7136.963867	103.311	-150.3694
7188.681152	103.236	-152.5882
7240.773438	103.134	-154.6538
7293.243164	103.010	-156.5637
7346.092773	102.870	-158.3220
7399.325684	102.714	-159.9345
7452.944336	102.546	-161.3975
7506.951172	102.367	-162.6959
7561.350098	102.181	-163.8246
7616.142578	101.992	-164.7843
7671.332031	101.803	-165.5875
7726.921875	101.616	-166.2436
7782.914551	101.432	-166.7579
7839.312500	101.254	-167.1372
7896.119629	101.082	-167.3891
7953.337891	100.919	-167.5098
8010.971191	100.765	-167.4832
8069.021973	100.630	-167.2474
8127.493164	100.537	-166.7350
8186.388672	100.503	-166.2124
8245.710938	100.501	-166.1656
8305.461914	100.485	-166.3699
8365.647461	100.455	-166.4337
8426.267578	100.435	-166.3456
8487.328125	100.437	-166.2085
8548.831055	100.464	-166.0857
8610.779297	100.518	-166.0189
8673.176758	100.597	-166.0405
8736.026367	100.701	-166.1732
8799.331055	100.827	-166.4534
8863.094727	100.975	-166.9200
8927.320312	101.143	-167.6091
8992.010742	101.328	-168.5615
9057.170898	101.524	-169.8162
9122.802734	101.725	-171.4248
9188.910156	101.920	-173.4312
9255.497070	102.100	-175.8697
9322.566406	102.248	-178.7665
9390.121094	102.348	177.8880
9458.166016	102.381	174.1423
9526.704102	102.330	170.0726
9595.738281	102.183	165.8134
9665.273438	101.934	161.5269
9735.311523	101.583	157.3718
9805.857422	101.138	153.5118
9876.915039	100.608	150.0651
9948.487305	100.014	147.1021
10020.578125	99.373	144.6680
10093.191406	98.702	142.7707
10166.331055	98.015	141.3779
10240.000000	97.322	140.4457
10314.203125	96.634	139.9327
10388.944336	95.958	139.7941
10464.226562	95.298	139.9858
10540.054688	94.657	140.4688
10616.432617	94.034	141.2158
10693.363281	93.434	142.2062
10770.852539	92.857	143.4159
10848.902344	92.305	144.8188
10927.517578	91.776	146.4002
11006.703125	91.274	148.1563
11086.461914	90.799	150.0437
11166.798828	90.353	152.0461
11247.718750	89.935	154.1450
11329.223633	89.544	156.2935
11411.320312	89.177	158.4611
11494.011719	88.831	160.6508
11577.301758	88.506	162.8724
11661.195312	88.198	165.1124
11745.697266	87.907	167.3692
11830.811523	87.628	169.6607
11916.542969	87.363	171.9793
12002.894531	87.112	174.3197
12089.873047	86.875	176.7017
12177.480469	86.652	179.1309
12265.723633	86.446	-178.3966
12354.606445	86.254	-175.8674
12444.132812	86.079	-173.3084
12534.308594	85.920	-170.7395
12625.136719	85.778	-168.1204
12716.624023	85.654	-165.4564
12808.773438	85.547	-162.7634
12901.591797	85.459	-160.0392
12995.082031	85.392	-157.2769
13089.250000	85.347	-154.4923
13184.099609	85.327	-151.6967
13279.636719	85.333	-148.8949
13375.867188	85.369	-146.0922
13472.793945	85.434	-143.3070
13570.422852	85.528	-140.5615
13668.759766	85.653	-137.8736
13767.809570	85.809	-135.2691
13867.577148	85.999	-132.7654
13968.067383	86.222	-130.3814
14069.285156	86.479	-128.1412
14171.237305	86.769	-126.0611
14273.927734	87.094	-124.1544
14377.362305	87.456	-122.4445
14481.546875	87.861	-120.9744
14586.486328	88.313	-119.8346
14692.185547	88.810	-119.1384
14798.651367	89.344	-118.9842
14905.888672	89.907	-119.4756
15013.902344	90.478	-120.7481
15122.700195	91.030	-122.9332
15232.285156	91.526	-126.0985
15342.664062	91.922	-130.2205
15453.843750	92.172	-135.1275
15565.829102	92.243	-140.5546
15678.625000	92.114	-146.0821
15792.239258	91.791	-151.2644
15906.675781	91.299	-155.7283
16021.942383	90.680	-159.2204
16138.043945	89.983	-161.6313
16254.986328	89.255	-162.9638
16372.777344	88.535	-163.3141
16491.421875	87.854	-162.8273
16610.923828	87.235	-161.6543
16731.294922	86.693	-159.9587
16852.535156	86.241	-157.9045
16974.656250	85.883	-155.6638
17097.662109	85.620	-153.3911
17221.558594	85.449	-151.2336
17346.353516	85.360	-149.3510
17472.052734	85.340	-147.8848
17598.662109	85.376	-146.9360
17726.189453	85.456	-146.5712
17854.640625	85.566	-146.8698
17984.021484	85.693	-147.9663
18114.341797	85.814	-149.9901
18245.605469	85.903	-153.0917
18377.820312	85.917	-157.4863
18510.994141	85.787	-163.3377
18645.132812	85.427	-170.5546
18780.242188	84.752	-178.6308
18916.332031	83.713	173.2812
19053.408203	82.313	166.0732
19191.476562	80.594	160.3879
19330.546875	78.623	156.6291
19470.623047	76.479	154.8918
19611.714844	74.239	155.0319
19753.830078	71.957	156.8017
19896.974609	69.769	159.4728
