20.144928	99.822	-120.6826
20.290907	99.896	-121.2476
20.437943	99.984	-121.7860
20.586044	100.073	-122.2939
20.735220	100.160	-122.7733
20.885475	100.244	-123.2399
21.036821	100.325	-123.6957
21.189262	100.404	-124.1459
21.342808	100.479	-124.6029
21.497467	100.552	-125.0642
21.653246	100.620	-125.5285
21.810154	100.685	-125.9997
21.968201	100.744	-126.4666
22.127390	100.800	-126.9249
22.287735	100.851	-127.3727
22.449242	100.898	-127.7981
22.611917	100.943	-128.2042
22.775772	100.986	-128.5879
22.940815	101.029	-128.9482
23.107054	101.071	-129.2941
23.274498	101.115	-129.6247
23.443153	101.159	-129.9491
23.613033	101.203	-130.2723
23.784142	101.248	-130.5956
23.956491	101.292	-130.9250
24.130091	101.336	-131.2578
24.304947	101.378	-131.5935
24.481071	101.418	-131.9306
24.658470	101.457	-132.2626
24.837156	101.494	-132.5900
25.017136	101.530	-132.9065
25.198421	101.565	-133.2127
25.381020	101.599	-133.5073
25.564941	101.634	-133.7907
25.750195	101.669	-134.0660
25.936790	101.705	-134.3334
26.124741	101.741	-134.5975
26.314051	101.777	-134.8584
26.504732	101.814	-135.1191
26.696796	101.851	-135.3796
26.890253	101.888	-135.6410
27.085112	101.925	-135.9029
27.281382	101.961	-136.1654
27.479073	101.997	-136.4281
27.678198	102.033	-136.6909
27.878765	102.069	-136.9536
28.080786	102.104	-137.2162
28.284271	102.139	-137.4782
28.489231	102.174	-137.7396
28.695675	102.209	-137.9998
28.903616	102.244	-138.2586
29.113064	102.279	-138.5156
29.324028	102.314	-138.7710
29.536524	102.349	-139.0249
29.750557	102.385	-139.2781
29.966141	102.421	-139.5309
30.183289	102.457	-139.7848
30.402010	102.494	-140.0398
30.622314	102.530	-140.2968
30.844217	102.567	-140.5556
31.067726	102.604	-140.8164
31.292856	102.640	-141.0784
31.519617	102.677	-141.3413
31.748020	102.713	-141.6044
31.978081	102.750	-141.8671
32.209808	102.786	-142.1292
32.443211	102.823	-142.3902
32.678310	102.859	-142.6502
32.915108	102.896	-142.9093
33.153625	102.933	-143.1684
33.393871	102.970	-143.4282
33.635857	103.007	-143.6897
33.879597	103.045	-143.9549
34.125103	103.083	-144.2247
34.372387	103.120	-144.5002
34.621464	103.158	-144.7820
34.872345	103.196	-145.0694
35.125042	103.233	-145.3619
35.379574	103.271	-145.6578
35.635948	103.308	-145.9560
35.894180	103.346	-146.2555
36.154285	103.384	-146.5559
36.416275	103.422	-146.8573
36.680161	103.460	-147.1599
36.945961	103.499	-147.4638
37.213688	103.537	-147.7689
37.483353	103.575	-148.0750
37.754974	103.612	-148.3824
38.028561	103.649	-148.6920
38.304131	103.685	-149.0063
38.581699	103.721	-149.3277
38.861279	103.756	-149.6582
39.142883	103.790	-149.9991
39.426529	103.823	-150.3485
39.712231	103.855	-150.7029
40.000000	103.887	-151.0588
40.289856	103.918	-151.4131
40.581814	103.950	-151.7646
40.875885	103.982	-152.1152
41.172089	104.015	-152.4678
41.470440	104.047	-152.8245
41.770950	104.078	-153.1859
42.073643	104.107	-153.5509
42.378525	104.135	-153.9174
42.685616	104.162	-154.2853
42.994934	104.188	-154.6568
43.306492	104.215	-155.0346
43.620308	104.242	-155.4204
43.936401	104.269	-155.8116
44.254780	104.297	-156.1991
44.575470	104.324	-156.5713
44.898483	104.352	-156.9203
45.223835	104.382	-157.2464
45.551544	104.414	-157.5598
45.881630	104.447	-157.8773
46.214108	104.480	-158.2169
46.548996	104.511	-158.5904
46.886307	104.538	-158.9989
47.226067	104.562	-159.4347
47.568283	104.582	-159.8865
47.912983	104.600	-160.3456
48.260181	104.619	-160.8078
48.609894	104.638	-161.2718
48.962143	104.657	-161.7365
49.316940	104.674	-162.1987
49.674313	104.687	-162.6540
50.034271	104.696	-163.0982
50.396843	104.700	-163.5294
50.762039	104.701	-163.9477
51.129883	104.700	-164.3531
51.500389	104.698	-164.7441
51.873581	104.699	-165.1179
52.249481	104.703	-165.4733
52.628101	104.712	-165.8142
53.009464	104.726	-166.1508
53.393593	104.743	-166.4974
53.780506	104.762	-166.8666
54.170223	104.779	-167.2640
54.562763	104.793	-167.6857
54.958145	104.804	-168.1212
55.356396	104.813	-168.5596
55.757530	104.821	-168.9950
56.161572	104.828	-169.4273
56.568542	104.834	-169.8586
56.978462	104.838	-170.2878
57.391350	104.839	-170.7111
57.807232	104.836	-171.1266
58.226128	104.832	-171.5392
58.648056	104.827	-171.9586
59.073048	104.823	-172.3898
59.501114	104.820	-172.8251
59.932281	104.816	-173.2451
60.366577	104.814	-173.6333
60.804020	104.813	-173.9906
61.244629	104.813	-174.3357
61.688435	104.812	-174.6923
62.135452	104.809	-175.0723
62.585712	104.803	-175.4705
63.039234	104.796	-175.8741
63.496040	104.788	-176.2751
63.956161	104.783	-176.6727
64.419617	104.778	-177.0664
64.886421	104.772	-177.4507
65.356621	104.764	-177.8199
65.830215	104.754	-178.1755
66.307251	104.744	-178.5280
66.787743	104.733	-178.8857
67.271713	104.721	-179.2477
67.759193	104.709	-179.6074
68.250206	104.698	-179.9635
68.744774	104.688	179.6772
69.242928	104.678	179.3099
69.744690	104.665	178.9420
70.250084	104.652	178.5870
70.759148	104.639	178.2479
71.271896	104.627	177.9135
71.788361	104.616	177.5714
72.308571	104.603	177.2241
72.832550	104.588	176.8845
73.360321	104.572	176.5577
73.891922	104.557	176.2355
74.427376	104.543	175.9078
74.966705	104.529	175.5759
75.509949	104.514	175.2454
76.057121	104.499	174.9142
76.608261	104.483	174.5762
77.163399	104.466	174.2355
77.722557	104.448	173.9061
78.285767	104.430	173.5925
78.853058	104.414	173.2810
79.424461	104.399	172.9594
80.000000	104.382	172.6320
80.579712	104.363	172.3125
81.163628	104.344	172.0053
81.751770	104.325	171.7063
82.344177	104.307	171.4173
82.940880	104.291	171.1448
83.541901	104.275	170.8834
84.147285	104.262	170.6155
84.757050	104.248	170.3273
85.371231	104.234	170.0190
85.989868	104.220	169.6975
86.612984	104.205	169.3686
87.240616	104.189	169.0367
87.872803	104.173	168.7042
88.509560	104.157	168.3694
89.150940	104.140	168.0306
89.796967	104.121	167.6907
90.447670	104.102	167.3551
91.103088	104.083	167.0256
91.763260	104.063	166.6982
92.428215	104.042	166.3672
93.097992	104.020	166.0308
93.772614	103.997	165.6946
94.452133	103.973	165.3660
95.136566	103.948	165.0451
95.825966	103.922	164.7275
96.520363	103.896	164.4118
97.219788	103.870	164.0981
97.924286	103.844	163.7833
98.633881	103.818	163.4641
99.348625	103.792	163.1414
100.068542	103.765	162.8196
100.793686	103.736	162.5069
101.524078	103.707	162.2065
102.259766	103.679	161.9059
103.000778	103.650	161.5944
103.747162	103.620	161.2813
104.498962	103.590	160.9774
105.256203	103.558	160.6767
106.018929	103.526	160.3732
106.787186	103.493	160.0695
107.561012	103.458	159.7678
108.340446	103.423	159.4684
109.125526	103.388	159.1730
109.916290	103.353	158.8818
110.712791	103.318	158.5909
111.515060	103.282	158.2992
112.323143	103.245	158.0178
113.137085	103.206	157.7545
113.956924	103.168	157.4993
114.782700	103.129	157.2360
115.614464	103.090	156.9502
116.452255	103.051	156.6523
117.296112	103.010	156.3928
118.146095	102.970	156.1946
119.002228	102.930	156.0146
119.864563	102.892	155.8122
120.733154	102.857	155.5830
121.608040	102.826	155.3293
122.489258	102.795	155.0645
123.376869	102.759	154.8229
124.270905	102.720	154.6136
125.171425	102.680	154.4004
126.078468	102.640	154.1633
126.992081	102.600	153.9131
127.912323	102.560	153.6533
128.839233	102.519	153.3973
129.772842	102.475	153.1635
130.713242	102.430	152.9402
131.660431	102.385	152.7117
132.614502	102.339	152.4901
133.575485	102.294	152.2837
134.543427	102.248	152.0803
135.518387	102.202	151.8738
136.500412	102.155	151.6738
137.489548	102.110	151.4910
138.485855	102.064	151.3221
139.489380	102.019	151.1595
140.500168	101.974	151.0014
141.518295	101.930	150.8400
142.543793	101.886	150.6704
143.576721	101.843	150.5067
144.617142	101.800	150.3521
145.665100	101.758	150.1985
146.720642	101.715	150.0446
147.783844	101.672	149.8858
148.854752	101.629	149.7247
149.933411	101.585	149.5681
151.019897	101.542	149.4166
152.114243	101.498	149.2698
153.216522	101.454	149.1265
154.326797	101.410	148.9808
155.445114	101.366	148.8340
156.571533	101.322	148.6901
157.706116	101.277	148.5522
158.848923	101.233	148.4198
160.000000	101.190	148.2811
161.159424	101.147	148.1381
162.327255	101.103	148.0034
163.503540	101.060	147.8708
164.688354	101.015	147.7230
165.881760	100.969	147.5691
167.083801	100.922	147.4300
168.294571	100.874	147.2989
169.514099	100.825	147.1705
170.742462	100.776	147.0468
171.979736	100.726	146.9270
173.225967	100.673	146.8152
174.481232	100.620	146.7215
175.745605	100.569	146.6458
177.019119	100.518	146.5771
178.301880	100.469	146.5187
179.593933	100.421	146.4767
180.895340	100.376	146.4473
182.206177	100.333	146.4271
183.526520	100.291	146.3995
184.856430	100.250	146.3595
186.195984	100.210	146.3174
187.545227	100.171	146.2759
188.904266	100.133	146.2316
190.273132	100.097	146.1735
191.651932	100.062	146.0934
193.040726	100.028	146.0013
194.439575	99.994	145.9099
195.848572	99.960	145.8122
197.267761	99.923	145.6975
198.697250	99.883	145.5691
200.137085	99.842	145.4418
201.587372	99.800	145.3139
203.048157	99.756	145.1879
204.519531	99.710	145.0717
206.001556	99.662	144.9625
207.494324	99.614	144.8552
208.997925	99.566	144.7545
210.512405	99.518	144.6677
212.037857	99.469	144.5876
213.574371	99.419	144.5114
215.122025	99.370	144.4392
216.680893	99.321	144.3738
218.251053	99.272	144.3128
219.832581	99.223	144.2554
221.425583	99.174	144.2002
223.030121	99.124	144.1458
224.646286	99.075	144.0914
226.274170	99.026	144.0448
227.913849	98.976	144.0060
229.565399	98.927	143.9710
231.228928	98.877	143.9372
232.904510	98.827	143.9032
234.592224	98.778	143.8691
236.292191	98.729	143.8348
238.004456	98.680	143.7933
239.729126	98.630	143.7524
241.466309	98.579	143.7231
243.216080	98.529	143.7018
244.978516	98.479	143.6791
246.753738	98.427	143.6582
248.541809	98.375	143.6497
250.342850	98.322	143.6445
252.156937	98.270	143.6313
253.984161	98.219	143.6209
255.824646	98.167	143.6237
257.678467	98.114	143.6322
259.545685	98.059	143.6468
261.426483	98.004	143.6735
263.320862	97.948	143.7114
265.229004	97.891	143.7603
267.150970	97.835	143.8166
269.086853	97.779	143.8969
271.036774	97.723	144.0064
273.000824	97.669	144.1502
274.979095	97.620	144.3291
276.971710	97.576	144.5159
278.978760	97.540	144.7013
281.000336	97.510	144.8863
283.036591	97.486	145.0388
285.087585	97.466	145.1387
287.153442	97.447	145.1886
289.234283	97.425	145.1909
291.330200	97.401	145.1617
293.441284	97.372	145.1168
295.567688	97.339	145.0642
297.709503	97.301	145.0109
299.866821	97.261	144.9608
302.039795	97.217	144.9179
304.228485	97.172	144.8904
306.433044	97.127	144.8839
308.653595	97.081	144.8943
310.890228	97.035	144.9167
313.143066	96.988	144.9504
315.412231	96.942	144.9837
317.697845	96.896	145.0181
320.000000	96.850	145.0618
322.318848	96.804	145.1085
324.654510	96.759	145.1541
327.007080	96.714	145.1966
329.376709	96.670	145.2479
331.763519	96.626	145.3116
334.167603	96.582	145.3806
336.589142	96.538	145.4540
339.028198	96.496	145.5251
341.484924	96.455	145.5766
343.959473	96.414	145.6231
346.451935	96.373	145.6782
348.962463	96.331	145.7355
351.491211	96.289	145.7857
354.038239	96.247	145.8310
356.603760	96.205	145.8742
359.187866	96.162	145.9170
361.790680	96.118	145.9645
364.412354	96.073	146.0194
367.053040	96.028	146.0720
369.712860	95.983	146.1217
372.391968	95.937	146.1881
375.090454	95.890	146.2583
377.808533	95.844	146.3254
380.546265	95.798	146.4021
383.303864	95.752	146.4840
386.081451	95.705	146.5717
388.879150	95.658	146.6577
391.697144	95.612	146.7455
394.535522	95.564	146.8463
397.394501	95.516	146.9482
400.274170	95.468	147.0400
403.174744	95.421	147.1363
406.096313	95.374	147.2428
409.039062	95.328	147.3623
412.003113	95.281	147.4843
414.988647	95.235	147.6015
417.995850	95.189	147.7319
421.024811	95.142	147.8674
424.075714	95.095	147.9864
427.148743	95.048	148.1094
430.244049	95.003	148.2512
433.361786	94.957	148.3937
436.502106	94.912	148.5296
439.665161	94.866	148.6686
442.851166	94.820	148.8221
446.060242	94.774	148.9818
449.292572	94.730	149.1391
452.548340	94.686	149.2994
455.827698	94.641	149.4631
459.130798	94.596	149.6326
462.457855	94.553	149.8066
465.809021	94.511	149.9875
469.184448	94.468	150.1693
472.584381	94.426	150.3426
476.008911	94.383	150.5209
479.458252	94.342	150.7111
482.932617	94.301	150.9037
486.432159	94.262	151.0950
489.957031	94.223	151.2926
493.507477	94.185	151.4912
497.083618	94.147	151.6920
500.685699	94.110	151.8907
504.313873	94.075	152.0862
507.968323	94.040	152.2754
511.649292	94.005	152.4617
515.356934	93.970	152.6501
519.091370	93.935	152.8366
522.852966	93.901	153.0141
526.641724	93.868	153.1725
530.458008	93.834	153.3220
534.301941	93.800	153.4673
538.173706	93.765	153.6071
542.073547	93.730	153.7492
546.001648	93.693	153.8947
549.958191	93.656	154.0412
553.943420	93.616	154.1909
557.957520	93.573	154.3460
562.000671	93.528	154.4985
566.073181	93.482	154.6518
570.175171	93.435	154.8162
574.306885	93.389	154.9990
578.468567	93.341	155.1959
582.660400	93.293	155.3955
586.882568	93.246	155.6167
591.135376	93.200	155.8493
595.419006	93.155	156.0850
599.733643	93.110	156.3333
604.079590	93.064	156.5842
608.456970	93.019	156.8358
612.866089	92.974	157.0988
617.307190	92.931	157.3773
621.780457	92.888	157.6551
626.286133	92.846	157.9332
630.824463	92.805	158.2057
635.395691	92.763	158.4897
640.000000	92.722	158.7878
644.637695	92.681	159.0884
649.309021	92.640	159.3933
654.014160	92.601	159.7120
658.753418	92.562	160.0370
663.527039	92.524	160.3574
668.335205	92.486	160.6791
673.178284	92.449	161.0111
678.056396	92.411	161.3375
682.969849	92.374	161.6603
687.918945	92.338	161.9870
692.903870	92.302	162.3308
697.924927	92.267	162.6859
702.982422	92.232	163.0382
708.076477	92.197	163.3919
713.207520	92.164	163.7621
718.375732	92.131	164.1403
723.581360	92.098	164.5181
728.824707	92.066	164.8845
734.106079	92.036	165.2549
739.425720	92.006	165.6404
744.783936	91.977	166.0348
750.180908	91.948	166.4326
755.617065	91.920	166.8267
761.092529	91.893	167.2275
766.607727	91.867	167.6387
772.162903	91.842	168.0499
777.758301	91.817	168.4671
783.394287	91.792	168.8950
789.071045	91.768	169.3310
794.789001	91.745	169.7726
800.548340	91.722	170.2154
806.349487	91.701	170.6643
812.192627	91.682	171.1122
818.078125	91.664	171.5583
824.006226	91.648	172.0114
829.977295	91.631	172.4648
835.991699	91.616	172.9175
842.049622	91.601	173.3739
848.151428	91.589	173.8461
854.297485	91.578	174.3280
860.488098	91.568	174.8141
866.723572	91.561	175.2982
873.004211	91.553	175.7745
879.330322	91.546	176.2471
885.702332	91.540	176.7257
892.120483	91.538	177.2081
898.585144	91.537	177.6976
905.096680	91.536	178.1934
911.655396	91.536	178.6943
918.261597	91.538	179.1932
924.915710	91.541	179.6817
931.618042	91.547	-179.8379
938.368896	91.556	-179.3506
945.168762	91.566	-178.8559
952.017822	91.578	-178.3689
958.916504	91.590	-177.8864
965.865234	91.603	-177.4058
972.864319	91.619	-176.9277
979.914062	91.636	-176.4401
987.014954	91.656	-175.9611
994.167236	91.677	-175.4966
1001.371399	91.700	-175.0379
1008.627747	91.724	-174.5941
1015.936646	91.750	-174.1512
1023.298584	91.777	-173.7002
1030.713867	91.806	-173.2514
1038.182739	91.837	-172.8089
1045.705933	91.868	-172.3849
1053.283447	91.899	-171.9738
1060.916016	91.932	-171.5711
1068.603882	91.966	-171.1693
1076.347412	92.001	-170.7803
1084.147095	92.037	-170.4072
1092.003296	92.073	-170.0349
1099.916382	92.109	-169.6698
1107.886841	92.146	-169.3165
1115.915039	92.185	-168.9771
1124.001343	92.225	-168.6462
1132.146362	92.266	-168.3172
1140.350342	92.306	-167.9976
1148.613770	92.346	-167.6936
1156.937134	92.386	-167.4008
1165.320801	92.427	-167.1144
1173.765137	92.467	-166.8382
1182.270752	92.506	-166.5639
1190.838013	92.546	-166.2942
1199.467285	92.585	-166.0407
1208.159180	92.625	-165.7987
1216.913940	92.664	-165.5581
1225.732178	92.703	-165.3261
1234.614380	92.741	-165.0979
1243.560913	92.779	-164.8710
1252.572266	92.816	-164.6572
1261.648926	92.853	-164.4462
1270.791382	92.891	-164.2384
1280.000000	92.927	-164.0354
1289.275391	92.962	-163.8385
1298.618042	92.997	-163.6416
1308.028320	93.031	-163.4456
1317.506836	93.065	-163.2505
1327.054077	93.099	-163.0554
1336.670410	93.133	-162.8671
1346.356567	93.165	-162.6782
1356.112793	93.197	-162.4922
1365.939697	93.228	-162.3117
1375.837891	93.260	-162.1176
1385.807739	93.290	-161.9164
1395.849854	93.321	-161.7265
1405.964844	93.351	-161.5428
1416.152954	93.382	-161.3533
1426.415039	93.412	-161.1587
1436.751465	93.442	-160.9632
1447.162720	93.471	-160.7679
1457.649414	93.501	-160.5734
1468.212158	93.531	-160.3770
1478.851440	93.561	-160.1721
1489.567871	93.591	-159.9605
1500.361816	93.620	-159.7506
1511.234131	93.650	-159.5444
1522.185059	93.680	-159.3281
1533.215454	93.711	-159.1053
1544.325806	93.742	-158.8855
1555.516602	93.773	-158.6642
1566.788574	93.805	-158.4387
1578.142090	93.836	-158.2140
1589.578003	93.868	-157.9827
1601.096680	93.901	-157.7447
1612.698975	93.935	-157.5041
1624.385254	93.970	-157.2655
1636.156250	94.005	-157.0282
1648.012451	94.040	-156.7937
1659.954590	94.076	-156.5567
1671.983398	94.114	-156.3147
1684.099243	94.153	-156.0722
1696.302856	94.193	-155.8269
1708.594971	94.234	-155.5883
1720.976196	94.274	-155.3547
1733.447144	94.316	-155.1104
1746.008423	94.360	-154.8587
1758.660645	94.404	-154.6097
1771.404663	94.449	-154.3673
1784.240967	94.495	-154.1242
1797.170288	94.542	-153.8788
1810.193359	94.591	-153.6371
1823.310791	94.641	-153.4003
1836.523193	94.693	-153.1585
1849.831421	94.745	-152.9167
1863.236084	94.798	-152.6868
1876.737793	94.853	-152.4538
1890.337524	94.910	-152.2181
1904.035645	94.967	-151.9898
1917.833008	95.026	-151.7664
1931.730469	95.086	-151.5498
1945.728638	95.148	-151.3400
1959.828125	95.211	-151.1276
1974.029907	95.275	-150.9161
1988.334473	95.341	-150.7126
2002.742798	95.409	-150.5239
2017.255493	95.479	-150.3416
2031.873291	95.551	-150.1578
2046.597168	95.623	-149.9847
2061.427734	95.697	-149.8213
2076.365479	95.772	-149.6694
2091.411865	95.848	-149.5214
2106.566895	95.926	-149.3753
2121.832031	96.006	-149.2454
2137.207764	96.086	-149.1343
2152.694824	96.169	-149.0275
2168.294189	96.254	-148.9312
2184.006592	96.340	-148.8530
2199.832764	96.428	-148.7859
2215.773682	96.517	-148.7347
2231.830078	96.607	-148.7033
2248.002686	96.698	-148.6837
2264.292725	96.791	-148.6763
2280.700684	96.885	-148.6802
2297.227539	96.980	-148.7060
2313.874268	97.077	-148.7610
2330.641602	97.173	-148.8417
2347.530273	97.270	-148.9248
2364.541504	97.370	-149.0253
2381.676025	97.470	-149.1663
2398.934570	97.567	-149.3280
2416.318359	97.663	-149.5148
2433.827881	97.761	-149.7344
2451.464355	97.861	-149.9768
2469.228760	97.963	-150.2538
2487.121826	98.063	-150.5427
2505.144531	98.161	-150.8471
2523.297852	98.259	-151.1802
2541.582764	98.356	-151.5380
2560.000000	98.450	-151.9328
2578.550781	98.542	-152.3521
2597.236084	98.629	-152.7880
2616.056641	98.714	-153.2579
2635.013672	98.799	-153.7630
2654.108154	98.883	-154.2821
2673.340820	98.964	-154.7968
2692.713135	99.041	-155.3249
2712.225586	99.116	-155.8627
2731.879395	99.190	-156.3895
2751.675781	99.266	-156.9205
2771.615479	99.345	-157.4747
2791.699707	99.428	-158.0674
2811.929688	99.515	-158.7062
2832.305908	99.603	-159.4067
2852.830078	99.687	-160.1876
2873.502930	99.765	-161.0648
2894.325439	99.833	-162.0288
2915.298828	99.889	-163.0509
2936.424316	99.932	-164.1222
2957.702881	99.962	-165.2169
2979.135742	99.978	-166.3171
3000.723633	99.982	-167.4163
3022.468262	99.973	-168.4993
3044.370117	99.952	-169.5598
3066.430908	99.921	-170.6037
3088.651611	99.880	-171.6261
3111.033203	99.832	-172.6184
3133.577148	99.774	-173.5830
3156.284180	99.709	-174.5171
3179.156006	99.636	-175.4107
3202.193359	99.557	-176.2647
3225.397949	99.471	-177.0846
3248.770508	99.380	-177.8757
3272.312500	99.283	-178.6273
3296.024902	99.179	-179.3201
3319.909180	99.070	-179.9593
3343.966797	98.956	179.4387
3368.198486	98.839	178.8647
3392.605713	98.720	178.3255
3417.189941	98.598	177.8370
3441.952393	98.472	177.3901
3466.894287	98.344	176.9838
3492.016846	98.215	176.6282
3517.321289	98.082	176.3159
3542.809326	97.947	176.0428
3568.481934	97.808	175.8222
3594.340576	97.667	175.6584
3620.386719	97.524	175.5490
3646.621582	97.380	175.4965
3673.046387	97.235	175.5084
3699.662842	97.091	175.5945
3726.472168	96.951	175.7472
3753.475586	96.818	175.9576
3780.675049	96.691	176.2203
3808.071289	96.570	176.5151
3835.666016	96.454	176.8227
3863.460938	96.342	177.1475
3891.457275	96.233	177.4901
3919.656250	96.127	177.8484
3948.059814	96.024	178.2258
3976.668945	95.923	178.6226
4005.485596	95.825	179.0422
4034.510986	95.728	179.4836
4063.746582	95.634	179.9582
4093.194336	95.543	-179.5357
4122.855469	95.454	-179.0155
4152.730957	95.368	-178.4764
4182.823730	95.285	-177.9187
4213.133789	95.205	-177.3385
4243.664062	95.128	-176.7272
4274.415527	95.055	-176.0930
4305.389648	94.985	-175.4393
4336.588379	94.919	-174.7633
4368.013184	94.856	-174.0670
4399.665527	94.797	-173.3501
4431.547363	94.742	-172.6197
4463.660156	94.692	-171.8740
4496.005371	94.646	-171.1073
4528.585449	94.604	-170.3229
4561.401367	94.567	-169.5206
4594.455078	94.534	-168.7095
4627.748535	94.505	-167.8826
4661.283203	94.481	-167.0359
4695.060547	94.462	-166.1776
4729.083008	94.448	-165.3082
4763.352051	94.438	-164.4317
4797.869141	94.434	-163.5429
4832.636719	94.435	-162.6517
4867.655762	94.441	-161.7556
4902.928711	94.453	-160.8414
4938.457520	94.471	-159.9128
4974.243652	94.494	-158.9885
5010.289062	94.522	-158.0611
5046.595703	94.558	-157.1261
5083.165527	94.600	-156.1857
5120.000000	94.648	-155.2446
5157.101562	94.702	-154.3065
5194.472168	94.763	-153.3728
5232.113281	94.831	-152.4495
5270.027344	94.905	-151.5359
5308.216309	94.985	-150.6288
5346.681641	95.072	-149.7307
5385.426270	95.166	-148.8474
5424.451172	95.266	-147.9742
5463.758789	95.373	-147.1104
5503.351562	95.485	-146.2626
5543.230957	95.602	-145.4352
5583.399414	95.726	-144.6273
5623.859375	95.854	-143.8346
5664.611816	95.986	-143.0530
5705.660156	96.121	-142.2696
5747.005859	96.259	-141.4540
5788.650879	96.407	-140.5343
5830.597656	96.584	-139.4135
5872.848633	96.818	-138.1918
5915.405762	97.099	-137.3796
5958.271484	97.374	-137.1654
6001.447266	97.613	-137.1167
6044.936523	97.829	-136.9657
6088.740234	98.040	-136.7223
6132.861816	98.253	-136.4133
6177.303223	98.483	-135.9390
6222.066406	98.771	-135.1119
6267.154297	99.151	-134.3736
6312.568359	99.567	-134.7248
6358.312012	99.932	-135.7218
6404.386719	100.248	-136.6351
6450.795898	100.549	-137.4838
6497.541016	100.852	-138.4198
6544.625000	101.158	-139.5157
6592.049805	101.462	-140.8013
6639.818359	101.760	-142.2906
6687.933594	102.044	-144.0006
6736.396973	102.310	-145.9364
6785.211426	102.550	-148.0852
6834.379883	102.759	-150.4265
6883.904785	102.931	-152.9355
6933.788574	103.060	-155.5592
6984.033691	103.144	-158.2447
7034.642578	103.182	-160.9431
7085.618652	103.176	-163.5960
7136.963867	103.129	-166.1449
7188.681152	103.046	-168.5495
7240.773438	102.935	-170.7903
7293.243164	102.802	-172.8642
7346.092773	102.649	-174.7811
7399.325684	102.480	-176.5336
7452.944336	102.296	-178.1140
7506.951172	102.102	-179.5239
7561.350098	101.901	179.2452
7616.142578	101.699	178.1923
7671.332031	101.496	177.2973
7726.921875	101.296	176.5519
7782.914551	101.100	175.9500
7839.312500	100.911	175.4820
7896.119629	100.729	175.1456
7953.337891	100.557	174.9390
8010.971191	100.394	174.8799
8069.021973	100.251	175.0314
8127.493164	100.148	175.4529
8186.388672	100.105	175.8867
8245.710938	100.094	175.8478
8305.461914	100.070	175.5546
8365.647461	100.033	175.4023
8426.267578	100.005	175.4034
8487.328125	99.999	175.4586
8548.831055	100.020	175.5007
8610.779297	100.066	175.4813
8673.176758	100.139	175.3716
8736.026367	100.236	175.1506
8799.331055	100.357	174.7794
8863.094727	100.501	174.2164
8927.320312	100.665	173.4229
8992.010742	100.847	172.3544
9057.170898	101.040	170.9669
9122.802734	101.237	169.2053
9188.910156	101.429	167.0289
9255.497070	101.602	164.4036
9322.566406	101.742	161.2932
9390.121094	101.828	157.7034
9458.166016	101.840	153.6949
9526.704102	101.761	149.3642
9595.738281	101.577	144.8629
9665.273438	101.283	140.3743
9735.311523	100.882	136.0740
9805.857422	100.380	132.1380
9876.915039	99.794	128.6910
9948.487305	99.143	125.8018
10020.578125	98.449	123.5144
10093.191406	97.731	121.8291
10166.331055	97.004	120.7100
10240.000000	96.283	120.0961
10314.203125	95.581	119.9120
10388.944336	94.905	120.1068
10464.226562	94.258	120.6083
10540.054688	93.641	121.3487
10616.432617	93.053	122.2837
10693.363281	92.495	123.3755
10770.852539	91.964	124.5867
10848.902344	91.456	125.8979
10927.517578	90.967	127.3041
11006.703125	90.495	128.8100
11086.461914	90.040	130.3910
11166.798828	89.602	132.0571
11247.718750	89.180	133.8219
11329.223633	88.773	135.6684
11411.320312	88.382	137.5926
11494.011719	88.007	139.5952
11577.301758	87.649	141.6760
11661.195312	87.308	143.8188
11745.697266	86.984	146.0230
11830.811523	86.676	148.3032
11916.542969	86.384	150.6312
12002.894531	86.109	152.9913
12089.873047	85.849	155.4012
12177.480469	85.607	157.8660
12265.723633	85.383	160.3802
12354.606445	85.176	162.9461
12444.132812	84.986	165.5509
12534.308594	84.815	168.1682
12625.136719	84.662	170.8161
12716.624023	84.527	173.5174
12808.773438	84.409	176.2631
12901.591797	84.311	179.0293
12995.082031	84.235	-178.1717
13089.250000	84.182	-175.3433
13184.099609	84.154	-172.4942
13279.636719	84.153	-169.6336
13375.867188	84.183	-166.7745
13472.793945	84.243	-163.9325
13570.422852	84.332	-161.1336
13668.759766	84.452	-158.3990
13767.809570	84.604	-155.7337
13867.577148	84.790	-153.1612
13968.067383	85.012	-150.7154
14069.285156	85.266	-148.4251
14171.237305	85.553	-146.2870
14273.927734	85.876	-144.3169
14377.362305	86.238	-142.5383
14481.546875	86.642	-140.9890
14586.486328	87.094	-139.7596
14692.185547	87.591	-138.9580
14798.651367	88.127	-138.6898
14905.888672	88.693	-139.0643
15013.902344	89.270	-140.2076
15122.700195	89.832	-142.2508
15232.285156	90.341	-145.2688
15342.664062	90.755	-149.2531
15453.843750	91.029	-154.0427
15565.829102	91.126	-159.3879
15678.625000	91.027	-164.8764
15792.239258	90.732	-170.0621
15906.675781	90.268	-174.5589
16021.942383	89.673	-178.0924
16138.043945	88.997	179.4525
16254.986328	88.288	178.0750
16372.777344	87.584	177.6816
16491.421875	86.917	178.1241
16610.923828	86.312	179.2684
16731.294922	85.784	-179.0474
16852.535156	85.346	-177.0028
16974.656250	85.004	-174.7570
17097.662109	84.758	-172.4709
17221.558594	84.605	-170.3121
17346.353516	84.535	-168.4310
17472.052734	84.536	-166.9546
17598.662109	84.593	-165.9694
17726.189453	84.694	-165.5530
17854.640625	84.827	-165.8007
17984.021484	84.976	-166.8241
18114.341797	85.123	-168.7556
18245.605469	85.241	-171.7544
18377.820312	85.290	-176.0409
18510.994141	85.203	178.2084
18645.132812	84.895	171.0441
18780.242188	84.279	162.9404
18916.332031	83.304	154.7358
19053.408203	81.965	147.3243
19191.476562	80.300	141.3682
19330.546875	78.374	137.3006
19470.623047	76.266	135.2514
19611.714844	74.052	135.0916
19753.830078	71.785	136.5411
19896.974609	69.601	138.9335
