20.144928	100.895	-136.9012
20.290907	100.909	-137.1583
20.437943	100.926	-137.4079
20.586044	100.943	-137.6554
20.735220	100.960	-137.9000
20.885475	100.977	-138.1452
21.036821	100.994	-138.3919
21.189262	101.011	-138.6402
21.342808	101.028	-138.8921
21.497467	101.046	-139.1472
21.653246	101.064	-139.4049
21.810154	101.082	-139.6655
21.968201	101.100	-139.9271
22.127390	101.118	-140.1889
22.287735	101.136	-140.4503
22.449242	101.154	-140.7092
22.611917	101.172	-140.9658
22.775772	101.189	-141.2188
22.940815	101.207	-141.4679
23.107054	101.224	-141.7133
23.274498	101.242	-141.9546
23.443153	101.259	-142.1924
23.613033	101.277	-142.4269
23.784142	101.295	-142.6586
23.956491	101.314	-142.8882
24.130091	101.333	-143.1160
24.304947	101.353	-143.3434
24.481071	101.374	-143.5703
24.658470	101.395	-143.7987
24.837156	101.417	-144.0282
25.017136	101.439	-144.2603
25.198421	101.461	-144.4948
25.381020	101.482	-144.7314
25.564941	101.503	-144.9701
25.750195	101.524	-145.2089
25.936790	101.543	-145.4479
26.124741	101.560	-145.6844
26.314051	101.577	-145.9184
26.504732	101.592	-146.1484
26.696796	101.607	-146.3748
26.890253	101.621	-146.5980
27.085112	101.634	-146.8189
27.281382	101.648	-147.0392
27.479073	101.662	-147.2600
27.678198	101.677	-147.4828
27.878765	101.692	-147.7077
28.080786	101.707	-147.9352
28.284271	101.724	-148.1638
28.489231	101.741	-148.3932
28.695675	101.759	-148.6212
28.903616	101.777	-148.8478
29.113064	101.796	-149.0714
29.324028	101.816	-149.2925
29.536524	101.836	-149.5108
29.750557	101.856	-149.7268
29.966141	101.875	-149.9406
30.183289	101.893	-150.1518
30.402010	101.911	-150.3601
30.622314	101.927	-150.5648
30.844217	101.942	-150.7659
31.067726	101.957	-150.9634
31.292856	101.971	-151.1589
31.519617	101.986	-151.3539
31.748020	102.000	-151.5506
31.978081	102.015	-151.7514
32.209808	102.031	-151.9568
32.443211	102.048	-152.1676
32.678310	102.065	-152.3822
32.915108	102.083	-152.5996
33.153625	102.101	-152.8173
33.393871	102.120	-153.0350
33.635857	102.139	-153.2520
33.879597	102.160	-153.4700
34.125103	102.180	-153.6900
34.372387	102.201	-153.9133
34.621464	102.221	-154.1400
34.872345	102.240	-154.3686
35.125042	102.258	-154.5975
35.379574	102.275	-154.8232
35.635948	102.291	-155.0442
35.894180	102.307	-155.2601
36.154285	102.324	-155.4718
36.416275	102.342	-155.6824
36.680161	102.361	-155.8942
36.945961	102.380	-156.1094
37.213688	102.399	-156.3283
37.483353	102.418	-156.5487
37.754974	102.436	-156.7683
38.028561	102.454	-156.9840
38.304131	102.470	-157.1944
38.581699	102.487	-157.4012
38.861279	102.504	-157.6072
39.142883	102.522	-157.8172
39.426529	102.540	-158.0356
39.712231	102.558	-158.2625
40.000000	102.576	-158.4956
40.289856	102.593	-158.7301
40.581814	102.609	-158.9591
40.875885	102.626	-159.1788
41.172089	102.645	-159.3906
41.470440	102.664	-159.5993
41.770950	102.685	-159.8118
42.073643	102.706	-160.0348
42.378525	102.725	-160.2686
42.685616	102.742	-160.5078
42.994934	102.757	-160.7451
43.306492	102.771	-160.9754
43.620308	102.785	-161.1985
43.936401	102.800	-161.4207
44.254780	102.817	-161.6504
44.575470	102.833	-161.8897
44.898483	102.847	-162.1315
45.223835	102.859	-162.3634
45.551544	102.870	-162.5764
45.881630	102.882	-162.7720
46.214108	102.897	-162.9659
46.548996	102.916	-163.1820
46.886307	102.935	-163.4378
47.226067	102.952	-163.7298
47.568283	102.963	-164.0305
47.912983	102.969	-164.3018
48.260181	102.973	-164.5144
48.609894	102.979	-164.6621
48.962143	102.991	-164.7632
49.316940	103.010	-164.8501
49.674313	103.035	-164.9537
50.034271	103.065	-165.0944
50.396843	103.098	-165.2826
50.762039	103.134	-165.5232
51.129883	103.171	-165.8167
51.500389	103.208	-166.1542
51.873581	103.241	-166.5135
52.249481	103.270	-166.8629
52.628101	103.296	-167.1759
53.009464	103.320	-167.4469
53.393593	103.345	-167.6946
53.780506	103.371	-167.9479
54.170223	103.395	-168.2245
54.562763	103.414	-168.5187
54.958145	103.430	-168.8096
55.356396	103.444	-169.0827
55.757530	103.460	-169.3444
56.161572	103.479	-169.6200
56.568542	103.499	-169.9314
56.978462	103.517	-170.2773
57.391350	103.533	-170.6323
57.807232	103.549	-170.9668
58.226128	103.569	-171.2696
58.648056	103.593	-171.5520
59.073048	103.620	-171.8323
59.501114	103.643	-172.1165
59.932281	103.658	-172.3964
60.366577	103.665	-172.6662
60.804020	103.666	-172.9387
61.244629	103.666	-173.2397
61.688435	103.667	-173.5849
62.135452	103.673	-173.9633
62.585712	103.686	-174.3472
63.039234	103.707	-174.7205
63.496040	103.733	-175.0892
63.956161	103.760	-175.4652
64.419617	103.779	-175.8402
64.886421	103.789	-176.1894
65.356621	103.795	-176.5010
65.830215	103.802	-176.7974
66.307251	103.815	-177.1203
66.787743	103.829	-177.4882
67.271713	103.842	-177.8815
67.759193	103.852	-178.2631
68.250206	103.858	-178.6160
68.744774	103.863	-178.9517
69.242928	103.870	-179.2923
69.744690	103.877	-179.6504
70.250084	103.887	179.9712
70.759148	103.899	179.5747
71.271896	103.911	179.1670
71.788361	103.921	178.7614
72.308571	103.928	178.3680
72.832550	103.933	177.9814
73.360321	103.936	177.5851
73.891922	103.938	177.1710
74.427376	103.938	176.7483
74.966705	103.939	176.3323
75.509949	103.940	175.9277
76.057121	103.943	175.5275
76.608261	103.944	175.1252
77.163399	103.945	174.7212
77.722557	103.944	174.3159
78.285767	103.943	173.9051
78.853058	103.941	173.4859
79.424461	103.938	173.0620
80.000000	103.934	172.6393
80.579712	103.927	172.2185
81.163628	103.919	171.7964
81.751770	103.910	171.3710
82.344177	103.902	170.9426
82.940880	103.893	170.5131
83.541901	103.883	170.0850
84.147285	103.872	169.6598
84.757050	103.859	169.2360
85.371231	103.845	168.8099
85.989868	103.831	168.3796
86.612984	103.817	167.9463
87.240616	103.802	167.5125
87.872803	103.786	167.0808
88.509560	103.769	166.6529
89.150940	103.751	166.2272
89.796967	103.732	165.7994
90.447670	103.712	165.3677
91.103088	103.690	164.9373
91.763260	103.668	164.5132
92.428215	103.645	164.0906
93.097992	103.621	163.6633
93.772614	103.595	163.2357
94.452133	103.568	162.8169
95.136566	103.540	162.4056
95.825966	103.511	161.9940
96.520363	103.480	161.5814
97.219788	103.449	161.1739
97.924286	103.416	160.7772
98.633881	103.382	160.3928
99.348625	103.347	160.0161
100.068542	103.311	159.6429
100.793686	103.276	159.2780
101.524078	103.244	158.9278
102.259766	103.213	158.5873
103.000778	103.185	158.2451
103.747162	103.157	157.8921
104.498962	103.129	157.5213
105.256203	103.099	157.1314
106.018929	103.068	156.7314
106.787186	103.034	156.3328
107.561012	102.998	155.9393
108.340446	102.959	155.5441
109.125526	102.919	155.1424
109.916290	102.878	154.7443
110.712791	102.836	154.3613
111.515060	102.795	153.9883
112.323143	102.752	153.6163
113.137085	102.707	153.2469
113.956924	102.661	152.8843
114.782700	102.614	152.5275
115.614464	102.566	152.1743
116.452255	102.517	151.8257
117.296112	102.468	151.4813
118.146095	102.420	151.1421
119.002228	102.372	150.8134
119.864563	102.322	150.4909
120.733154	102.270	150.1618
121.608040	102.217	149.8264
122.489258	102.163	149.4991
123.376869	102.109	149.1874
124.270905	102.056	148.8850
125.171425	102.002	148.5845
126.078468	101.948	148.2814
126.992081	101.892	147.9807
127.912323	101.835	147.6960
128.839233	101.777	147.4232
129.772842	101.719	147.1506
130.713242	101.661	146.8849
131.660431	101.603	146.6312
132.614502	101.545	146.3829
133.575485	101.487	146.1378
134.543427	101.428	145.8923
135.518387	101.369	145.6422
136.500412	101.309	145.3918
137.489548	101.248	145.1484
138.485855	101.186	144.9133
139.489380	101.124	144.6812
140.500168	101.061	144.4502
141.518295	100.997	144.2277
142.543793	100.933	144.0227
143.576721	100.868	143.8322
144.617142	100.801	143.6454
145.665100	100.735	143.4572
146.720642	100.669	143.2735
147.783844	100.602	143.1053
148.854752	100.534	142.9552
149.933411	100.466	142.8226
151.019897	100.399	142.7117
152.114243	100.333	142.6241
153.216522	100.270	142.5510
154.326797	100.210	142.4836
155.445114	100.153	142.4142
156.571533	100.099	142.3334
157.706116	100.046	142.2373
158.848923	99.993	142.1228
160.000000	99.939	141.9938
161.159424	99.884	141.8546
162.327255	99.827	141.7056
163.503540	99.769	141.5569
164.688354	99.709	141.4169
165.881760	99.648	141.2841
167.083801	99.585	141.1599
168.294571	99.522	141.0438
169.514099	99.458	140.9294
170.742462	99.393	140.8147
171.979736	99.328	140.7116
173.225967	99.263	140.6240
174.481232	99.197	140.5406
175.745605	99.131	140.4614
177.019119	99.066	140.3896
178.301880	99.000	140.3284
179.593933	98.934	140.2792
180.895340	98.868	140.2324
182.206177	98.802	140.1930
183.526520	98.736	140.1668
184.856430	98.670	140.1450
186.195984	98.605	140.1207
187.545227	98.541	140.0998
188.904266	98.477	140.0887
190.273132	98.415	140.0740
191.651932	98.352	140.0598
193.040726	98.289	140.0573
194.439575	98.226	140.0646
195.848572	98.163	140.0797
197.267761	98.101	140.1010
198.697250	98.039	140.1267
200.137085	97.976	140.1476
201.587372	97.913	140.1619
203.048157	97.850	140.1743
204.519531	97.787	140.1898
206.001556	97.725	140.2223
207.494324	97.663	140.2759
208.997925	97.603	140.3430
210.512405	97.543	140.4162
212.037857	97.484	140.4971
213.574371	97.424	140.5726
215.122025	97.366	140.6419
216.680893	97.310	140.7010
218.251053	97.254	140.7593
219.832581	97.197	140.8275
221.425583	97.140	140.9061
223.030121	97.083	140.9845
224.646286	97.026	141.0558
226.274170	96.971	141.1354
227.913849	96.917	141.2244
229.565399	96.862	141.3153
231.228928	96.806	141.4125
232.904510	96.750	141.5105
234.592224	96.694	141.6118
236.292191	96.640	141.7274
238.004456	96.586	141.8455
239.729126	96.533	141.9624
241.466309	96.479	142.0912
243.216080	96.425	142.2172
244.978516	96.371	142.3338
246.753738	96.318	142.4647
248.541809	96.265	142.5978
250.342850	96.213	142.7214
252.156937	96.163	142.8400
253.984161	96.115	142.9580
255.824646	96.068	143.0794
257.678467	96.020	143.2099
259.545685	95.971	143.3511
261.426483	95.921	143.5090
263.320862	95.870	143.6636
265.229004	95.822	143.8192
267.150970	95.776	143.9744
269.086853	95.731	144.1218
271.036774	95.687	144.2695
273.000824	95.643	144.4138
274.979095	95.598	144.5551
276.971710	95.552	144.7024
278.978760	95.505	144.8570
281.000336	95.459	145.0135
283.036591	95.414	145.1725
285.087585	95.370	145.3325
287.153442	95.327	145.5071
289.234283	95.284	145.6870
291.330200	95.243	145.8589
293.441284	95.202	146.0245
295.567688	95.162	146.1923
297.709503	95.123	146.3643
299.866821	95.084	146.5402
302.039795	95.044	146.7188
304.228485	95.004	146.8977
306.433044	94.965	147.0665
308.653595	94.926	147.2250
310.890228	94.888	147.3798
313.143066	94.849	147.5259
315.412231	94.811	147.6818
317.697845	94.774	147.8669
320.000000	94.739	148.0725
322.318848	94.706	148.2823
324.654510	94.673	148.4752
327.007080	94.640	148.6429
329.376709	94.608	148.7938
331.763519	94.576	148.9446
334.167603	94.544	149.1006
336.589142	94.510	149.2509
339.028198	94.476	149.4042
341.484924	94.442	149.5749
343.959473	94.408	149.7435
346.451935	94.374	149.9086
348.962463	94.342	150.0905
351.491211	94.312	150.2822
354.038239	94.285	150.4641
356.603760	94.260	150.6316
359.187866	94.235	150.7842
361.790680	94.209	150.9311
364.412354	94.183	151.0763
367.053040	94.156	151.2038
369.712860	94.128	151.3183
372.391968	94.098	151.4500
375.090454	94.068	151.5793
377.808533	94.037	151.7034
380.546265	94.006	151.8387
383.303864	93.973	151.9676
386.081451	93.939	152.0976
388.879150	93.906	152.2297
391.697144	93.874	152.3593
394.535522	93.843	152.4792
397.394501	93.811	152.6001
400.274170	93.778	152.7292
403.174744	93.744	152.8658
406.096313	93.710	152.9918
409.039062	93.677	153.1156
412.003113	93.644	153.2548
414.988647	93.611	153.3911
417.995850	93.576	153.5261
421.024811	93.541	153.6681
424.075714	93.505	153.8106
427.148743	93.470	153.9565
430.244049	93.436	154.1022
433.361786	93.401	154.2473
436.502106	93.366	154.3907
439.665161	93.331	154.5377
442.851166	93.294	154.6893
446.060242	93.258	154.8402
449.292572	93.222	155.0000
452.548340	93.187	155.1544
455.827698	93.150	155.3032
459.130798	93.114	155.4585
462.457855	93.079	155.6255
465.809021	93.044	155.7833
469.184448	93.008	155.9424
472.584381	92.971	156.1140
476.008911	92.933	156.2849
479.458252	92.896	156.4593
482.932617	92.860	156.6375
486.432159	92.824	156.8171
489.957031	92.787	157.0070
493.507477	92.748	157.1886
497.083618	92.709	157.3649
500.685699	92.670	157.5419
504.313873	92.632	157.7143
507.968323	92.594	157.9070
511.649292	92.556	158.1203
515.356934	92.517	158.3339
519.091370	92.478	158.5335
522.852966	92.439	158.7414
526.641724	92.401	158.9634
530.458008	92.361	159.1831
534.301941	92.322	159.3957
538.173706	92.285	159.6172
542.073547	92.246	159.8535
546.001648	92.208	160.0978
549.958191	92.170	160.3524
553.943420	92.133	160.6105
557.957520	92.097	160.8736
562.000671	92.060	161.1478
566.073181	92.024	161.4221
570.175171	91.989	161.7020
574.306885	91.955	161.9904
578.468567	91.923	162.2734
582.660400	91.890	162.5454
586.882568	91.859	162.8216
591.135376	91.829	163.1093
595.419006	91.799	163.3990
599.733643	91.771	163.6696
604.079590	91.743	163.9337
608.456970	91.714	164.1989
612.866089	91.687	164.4634
617.307190	91.659	164.7309
621.780457	91.629	164.9901
626.286133	91.599	165.2403
630.824463	91.570	165.4881
635.395691	91.541	165.7455
640.000000	91.510	166.0079
644.637695	91.476	166.2651
649.309021	91.440	166.5326
654.014160	91.404	166.8087
658.753418	91.369	167.0897
663.527039	91.333	167.3843
668.335205	91.297	167.6918
673.178284	91.261	168.0104
678.056396	91.225	168.3364
682.969849	91.189	168.6581
687.918945	91.153	168.9855
692.903870	91.116	169.3383
697.924927	91.079	169.7034
702.982422	91.042	170.0581
708.076477	91.007	170.4272
713.207520	90.974	170.8062
718.375732	90.942	171.1927
723.581360	90.911	171.5975
728.824707	90.879	171.9995
734.106079	90.849	172.3768
739.425720	90.820	172.7722
744.783936	90.791	173.2130
750.180908	90.761	173.6517
755.617065	90.733	174.0761
761.092529	90.707	174.5092
766.607727	90.682	174.9414
772.162903	90.658	175.3846
777.758301	90.634	175.8510
783.394287	90.609	176.3125
789.071045	90.587	176.7838
794.789001	90.566	177.2761
800.548340	90.546	177.7761
806.349487	90.526	178.2481
812.192627	90.508	178.7232
818.078125	90.491	179.2061
824.006226	90.475	179.6994
829.977295	90.460	-179.7911
835.991699	90.446	-179.2766
842.049622	90.434	-178.7674
848.151428	90.423	-178.2706
854.297485	90.413	-177.7528
860.488098	90.405	-177.2163
866.723572	90.399	-176.6835
873.004211	90.394	-176.1502
879.330322	90.390	-175.6224
885.702332	90.387	-175.0958
892.120483	90.385	-174.5544
898.585144	90.385	-174.0074
905.096680	90.388	-173.4559
911.655396	90.392	-172.9073
918.261597	90.398	-172.3690
924.915710	90.406	-171.8269
931.618042	90.416	-171.2700
938.368896	90.428	-170.7173
945.168762	90.441	-170.1758
952.017822	90.455	-169.6351
958.916504	90.471	-169.0858
965.865234	90.489	-168.5371
972.864319	90.509	-167.9872
979.914062	90.531	-167.4413
987.014954	90.555	-166.9046
994.167236	90.581	-166.3747
1001.371399	90.606	-165.8428
1008.627747	90.634	-165.3217
1015.936646	90.666	-164.8211
1023.298584	90.699	-164.3226
1030.713867	90.733	-163.8163
1038.182739	90.769	-163.3164
1045.705933	90.805	-162.8235
1053.283447	90.843	-162.3434
1060.916016	90.882	-161.8716
1068.603882	90.923	-161.4022
1076.347412	90.965	-160.9413
1084.147095	91.006	-160.4898
1092.003296	91.049	-160.0480
1099.916382	91.092	-159.6297
1107.886841	91.137	-159.2182
1115.915039	91.182	-158.8066
1124.001343	91.229	-158.4025
1132.146362	91.278	-158.0100
1140.350342	91.326	-157.6228
1148.613770	91.375	-157.2616
1156.937134	91.423	-156.9117
1165.320801	91.472	-156.5574
1173.765137	91.521	-156.2095
1182.270752	91.569	-155.8765
1190.838013	91.617	-155.5528
1199.467285	91.666	-155.2372
1208.159180	91.715	-154.9301
1216.913940	91.764	-154.6274
1225.732178	91.812	-154.3388
1234.614380	91.859	-154.0581
1243.560913	91.906	-153.7808
1252.572266	91.953	-153.5083
1261.648926	92.000	-153.2475
1270.791382	92.047	-152.9865
1280.000000	92.094	-152.7221
1289.275391	92.141	-152.4623
1298.618042	92.185	-152.2119
1308.028320	92.228	-151.9642
1317.506836	92.272	-151.7113
1327.054077	92.316	-151.4709
1336.670410	92.360	-151.2391
1346.356567	92.404	-151.0004
1356.112793	92.447	-150.7644
1365.939697	92.489	-150.5334
1375.837891	92.531	-150.2967
1385.807739	92.572	-150.0534
1395.849854	92.612	-149.8237
1405.964844	92.653	-149.5997
1416.152954	92.693	-149.3691
1426.415039	92.733	-149.1370
1436.751465	92.773	-148.9074
1447.162720	92.814	-148.6749
1457.649414	92.854	-148.4346
1468.212158	92.893	-148.2015
1478.851440	92.933	-147.9630
1489.567871	92.974	-147.7233
1500.361816	93.014	-147.4856
1511.234131	93.055	-147.2407
1522.185059	93.095	-146.9916
1533.215454	93.135	-146.7458
1544.325806	93.176	-146.4916
1555.516602	93.218	-146.2290
1566.788574	93.260	-145.9713
1578.142090	93.302	-145.7259
1589.578003	93.344	-145.4733
1601.096680	93.388	-145.2114
1612.698975	93.432	-144.9405
1624.385254	93.477	-144.6746
1636.156250	93.522	-144.4105
1648.012451	93.568	-144.1429
1659.954590	93.614	-143.8748
1671.983398	93.662	-143.6106
1684.099243	93.710	-143.3433
1696.302856	93.760	-143.0719
1708.594971	93.810	-142.8087
1720.976196	93.860	-142.5479
1733.447144	93.913	-142.2713
1746.008423	93.968	-141.9871
1758.660645	94.024	-141.7194
1771.404663	94.081	-141.4706
1784.240967	94.138	-141.2259
1797.170288	94.195	-140.9641
1810.193359	94.252	-140.6863
1823.310791	94.310	-140.4045
1836.523193	94.368	-140.1275
1849.831421	94.428	-139.8664
1863.236084	94.490	-139.6178
1876.737793	94.554	-139.3717
1890.337524	94.619	-139.1207
1904.035645	94.684	-138.8678
1917.833008	94.752	-138.6246
1931.730469	94.821	-138.3886
1945.728638	94.892	-138.1525
1959.828125	94.963	-137.9165
1974.029907	95.036	-137.6839
1988.334473	95.111	-137.4588
2002.742798	95.187	-137.2455
2017.255493	95.264	-137.0394
2031.873291	95.343	-136.8335
2046.597168	95.424	-136.6384
2061.427734	95.505	-136.4528
2076.365479	95.587	-136.2737
2091.411865	95.671	-136.0978
2106.566895	95.757	-135.9286
2121.832031	95.844	-135.7701
2137.207764	95.933	-135.6227
2152.694824	96.024	-135.4939
2168.294189	96.116	-135.3690
2184.006592	96.210	-135.2490
2199.832764	96.307	-135.1548
2215.773682	96.406	-135.0792
2231.830078	96.505	-135.0230
2248.002686	96.605	-134.9820
2264.292725	96.705	-134.9386
2280.700684	96.804	-134.8883
2297.227539	96.902	-134.8538
2313.874268	97.003	-134.8514
2330.641602	97.104	-134.8798
2347.530273	97.207	-134.9271
2364.541504	97.315	-134.9798
2381.676025	97.423	-135.0586
2398.934570	97.528	-135.1616
2416.318359	97.632	-135.2881
2433.827881	97.738	-135.4447
2451.464355	97.847	-135.6218
2469.228760	97.958	-135.8338
2487.121826	98.067	-136.0554
2505.144531	98.176	-136.2943
2523.297852	98.285	-136.5615
2541.582764	98.393	-136.8537
2560.000000	98.498	-137.1812
2578.550781	98.601	-137.5304
2597.236084	98.701	-137.8934
2616.056641	98.798	-138.2880
2635.013672	98.896	-138.7156
2654.108154	98.995	-139.1541
2673.340820	99.092	-139.5874
2692.713135	99.186	-140.0231
2712.225586	99.281	-140.4683
2731.879395	99.377	-140.9330
2751.675781	99.476	-141.4220
2771.615479	99.577	-141.9281
2791.699707	99.682	-142.4642
2811.929688	99.788	-143.0543
2832.305908	99.894	-143.7327
2852.830078	99.997	-144.5128
2873.502930	100.092	-145.3797
2894.325439	100.177	-146.3185
2915.298828	100.251	-147.3029
2936.424316	100.313	-148.3243
2957.702881	100.362	-149.3801
2979.135742	100.399	-150.4431
3000.723633	100.423	-151.5020
3022.468262	100.437	-152.5584
3044.370117	100.442	-153.5965
3066.430908	100.438	-154.6151
3088.651611	100.424	-155.6190
3111.033203	100.400	-156.6078
3133.577148	100.368	-157.5995
3156.284180	100.329	-158.5632
3179.156006	100.284	-159.4758
3202.193359	100.230	-160.3741
3225.397949	100.167	-161.2400
3248.770508	100.098	-162.0616
3272.312500	100.023	-162.8622
3296.024902	99.942	-163.6346
3319.909180	99.857	-164.3572
3343.966797	99.765	-165.0413
3368.198486	99.669	-165.6825
3392.605713	99.569	-166.2753
3417.189941	99.464	-166.8333
3441.952393	99.356	-167.3461
3466.894287	99.244	-167.8126
3492.016846	99.128	-168.2487
3517.321289	99.010	-168.6288
3542.809326	98.890	-168.9585
3568.481934	98.767	-169.2372
3594.340576	98.642	-169.4553
3620.386719	98.514	-169.6235
3646.621582	98.385	-169.7257
3673.046387	98.257	-169.7670
3699.662842	98.131	-169.7513
3726.472168	98.009	-169.6737
3753.475586	97.892	-169.5588
3780.675049	97.780	-169.4077
3808.071289	97.673	-169.2267
3835.666016	97.571	-169.0273
3863.460938	97.473	-168.8138
3891.457275	97.377	-168.5889
3919.656250	97.282	-168.3474
3948.059814	97.187	-168.0835
3976.668945	97.094	-167.7904
4005.485596	97.002	-167.4655
4034.510986	96.913	-167.1185
4063.746582	96.824	-166.7565
4093.194336	96.738	-166.3625
4122.855469	96.654	-165.9322
4152.730957	96.574	-165.4800
4182.823730	96.498	-164.9996
4213.133789	96.424	-164.4816
4243.664062	96.352	-163.9434
4274.415527	96.283	-163.4083
4305.389648	96.217	-162.8507
4336.588379	96.156	-162.2522
4368.013184	96.099	-161.6323
4399.665527	96.048	-161.0169
4431.547363	96.001	-160.3874
4463.660156	95.957	-159.7267
4496.005371	95.913	-159.0315
4528.585449	95.872	-158.3065
4561.401367	95.834	-157.5644
4594.455078	95.800	-156.8192
4627.748535	95.773	-156.0715
4661.283203	95.751	-155.3054
4695.060547	95.733	-154.5159
4729.083008	95.720	-153.7057
4763.352051	95.712	-152.8747
4797.869141	95.711	-152.0331
4832.636719	95.716	-151.1946
4867.655762	95.727	-150.3417
4902.928711	95.743	-149.4731
4938.457520	95.765	-148.6042
4974.243652	95.794	-147.7206
5010.289062	95.829	-146.8275
5046.595703	95.872	-145.9351
5083.165527	95.921	-145.0327
5120.000000	95.977	-144.1373
5157.101562	96.042	-143.2644
5194.472168	96.115	-142.3995
5232.113281	96.195	-141.5305
5270.027344	96.282	-140.6712
5308.216309	96.375	-139.8295
5346.681641	96.475	-139.0119
5385.426270	96.581	-138.2168
5424.451172	96.695	-137.4394
5463.758789	96.815	-136.6776
5503.351562	96.943	-135.9345
5543.230957	97.079	-135.2247
5583.399414	97.222	-134.5343
5623.859375	97.370	-133.8523
5664.611816	97.524	-133.1931
5705.660156	97.683	-132.5487
5747.005859	97.851	-131.9207
5788.650879	98.029	-131.3341
5830.597656	98.218	-130.7849
5872.848633	98.419	-130.2717
5915.405762	98.630	-129.8070
5958.271484	98.854	-129.3941
6001.447266	99.092	-129.0419
6044.936523	99.345	-128.7740
6088.740234	99.610	-128.5952
6132.861816	99.887	-128.5033
6177.303223	100.174	-128.5201
6222.066406	100.472	-128.6814
6267.154297	100.780	-129.0014
6312.568359	101.096	-129.4949
6358.312012	101.418	-130.1747
6404.386719	101.742	-131.0667
6450.795898	102.065	-132.2005
6497.541016	102.381	-133.5875
6544.625000	102.686	-135.2236
6592.049805	102.971	-137.1167
6639.818359	103.226	-139.2600
6687.933594	103.442	-141.6040
6736.396973	103.619	-144.0516
6785.211426	103.770	-146.4640
6834.379883	103.910	-148.9059
6883.904785	104.028	-151.7210
6933.788574	104.081	-154.9588
6984.033691	104.042	-158.2427
7034.642578	103.921	-161.2203
7085.618652	103.754	-163.7063
7136.963867	103.584	-165.7085
7188.681152	103.434	-167.5954
7240.773438	103.279	-169.7675
7293.243164	103.072	-172.0702
7346.092773	102.806	-174.1035
7399.325684	102.503	-175.7080
7452.944336	102.186	-176.9174
7506.951172	101.870	-177.8014
7561.350098	101.562	-178.4103
7616.142578	101.266	-178.7749
7671.332031	100.987	-178.9325
7726.921875	100.727	-178.9156
7782.914551	100.485	-178.7418
7839.312500	100.263	-178.4288
7896.119629	100.063	-177.9945
7953.337891	99.887	-177.4606
8010.971191	99.735	-176.8405
8069.021973	99.607	-176.1402
8127.493164	99.504	-175.4064
8186.388672	99.423	-174.6728
8245.710938	99.365	-173.8983
8305.461914	99.331	-173.0808
8365.647461	99.325	-172.2534
8426.267578	99.349	-171.4346
8487.328125	99.405	-170.6579
8548.831055	99.496	-169.9641
8610.779297	99.622	-169.3732
8673.176758	99.779	-168.8918
8736.026367	99.966	-168.5673
8799.331055	100.185	-168.4429
8863.094727	100.436	-168.5554
8927.320312	100.715	-168.9551
8992.010742	101.018	-169.7085
9057.170898	101.338	-170.8649
9122.802734	101.667	-172.4791
9188.910156	101.993	-174.6066
9255.497070	102.301	-177.2802
9322.566406	102.577	179.4750
9390.121094	102.801	175.6636
9458.166016	102.951	171.3121
9526.704102	103.006	166.4983
9595.738281	102.948	161.3723
9665.273438	102.764	156.1122
9735.311523	102.453	150.9062
9805.857422	102.020	145.9909
9876.915039	101.478	141.5280
9948.487305	100.849	137.6206
10020.578125	100.154	134.3517
10093.191406	99.417	131.7357
10166.331055	98.655	129.7367
10240.000000	97.885	128.3021
10314.203125	97.117	127.3843
10388.944336	96.362	126.9171
10464.226562	95.625	126.8145
10540.054688	94.911	127.0678
10616.432617	94.227	127.6304
10693.363281	93.570	128.4637
10770.852539	92.937	129.5243
10848.902344	92.330	130.7879
10927.517578	91.749	132.2146
11006.703125	91.194	133.7696
11086.461914	90.665	135.4648
11166.798828	90.160	137.2934
11247.718750	89.678	139.2373
11329.223633	89.219	141.2588
11411.320312	88.782	143.3551
11494.011719	88.367	145.5461
11577.301758	87.973	147.8101
11661.195312	87.601	150.1426
11745.697266	87.248	152.5443
11830.811523	86.917	155.0007
11916.542969	86.604	157.4940
12002.894531	86.311	160.0155
12089.873047	86.038	162.5776
12177.480469	85.786	165.1744
12265.723633	85.555	167.7874
12354.606445	85.340	170.4156
12444.132812	85.140	173.0410
12534.308594	84.957	175.6577
12625.136719	84.788	178.3042
12716.624023	84.633	-179.0003
12808.773438	84.490	-176.2571
12901.591797	84.363	-173.4606
12995.082031	84.256	-170.5975
13089.250000	84.174	-167.6761
13184.099609	84.120	-164.7020
13279.636719	84.095	-161.7070
13375.867188	84.100	-158.7223
13472.793945	84.138	-155.7617
13570.422852	84.209	-152.8441
13668.759766	84.312	-149.9896
13767.809570	84.449	-147.2049
13867.577148	84.619	-144.4969
13968.067383	84.823	-141.8999
14069.285156	85.062	-139.4359
14171.237305	85.340	-137.1378
14273.927734	85.656	-135.0415
14377.362305	86.011	-133.1628
14481.546875	86.404	-131.5475
14586.486328	86.839	-130.2680
14692.185547	87.315	-129.3739
14798.651367	87.824	-128.9970
14905.888672	88.355	-129.2159
15013.902344	88.894	-130.1018
15122.700195	89.419	-131.7743
15232.285156	89.903	-134.2391
15342.664062	90.314	-137.4789
15453.843750	90.622	-141.4600
15565.829102	90.801	-146.0102
15678.625000	90.832	-150.8612
15792.239258	90.705	-155.7642
15906.675781	90.422	-160.4388
16021.942383	89.999	-164.5871
16138.043945	89.462	-167.9911
16254.986328	88.844	-170.5796
16372.777344	88.178	-172.3408
16491.421875	87.495	-173.2644
16610.923828	86.819	-173.4063
16731.294922	86.174	-172.8880
16852.535156	85.580	-171.8059
16974.656250	85.053	-170.2637
17097.662109	84.598	-168.4089
17221.558594	84.221	-166.3918
17346.353516	83.923	-164.3843
17472.052734	83.697	-162.5502
17598.662109	83.535	-160.9351
17726.189453	83.427	-159.6205
17854.640625	83.365	-158.7147
17984.021484	83.337	-158.2863
18114.341797	83.333	-158.3967
18245.605469	83.346	-159.1520
18377.820312	83.364	-160.7163
18510.994141	83.363	-163.3410
18645.132812	83.296	-167.3047
18780.242188	83.092	-172.8292
18916.332031	82.656	-179.8547
19053.408203	81.893	172.1408
19191.476562	80.740	164.0611
19330.546875	79.190	156.9642
19470.623047	77.292	151.6536
19611.714844	75.129	148.4975
19753.830078	72.786	147.5018
19896.974609	70.445	148.3594
