20.144928	100.834	-135.6211
20.290907	100.847	-135.8603
20.437943	100.864	-136.0927
20.586044	100.880	-136.3234
20.735220	100.895	-136.5517
20.885475	100.910	-136.7805
21.036821	100.925	-137.0107
21.189262	100.940	-137.2427
21.342808	100.956	-137.4787
21.497467	100.972	-137.7183
21.653246	100.988	-137.9617
21.810154	101.005	-138.2096
21.968201	101.023	-138.4600
22.127390	101.041	-138.7125
22.287735	101.059	-138.9659
22.449242	101.077	-139.2169
22.611917	101.095	-139.4660
22.775772	101.113	-139.7091
22.940815	101.131	-139.9464
23.107054	101.149	-140.1765
23.274498	101.167	-140.3983
23.443153	101.186	-140.6137
23.613033	101.204	-140.8225
23.784142	101.223	-141.0271
23.956491	101.243	-141.2303
24.130091	101.263	-141.4329
24.304947	101.283	-141.6394
24.481071	101.303	-141.8493
24.658470	101.322	-142.0651
24.837156	101.341	-142.2862
25.017136	101.359	-142.5111
25.198421	101.376	-142.7396
25.381020	101.393	-142.9672
25.564941	101.408	-143.1940
25.750195	101.423	-143.4158
25.936790	101.439	-143.6329
26.124741	101.454	-143.8443
26.314051	101.471	-144.0507
26.504732	101.488	-144.2548
26.696796	101.507	-144.4569
26.890253	101.526	-144.6610
27.085112	101.545	-144.8666
27.281382	101.565	-145.0754
27.479073	101.584	-145.2852
27.678198	101.601	-145.4950
27.878765	101.618	-145.7015
28.080786	101.633	-145.9027
28.284271	101.648	-146.0970
28.489231	101.663	-146.2838
28.695675	101.678	-146.4660
28.903616	101.693	-146.6449
29.113064	101.710	-146.8265
29.324028	101.727	-147.0126
29.536524	101.745	-147.2071
29.750557	101.763	-147.4086
29.966141	101.780	-147.6170
30.183289	101.797	-147.8253
30.402010	101.814	-148.0306
30.622314	101.830	-148.2262
30.844217	101.848	-148.4104
31.067726	101.866	-148.5818
31.292856	101.886	-148.7449
31.519617	101.908	-148.9042
31.748020	101.931	-149.0661
31.978081	101.955	-149.2371
32.209808	101.978	-149.4188
32.443211	101.999	-149.6120
32.678310	102.017	-149.8110
32.915108	102.033	-150.0125
33.153625	102.045	-150.2076
33.393871	102.056	-150.3946
33.635857	102.066	-150.5711
33.879597	102.078	-150.7407
34.125103	102.091	-150.9081
34.372387	102.107	-151.0778
34.621464	102.124	-151.2553
34.872345	102.143	-151.4399
35.125042	102.163	-151.6308
35.379574	102.183	-151.8225
35.635948	102.203	-152.0105
35.894180	102.223	-152.1920
36.154285	102.243	-152.3654
36.416275	102.263	-152.5337
36.680161	102.283	-152.6998
36.945961	102.303	-152.8674
37.213688	102.323	-153.0393
37.483353	102.342	-153.2152
37.754974	102.360	-153.3941
38.028561	102.378	-153.5742
38.304131	102.397	-153.7537
38.581699	102.416	-153.9330
38.861279	102.436	-154.1129
39.142883	102.456	-154.2947
39.426529	102.478	-154.4790
39.712231	102.499	-154.6648
40.000000	102.520	-154.8503
40.289856	102.540	-155.0332
40.581814	102.559	-155.2119
40.875885	102.579	-155.3868
41.172089	102.598	-155.5597
41.470440	102.618	-155.7329
41.770950	102.639	-155.9085
42.073643	102.659	-156.0871
42.378525	102.680	-156.2673
42.685616	102.701	-156.4470
42.994934	102.722	-156.6253
43.306492	102.744	-156.8038
43.620308	102.767	-156.9864
43.936401	102.791	-157.1789
44.254780	102.814	-157.3856
44.575470	102.836	-157.6041
44.898483	102.855	-157.8255
45.223835	102.872	-158.0373
45.551544	102.887	-158.2286
45.881630	102.902	-158.3967
46.214108	102.919	-158.5503
46.548996	102.937	-158.7071
46.886307	102.955	-158.8848
47.226067	102.972	-159.0896
47.568283	102.985	-159.3099
47.912983	102.997	-159.5241
48.260181	103.010	-159.7140
48.609894	103.029	-159.8784
48.962143	103.056	-160.0349
49.316940	103.091	-160.2075
49.674313	103.128	-160.4081
50.034271	103.162	-160.6252
50.396843	103.191	-160.8307
50.762039	103.215	-161.0016
51.129883	103.240	-161.1413
51.500389	103.268	-161.2827
51.873581	103.302	-161.4670
52.249481	103.336	-161.7123
52.628101	103.368	-161.9963
53.009464	103.396	-162.2702
53.393593	103.424	-162.4941
53.780506	103.456	-162.6673
54.170223	103.494	-162.8292
54.562763	103.534	-163.0286
54.958145	103.570	-163.2887
55.356396	103.600	-163.5971
55.757530	103.624	-163.9240
56.161572	103.646	-164.2507
56.568542	103.671	-164.5821
56.978462	103.700	-164.9317
57.391350	103.730	-165.2991
57.807232	103.758	-165.6641
58.226128	103.783	-166.0023
58.648056	103.807	-166.3033
59.073048	103.831	-166.5723
59.501114	103.855	-166.8185
59.932281	103.878	-167.0449
60.366577	103.900	-167.2544
60.804020	103.921	-167.4610
61.244629	103.940	-167.6884
61.688435	103.957	-167.9563
62.135452	103.972	-168.2688
62.585712	103.988	-168.6171
63.039234	104.007	-168.9910
63.496040	104.032	-169.3826
63.956161	104.059	-169.7779
64.419617	104.086	-170.1562
64.886421	104.109	-170.5044
65.356621	104.129	-170.8311
65.830215	104.147	-171.1634
66.307251	104.161	-171.5243
66.787743	104.174	-171.9143
67.271713	104.187	-172.3124
67.759193	104.201	-172.6899
68.250206	104.217	-173.0280
68.744774	104.235	-173.3299
69.242928	104.254	-173.6277
69.744690	104.273	-173.9653
70.250084	104.287	-174.3655
70.759148	104.295	-174.8032
71.271896	104.298	-175.2278
71.788361	104.302	-175.6086
72.308571	104.312	-175.9660
72.832550	104.326	-176.3428
73.360321	104.340	-176.7579
73.891922	104.349	-177.1934
74.427376	104.355	-177.6234
74.966705	104.358	-178.0402
75.509949	104.361	-178.4501
76.057121	104.364	-178.8589
76.608261	104.367	-179.2691
77.163399	104.370	-179.6852
77.722557	104.373	179.8892
78.285767	104.374	179.4591
78.853058	104.372	179.0373
79.424461	104.368	178.6300
80.000000	104.362	178.2283
80.579712	104.356	177.8165
81.163628	104.349	177.3896
81.751770	104.340	176.9605
82.344177	104.330	176.5429
82.940880	104.320	176.1362
83.541901	104.310	175.7296
84.147285	104.298	175.3179
84.757050	104.285	174.9043
85.371231	104.271	174.4915
85.989868	104.256	174.0800
86.612984	104.241	173.6727
87.240616	104.225	173.2721
87.872803	104.207	172.8759
88.509560	104.189	172.4806
89.150940	104.168	172.0862
89.796967	104.147	171.6935
90.447670	104.125	171.3028
91.103088	104.102	170.9150
91.763260	104.079	170.5306
92.428215	104.054	170.1492
93.097992	104.028	169.7736
93.772614	104.003	169.4076
94.452133	103.977	169.0490
95.136566	103.949	168.6931
95.825966	103.920	168.3418
96.520363	103.889	167.9993
97.219788	103.858	167.6627
97.924286	103.827	167.3282
98.633881	103.795	167.0020
99.348625	103.762	166.6938
100.068542	103.730	166.4037
100.793686	103.697	166.1260
101.524078	103.666	165.8588
102.259766	103.636	165.5966
103.000778	103.610	165.3259
103.747162	103.585	165.0411
104.498962	103.560	164.7527
105.256203	103.536	164.4667
106.018929	103.511	164.1744
106.787186	103.484	163.8704
107.561012	103.455	163.5635
108.340446	103.424	163.2628
109.125526	103.393	162.9673
109.916290	103.361	162.6749
110.712791	103.328	162.3866
111.515060	103.294	162.1017
112.323143	103.260	161.8215
113.137085	103.225	161.5483
113.956924	103.190	161.2796
114.782700	103.155	161.0145
115.614464	103.120	160.7552
116.452255	103.085	160.4969
117.296112	103.050	160.2390
118.146095	103.014	159.9866
119.002228	102.978	159.7358
119.864563	102.942	159.4901
120.733154	102.905	159.2643
121.608040	102.869	159.0514
122.489258	102.833	158.8314
123.376869	102.796	158.6036
124.270905	102.759	158.3757
125.171425	102.721	158.1497
126.078468	102.684	157.9289
126.992081	102.647	157.7172
127.912323	102.609	157.5154
128.839233	102.571	157.3175
129.772842	102.533	157.1161
130.713242	102.496	156.9122
131.660431	102.458	156.7109
132.614502	102.421	156.5181
133.575485	102.383	156.3375
134.543427	102.345	156.1597
135.518387	102.307	155.9741
136.500412	102.269	155.7880
137.489548	102.232	155.6118
138.485855	102.194	155.4412
139.489380	102.156	155.2645
140.500168	102.118	155.0840
141.518295	102.079	154.9116
142.543793	102.039	154.7464
143.576721	101.999	154.5862
144.617142	101.959	154.4301
145.665100	101.920	154.2795
146.720642	101.881	154.1411
147.783844	101.841	154.0130
148.854752	101.800	153.8917
149.933411	101.761	153.7787
151.019897	101.723	153.6755
152.114243	101.687	153.5837
153.216522	101.654	153.4992
154.326797	101.622	153.4166
155.445114	101.593	153.3376
156.571533	101.566	153.2462
157.706116	101.541	153.1279
158.848923	101.517	152.9911
160.000000	101.493	152.8441
161.159424	101.467	152.6917
162.327255	101.439	152.5310
163.503540	101.411	152.3603
164.688354	101.381	152.1829
165.881760	101.350	151.9971
167.083801	101.319	151.8083
168.294571	101.286	151.6263
169.514099	101.252	151.4552
170.742462	101.216	151.2912
171.979736	101.180	151.1320
173.225967	101.145	150.9800
174.481232	101.110	150.8331
175.745605	101.075	150.6815
177.019119	101.040	150.5200
178.301880	101.004	150.3641
179.593933	100.967	150.2178
180.895340	100.929	150.0649
182.206177	100.890	149.9150
183.526520	100.852	149.7886
184.856430	100.814	149.6666
186.195984	100.777	149.5334
187.545227	100.741	149.3943
188.904266	100.706	149.2597
190.273132	100.671	149.1294
191.651932	100.634	148.9991
193.040726	100.596	148.8679
194.439575	100.558	148.7253
195.848572	100.520	148.5717
197.267761	100.482	148.4202
198.697250	100.444	148.2851
200.137085	100.405	148.1584
201.587372	100.365	148.0266
203.048157	100.324	147.8965
204.519531	100.284	147.7843
206.001556	100.245	147.6860
207.494324	100.207	147.5781
208.997925	100.170	147.4573
210.512405	100.134	147.3295
212.037857	100.097	147.1977
213.574371	100.060	147.0641
215.122025	100.023	146.9257
216.680893	99.986	146.7977
218.251053	99.947	146.6841
219.832581	99.907	146.5621
221.425583	99.865	146.4330
223.030121	99.823	146.3014
224.646286	99.782	146.1719
226.274170	99.741	146.0481
227.913849	99.700	145.9235
229.565399	99.658	145.7991
231.228928	99.614	145.6764
232.904510	99.570	145.5475
234.592224	99.525	145.4216
236.292191	99.480	145.3052
238.004456	99.435	145.1987
239.729126	99.391	145.1022
241.466309	99.347	145.0128
243.216080	99.302	144.9180
244.978516	99.257	144.8115
246.753738	99.211	144.7059
248.541809	99.166	144.6053
250.342850	99.120	144.5023
252.156937	99.073	144.3932
253.984161	99.026	144.2805
255.824646	98.979	144.1736
257.678467	98.930	144.0680
259.545685	98.881	143.9716
261.426483	98.833	143.8868
263.320862	98.785	143.7968
265.229004	98.737	143.7026
267.150970	98.689	143.6104
269.086853	98.639	143.5327
271.036774	98.589	143.4600
273.000824	98.538	143.3907
274.979095	98.487	143.3363
276.971710	98.436	143.2869
278.978760	98.385	143.2343
281.000336	98.333	143.1786
283.036591	98.280	143.1150
285.087585	98.225	143.0520
287.153442	98.171	142.9862
289.234283	98.118	142.9168
291.330200	98.067	142.8657
293.441284	98.017	142.8352
295.567688	97.967	142.8108
297.709503	97.915	142.7847
299.866821	97.863	142.7494
302.039795	97.809	142.7027
304.228485	97.754	142.6633
306.433044	97.700	142.6408
308.653595	97.645	142.6311
310.890228	97.591	142.6291
313.143066	97.537	142.6254
315.412231	97.484	142.6184
317.697845	97.433	142.6145
320.000000	97.383	142.6130
322.318848	97.333	142.6191
324.654510	97.283	142.6337
327.007080	97.233	142.6397
329.376709	97.183	142.6259
331.763519	97.132	142.5980
334.167603	97.080	142.5725
336.589142	97.028	142.5681
339.028198	96.974	142.5764
341.484924	96.917	142.5836
343.959473	96.859	142.6027
346.451935	96.801	142.6498
348.962463	96.743	142.7089
351.491211	96.687	142.7626
354.038239	96.635	142.8010
356.603760	96.586	142.8237
359.187866	96.539	142.8463
361.790680	96.493	142.8644
364.412354	96.445	142.8864
367.053040	96.395	142.9146
369.712860	96.341	142.9356
372.391968	96.287	142.9485
375.090454	96.233	142.9496
377.808533	96.179	142.9531
380.546265	96.124	142.9719
383.303864	96.067	142.9888
386.081451	96.009	143.0076
388.879150	95.952	143.0501
391.697144	95.897	143.1048
394.535522	95.842	143.1603
397.394501	95.786	143.2166
400.274170	95.730	143.2589
403.174744	95.673	143.3027
406.096313	95.615	143.3588
409.039062	95.556	143.4144
412.003113	95.496	143.4658
414.988647	95.437	143.5277
417.995850	95.378	143.6034
421.024811	95.318	143.6899
424.075714	95.258	143.7720
427.148743	95.199	143.8532
430.244049	95.139	143.9570
433.361786	95.079	144.0754
436.502106	95.017	144.1899
439.665161	94.954	144.2957
442.851166	94.891	144.4042
446.060242	94.829	144.5120
449.292572	94.768	144.6234
452.548340	94.708	144.7446
455.827698	94.648	144.8728
459.130798	94.588	145.0073
462.457855	94.527	145.1436
465.809021	94.466	145.2816
469.184448	94.404	145.4363
472.584381	94.343	145.5909
476.008911	94.282	145.7395
479.458252	94.221	145.8985
482.932617	94.160	146.0688
486.432159	94.098	146.2393
489.957031	94.036	146.4185
493.507477	93.973	146.6046
497.083618	93.910	146.7766
500.685699	93.847	146.9595
504.313873	93.785	147.1558
507.968323	93.721	147.3565
511.649292	93.658	147.5521
515.356934	93.595	147.7484
519.091370	93.533	147.9478
522.852966	93.472	148.1696
526.641724	93.411	148.4139
530.458008	93.350	148.6676
534.301941	93.288	148.9283
538.173706	93.227	149.1830
542.073547	93.166	149.4409
546.001648	93.104	149.7050
549.958191	93.042	149.9676
553.943420	92.982	150.2482
557.957520	92.922	150.5495
562.000671	92.863	150.8569
566.073181	92.806	151.1671
570.175171	92.748	151.4745
574.306885	92.691	151.7871
578.468567	92.635	152.1191
582.660400	92.581	152.4560
586.882568	92.528	152.7906
591.135376	92.476	153.1161
595.419006	92.425	153.4326
599.733643	92.375	153.7543
604.079590	92.326	154.0850
608.456970	92.276	154.4183
612.866089	92.226	154.7440
617.307190	92.176	155.0594
621.780457	92.128	155.3728
626.286133	92.080	155.6868
630.824463	92.030	156.0020
635.395691	91.978	156.3164
640.000000	91.927	156.6380
644.637695	91.875	156.9635
649.309021	91.822	157.3064
654.014160	91.767	157.6518
658.753418	91.710	157.9969
663.527039	91.655	158.3581
668.335205	91.600	158.7335
673.178284	91.546	159.1180
678.056396	91.491	159.5135
682.969849	91.434	159.9200
687.918945	91.378	160.3220
692.903870	91.323	160.7473
697.924927	91.269	161.2025
702.982422	91.216	161.6562
708.076477	91.163	162.1148
713.207520	91.112	162.5782
718.375732	91.061	163.0441
723.581360	91.012	163.5278
728.824707	90.963	164.0267
734.106079	90.915	164.5354
739.425720	90.869	165.0403
744.783936	90.823	165.5409
750.180908	90.779	166.0602
755.617065	90.734	166.5970
761.092529	90.690	167.1329
766.607727	90.649	167.6776
772.162903	90.610	168.2349
777.758301	90.571	168.7948
783.394287	90.533	169.3630
789.071045	90.496	169.9414
794.789001	90.460	170.5453
800.548340	90.423	171.1526
806.349487	90.388	171.7289
812.192627	90.356	172.3110
818.078125	90.327	172.9067
824.006226	90.300	173.5100
829.977295	90.273	174.1242
835.991699	90.248	174.7495
842.049622	90.226	175.3986
848.151428	90.204	176.0352
854.297485	90.183	176.6662
860.488098	90.163	177.3229
866.723572	90.144	177.9869
873.004211	90.127	178.6515
879.330322	90.112	179.3065
885.702332	90.100	179.9697
892.120483	90.090	-179.3498
898.585144	90.082	-178.6640
905.096680	90.077	-177.9832
911.655396	90.073	-177.3157
918.261597	90.070	-176.6429
924.915710	90.070	-175.9639
931.618042	90.071	-175.2851
938.368896	90.075	-174.6191
945.168762	90.081	-173.9419
952.017822	90.090	-173.2410
958.916504	90.101	-172.5461
965.865234	90.113	-171.8710
972.864319	90.129	-171.1980
979.914062	90.147	-170.5223
987.014954	90.167	-169.8506
994.167236	90.187	-169.1878
1001.371399	90.210	-168.5248
1008.627747	90.234	-167.8650
1015.936646	90.260	-167.2106
1023.298584	90.289	-166.5533
1030.713867	90.321	-165.9040
1038.182739	90.355	-165.2737
1045.705933	90.390	-164.6574
1053.283447	90.426	-164.0598
1060.916016	90.464	-163.4699
1068.603882	90.504	-162.8745
1076.347412	90.546	-162.2787
1084.147095	90.589	-161.6998
1092.003296	90.633	-161.1279
1099.916382	90.679	-160.5709
1107.886841	90.726	-160.0188
1115.915039	90.774	-159.4644
1124.001343	90.822	-158.9330
1132.146362	90.870	-158.4180
1140.350342	90.921	-157.9190
1148.613770	90.972	-157.4241
1156.937134	91.023	-156.9306
1165.320801	91.074	-156.4541
1173.765137	91.126	-155.9840
1182.270752	91.178	-155.5302
1190.838013	91.230	-155.0861
1199.467285	91.282	-154.6508
1208.159180	91.334	-154.2307
1216.913940	91.387	-153.8108
1225.732178	91.441	-153.4042
1234.614380	91.495	-153.0022
1243.560913	91.547	-152.5994
1252.572266	91.600	-152.2049
1261.648926	91.655	-151.8127
1270.791382	91.711	-151.4321
1280.000000	91.767	-151.0759
1289.275391	91.820	-150.7310
1298.618042	91.873	-150.3989
1308.028320	91.924	-150.0626
1317.506836	91.976	-149.6948
1327.054077	92.025	-149.3226
1336.670410	92.073	-148.9653
1346.356567	92.121	-148.6189
1356.112793	92.170	-148.2919
1365.939697	92.221	-147.9714
1375.837891	92.272	-147.6464
1385.807739	92.322	-147.3167
1395.849854	92.371	-146.9927
1405.964844	92.420	-146.6713
1416.152954	92.469	-146.3421
1426.415039	92.518	-146.0193
1436.751465	92.568	-145.7016
1447.162720	92.617	-145.3838
1457.649414	92.667	-145.0612
1468.212158	92.717	-144.7343
1478.851440	92.766	-144.4122
1489.567871	92.814	-144.0956
1500.361816	92.863	-143.7758
1511.234131	92.914	-143.4566
1522.185059	92.964	-143.1332
1533.215454	93.015	-142.8053
1544.325806	93.066	-142.4811
1555.516602	93.117	-142.1566
1566.788574	93.168	-141.8249
1578.142090	93.221	-141.4916
1589.578003	93.274	-141.1693
1601.096680	93.328	-140.8466
1612.698975	93.383	-140.5085
1624.385254	93.438	-140.1752
1636.156250	93.494	-139.8496
1648.012451	93.551	-139.5260
1659.954590	93.609	-139.2043
1671.983398	93.668	-138.8810
1684.099243	93.727	-138.5563
1696.302856	93.788	-138.2337
1708.594971	93.848	-137.9064
1720.976196	93.910	-137.5788
1733.447144	93.971	-137.2531
1746.008423	94.034	-136.9311
1758.660645	94.100	-136.6147
1771.404663	94.166	-136.2990
1784.240967	94.234	-135.9731
1797.170288	94.303	-135.6490
1810.193359	94.372	-135.3331
1823.310791	94.443	-135.0255
1836.523193	94.515	-134.7248
1849.831421	94.589	-134.4197
1863.236084	94.663	-134.1150
1876.737793	94.738	-133.8208
1890.337524	94.814	-133.5249
1904.035645	94.893	-133.2327
1917.833008	94.973	-132.9496
1931.730469	95.053	-132.6723
1945.728638	95.135	-132.3965
1959.828125	95.218	-132.1277
1974.029907	95.302	-131.8543
1988.334473	95.388	-131.5792
2002.742798	95.476	-131.3177
2017.255493	95.567	-131.0821
2031.873291	95.661	-130.8715
2046.597168	95.756	-130.6712
2061.427734	95.850	-130.4569
2076.365479	95.944	-130.2277
2091.411865	96.038	-130.0102
2106.566895	96.132	-129.8155
2121.832031	96.228	-129.6303
2137.207764	96.326	-129.4612
2152.694824	96.428	-129.3138
2168.294189	96.532	-129.1711
2184.006592	96.637	-129.0340
2199.832764	96.743	-128.9079
2215.773682	96.851	-128.7996
2231.830078	96.960	-128.7133
2248.002686	97.071	-128.6386
2264.292725	97.183	-128.5783
2280.700684	97.295	-128.5360
2297.227539	97.408	-128.5102
2313.874268	97.522	-128.5024
2330.641602	97.637	-128.5075
2347.530273	97.752	-128.5352
2364.541504	97.868	-128.5965
2381.676025	97.984	-128.6704
2398.934570	98.102	-128.7655
2416.318359	98.224	-128.8911
2433.827881	98.347	-129.0341
2451.464355	98.470	-129.1786
2469.228760	98.591	-129.3798
2487.121826	98.711	-129.6038
2505.144531	98.831	-129.8370
2523.297852	98.952	-130.1030
2541.582764	99.073	-130.4010
2560.000000	99.195	-130.7236
2578.550781	99.314	-131.0695
2597.236084	99.428	-131.4433
2616.056641	99.538	-131.8446
2635.013672	99.648	-132.2750
2654.108154	99.758	-132.7101
2673.340820	99.865	-133.1494
2692.713135	99.970	-133.5999
2712.225586	100.073	-134.0664
2731.879395	100.178	-134.5416
2751.675781	100.284	-135.0262
2771.615479	100.393	-135.5352
2791.699707	100.506	-136.0824
2811.929688	100.621	-136.6848
2832.305908	100.738	-137.3696
2852.830078	100.852	-138.1588
2873.502930	100.959	-139.0439
2894.325439	101.056	-139.9982
2915.298828	101.140	-140.9934
2936.424316	101.213	-142.0332
2957.702881	101.274	-143.1041
2979.135742	101.322	-144.1848
3000.723633	101.358	-145.2707
3022.468262	101.382	-146.3493
3044.370117	101.398	-147.4145
3066.430908	101.404	-148.4580
3088.651611	101.400	-149.4859
3111.033203	101.386	-150.5018
3133.577148	101.363	-151.5232
3156.284180	101.334	-152.5173
3179.156006	101.298	-153.4610
3202.193359	101.254	-154.3928
3225.397949	101.201	-155.2911
3248.770508	101.141	-156.1448
3272.312500	101.075	-156.9778
3296.024902	101.004	-157.7805
3319.909180	100.928	-158.5312
3343.966797	100.845	-159.2408
3368.198486	100.758	-159.9091
3392.605713	100.667	-160.5312
3417.189941	100.571	-161.1174
3441.952393	100.472	-161.6543
3466.894287	100.368	-162.1443
3492.016846	100.261	-162.6084
3517.321289	100.151	-163.0224
3542.809326	100.039	-163.3818
3568.481934	99.924	-163.6872
3594.340576	99.809	-163.9423
3620.386719	99.691	-164.1552
3646.621582	99.571	-164.2986
3673.046387	99.452	-164.3718
3699.662842	99.334	-164.3920
3726.472168	99.217	-164.3555
3753.475586	99.104	-164.2705
3780.675049	98.995	-164.1416
3808.071289	98.893	-163.9868
3835.666016	98.795	-163.8246
3863.460938	98.702	-163.6446
3891.457275	98.612	-163.4473
3919.656250	98.523	-163.2408
3948.059814	98.435	-163.0112
3976.668945	98.349	-162.7470
4005.485596	98.266	-162.4600
4034.510986	98.185	-162.1623
4063.746582	98.105	-161.8450
4093.194336	98.025	-161.4887
4122.855469	97.945	-161.0870
4152.730957	97.867	-160.6574
4182.823730	97.792	-160.2041
4213.133789	97.721	-159.7251
4243.664062	97.653	-159.2266
4274.415527	97.588	-158.7241
4305.389648	97.527	-158.1996
4336.588379	97.470	-157.6458
4368.013184	97.415	-157.0687
4399.665527	97.365	-156.4777
4431.547363	97.317	-155.8637
4463.660156	97.274	-155.2285
4496.005371	97.235	-154.5680
4528.585449	97.200	-153.8853
4561.401367	97.168	-153.1905
4594.455078	97.141	-152.4852
4627.748535	97.118	-151.7659
4661.283203	97.099	-151.0277
4695.060547	97.084	-150.2691
4729.083008	97.073	-149.4862
4763.352051	97.069	-148.6818
4797.869141	97.070	-147.8719
4832.636719	97.077	-147.0649
4867.655762	97.090	-146.2381
4902.928711	97.108	-145.3952
4938.457520	97.133	-144.5535
4974.243652	97.164	-143.6931
5010.289062	97.202	-142.8201
5046.595703	97.249	-141.9603
5083.165527	97.304	-141.0969
5120.000000	97.365	-140.2322
5157.101562	97.431	-139.3788
5194.472168	97.503	-138.5281
5232.113281	97.581	-137.6709
5270.027344	97.667	-136.8296
5308.216309	97.760	-136.0111
5346.681641	97.861	-135.2104
5385.426270	97.969	-134.4318
5424.451172	98.083	-133.6735
5463.758789	98.204	-132.9312
5503.351562	98.331	-132.2094
5543.230957	98.465	-131.5082
5583.399414	98.606	-130.8216
5623.859375	98.754	-130.1523
5664.611816	98.909	-129.5074
5705.660156	99.073	-128.8799
5747.005859	99.247	-128.2744
5788.650879	99.432	-127.7156
5830.597656	99.628	-127.1855
5872.848633	99.831	-126.6788
5915.405762	100.043	-126.2175
5958.271484	100.267	-125.8199
6001.447266	100.505	-125.4840
6044.936523	100.755	-125.2134
6088.740234	101.018	-125.0263
6132.861816	101.292	-124.9426
6177.303223	101.580	-124.9742
6222.066406	101.879	-125.1408
6267.154297	102.189	-125.4619
6312.568359	102.506	-125.9602
6358.312012	102.830	-126.6482
6404.386719	103.155	-127.5426
6450.795898	103.480	-128.6726
6497.541016	103.799	-130.0551
6544.625000	104.106	-131.6878
6592.049805	104.394	-133.5797
6639.818359	104.651	-135.7229
6687.933594	104.869	-138.0667
6736.396973	105.048	-140.5152
6785.211426	105.202	-142.9290
6834.379883	105.345	-145.3714
6883.904785	105.465	-148.1828
6933.788574	105.521	-151.4166
6984.033691	105.485	-154.7006
7034.642578	105.367	-157.6826
7085.618652	105.202	-160.1753
7136.963867	105.034	-162.1839
7188.681152	104.887	-164.0721
7240.773438	104.735	-166.2433
7293.243164	104.532	-168.5452
7346.092773	104.269	-170.5795
7399.325684	103.969	-172.1896
7452.944336	103.655	-173.4062
7506.951172	103.341	-174.2974
7561.350098	103.036	-174.9105
7616.142578	102.744	-175.2782
7671.332031	102.468	-175.4400
7726.921875	102.211	-175.4283
7782.914551	101.972	-175.2600
7839.312500	101.754	-174.9518
7896.119629	101.558	-174.5221
7953.337891	101.386	-173.9937
8010.971191	101.237	-173.3807
8069.021973	101.113	-172.6899
8127.493164	101.015	-171.9616
8186.388672	100.939	-171.2350
8245.710938	100.885	-170.4712
8305.461914	100.857	-169.6666
8365.647461	100.858	-168.8553
8426.267578	100.889	-168.0606
8487.328125	100.950	-167.3064
8548.831055	101.045	-166.6205
8610.779297	101.172	-166.0368
8673.176758	101.332	-165.5780
8736.026367	101.524	-165.2781
8799.331055	101.747	-165.1717
8863.094727	102.003	-165.3027
8927.320312	102.287	-165.7305
8992.010742	102.596	-166.5152
9057.170898	102.921	-167.7102
9122.802734	103.254	-169.3766
9188.910156	103.584	-171.5678
9255.497070	103.895	-174.3166
9322.566406	104.170	-177.6454
9390.121094	104.390	178.4619
9458.166016	104.534	174.0454
9526.704102	104.579	169.1913
9595.738281	104.509	164.0512
9665.273438	104.315	158.8032
9735.311523	103.997	153.6353
9805.857422	103.559	148.7733
9876.915039	103.016	144.3640
9948.487305	102.387	140.5021
10020.578125	101.696	137.2687
10093.191406	100.965	134.6735
10166.331055	100.210	132.6859
10240.000000	99.447	131.2576
10314.203125	98.688	130.3293
10388.944336	97.942	129.8411
10464.226562	97.211	129.7284
10540.054688	96.501	129.9713
10616.432617	95.820	130.5108
10693.363281	95.167	131.3162
10770.852539	94.539	132.3426
10848.902344	93.936	133.5665
10927.517578	93.359	134.9600
11006.703125	92.808	136.4967
11086.461914	92.282	138.1696
11166.798828	91.780	139.9580
11247.718750	91.300	141.8531
11329.223633	90.844	143.8258
11411.320312	90.410	145.8732
11494.011719	89.995	148.0159
11577.301758	89.603	150.2333
11661.195312	89.232	152.5117
11745.697266	88.881	154.8430
11830.811523	88.550	157.2336
11916.542969	88.238	159.6783
12002.894531	87.945	162.1573
12089.873047	87.671	164.6715
12177.480469	87.419	167.2162
12265.723633	87.186	169.7777
12354.606445	86.968	172.3571
12444.132812	86.766	174.9223
12534.308594	86.579	177.4630
12625.136719	86.406	-179.9645
12716.624023	86.248	-177.3470
12808.773438	86.103	-174.6778
12901.591797	85.972	-171.9380
12995.082031	85.860	-169.1320
13089.250000	85.772	-166.2713
13184.099609	85.712	-163.3596
13279.636719	85.681	-160.4263
13375.867188	85.679	-157.5056
13472.793945	85.710	-154.5969
13570.422852	85.773	-151.7271
13668.759766	85.869	-148.9260
13767.809570	85.997	-146.2037
13867.577148	86.158	-143.5556
13968.067383	86.353	-141.0181
14069.285156	86.582	-138.6208
14171.237305	86.848	-136.3869
14273.927734	87.151	-134.3513
14377.362305	87.493	-132.5364
14481.546875	87.873	-130.9876
14586.486328	88.293	-129.7789
14692.185547	88.754	-128.9495
14798.651367	89.248	-128.6391
14905.888672	89.764	-128.9293
15013.902344	90.286	-129.8887
15122.700195	90.793	-131.6337
15232.285156	91.256	-134.1667
15342.664062	91.646	-137.4663
15453.843750	91.931	-141.4980
15565.829102	92.087	-146.0962
15678.625000	92.091	-150.9964
15792.239258	91.935	-155.9368
15906.675781	91.623	-160.6273
16021.942383	91.172	-164.7683
16138.043945	90.608	-168.1511
16254.986328	89.963	-170.7127
16372.777344	89.272	-172.4431
16491.421875	88.562	-173.3457
16610.923828	87.860	-173.4674
16731.294922	87.188	-172.9130
16852.535156	86.566	-171.7859
16974.656250	86.008	-170.2021
17097.662109	85.523	-168.3094
17221.558594	85.115	-166.2579
17346.353516	84.785	-164.1859
17472.052734	84.528	-162.2350
17598.662109	84.335	-160.5035
17726.189453	84.196	-159.0746
17854.640625	84.101	-158.0366
17984.021484	84.040	-157.4690
18114.341797	84.005	-157.4513
18245.605469	83.988	-158.0774
18377.820312	83.975	-159.5184
18510.994141	83.942	-162.0268
18645.132812	83.842	-165.8740
18780.242188	83.602	-171.2634
18916.332031	83.126	-178.1236
19053.408203	82.321	174.0696
19191.476562	81.126	166.2352
19330.546875	79.534	159.4249
19470.623047	77.597	154.4392
19611.714844	75.399	151.6231
19753.830078	73.023	150.9384
19896.974609	70.650	151.9998
