20.144928	100.300	-146.3905
20.290907	100.307	-146.7060
20.437943	100.317	-147.0144
20.586044	100.326	-147.3217
20.735220	100.335	-147.6272
20.885475	100.343	-147.9344
21.036821	100.351	-148.2441
21.189262	100.359	-148.5564
21.342808	100.368	-148.8730
21.497467	100.376	-149.1933
21.653246	100.385	-149.5155
21.810154	100.394	-149.8403
21.968201	100.403	-150.1646
22.127390	100.411	-150.4867
22.287735	100.420	-150.8064
22.449242	100.429	-151.1209
22.611917	100.438	-151.4306
22.775772	100.447	-151.7354
22.940815	100.456	-152.0350
23.107054	100.465	-152.3319
23.274498	100.474	-152.6261
23.443153	100.482	-152.9196
23.613033	100.490	-153.2139
23.784142	100.497	-153.5094
23.956491	100.503	-153.8075
24.130091	100.509	-154.1080
24.304947	100.514	-154.4110
24.481071	100.518	-154.7164
24.658470	100.522	-155.0235
24.837156	100.526	-155.3325
25.017136	100.530	-155.6428
25.198421	100.534	-155.9543
25.381020	100.539	-156.2662
25.564941	100.544	-156.5783
25.750195	100.550	-156.8887
25.936790	100.556	-157.1971
26.124741	100.562	-157.5004
26.314051	100.568	-157.7983
26.504732	100.574	-158.0880
26.696796	100.579	-158.3697
26.890253	100.585	-158.6429
27.085112	100.591	-158.9090
27.281382	100.596	-159.1701
27.479073	100.601	-159.4286
27.678198	100.606	-159.6877
27.878765	100.610	-159.9498
28.080786	100.613	-160.2168
28.284271	100.615	-160.4892
28.489231	100.616	-160.7673
28.695675	100.616	-161.0493
28.903616	100.615	-161.3347
29.113064	100.614	-161.6212
29.324028	100.613	-161.9082
29.536524	100.612	-162.1949
29.750557	100.612	-162.4803
29.966141	100.612	-162.7641
30.183289	100.612	-163.0443
30.402010	100.613	-163.3195
30.622314	100.612	-163.5869
30.844217	100.611	-163.8444
31.067726	100.610	-164.0905
31.292856	100.608	-164.3257
31.519617	100.607	-164.5531
31.748020	100.606	-164.7762
31.978081	100.605	-165.0038
32.209808	100.605	-165.2395
32.443211	100.605	-165.4908
32.678310	100.604	-165.7577
32.915108	100.602	-166.0407
33.153625	100.598	-166.3340
33.393871	100.594	-166.6319
33.635857	100.588	-166.9290
33.879597	100.582	-167.2182
34.125103	100.577	-167.4989
34.372387	100.572	-167.7696
34.621464	100.568	-168.0336
34.872345	100.565	-168.2930
35.125042	100.562	-168.5500
35.379574	100.558	-168.8063
35.635948	100.552	-169.0612
35.894180	100.545	-169.3142
36.154285	100.537	-169.5643
36.416275	100.529	-169.8117
36.680161	100.520	-170.0570
36.945961	100.511	-170.3014
37.213688	100.504	-170.5462
37.483353	100.498	-170.7913
37.754974	100.493	-171.0367
38.028561	100.489	-171.2817
38.304131	100.486	-171.5256
38.581699	100.482	-171.7682
38.861279	100.477	-172.0092
39.142883	100.471	-172.2483
39.426529	100.462	-172.4843
39.712231	100.450	-172.7156
40.000000	100.436	-172.9412
40.289856	100.420	-173.1607
40.581814	100.405	-173.3754
40.875885	100.391	-173.5882
41.172089	100.378	-173.8017
41.470440	100.368	-174.0177
41.770950	100.361	-174.2366
42.073643	100.355	-174.4574
42.378525	100.349	-174.6783
42.685616	100.342	-174.8982
42.994934	100.334	-175.1168
43.306492	100.322	-175.3345
43.620308	100.308	-175.5532
43.936401	100.291	-175.7765
44.254780	100.274	-176.0111
44.575470	100.258	-176.2657
44.898483	100.243	-176.5461
45.223835	100.229	-176.8493
45.551544	100.215	-177.1602
45.881630	100.199	-177.4519
46.214108	100.182	-177.6931
46.548996	100.165	-177.8621
46.886307	100.150	-177.9598
47.226067	100.139	-178.0142
47.568283	100.128	-178.0669
47.912983	100.115	-178.1502
48.260181	100.097	-178.2706
48.609894	100.073	-178.4093
48.962143	100.045	-178.5400
49.316940	100.022	-178.6511
49.674313	100.006	-178.7569
50.034271	100.000	-178.8873
50.396843	99.996	-179.0610
50.762039	99.988	-179.2647
51.129883	99.971	-179.4561
51.500389	99.945	-179.5918
51.873581	99.918	-179.6622
52.249481	99.896	-179.7051
52.628101	99.882	-179.7853
53.009464	99.874	-179.9499
53.393593	99.866	179.8053
53.780506	99.855	179.5317
54.170223	99.840	179.2899
54.562763	99.827	179.1083
54.958145	99.817	178.9679
55.356396	99.810	178.8260
55.757530	99.799	178.6537
56.161572	99.782	178.4578
56.568542	99.757	178.2707
56.978462	99.730	178.1210
57.391350	99.706	178.0127
57.807232	99.687	177.9308
58.226128	99.671	177.8616
58.648056	99.657	177.8029
59.073048	99.642	177.7543
59.501114	99.627	177.7012
59.932281	99.611	177.6161
60.366577	99.594	177.4801
60.804020	99.575	177.3035
61.244629	99.553	177.1188
61.688435	99.532	176.9550
62.135452	99.514	176.8167
62.585712	99.498	176.6910
63.039234	99.482	176.5732
63.496040	99.462	176.4756
63.956161	99.442	176.4086
64.419617	99.424	176.3553
64.886421	99.411	176.2787
65.356621	99.398	176.1602
65.830215	99.383	176.0220
66.307251	99.364	175.9089
66.787743	99.346	175.8391
67.271713	99.331	175.7882
67.759193	99.317	175.7207
68.250206	99.301	175.6365
68.744774	99.281	175.5704
69.242928	99.260	175.5491
69.744690	99.243	175.5548
70.250084	99.230	175.5435
70.759148	99.217	175.4927
71.271896	99.201	175.4203
71.788361	99.183	175.3557
72.308571	99.168	175.3053
72.832550	99.156	175.2564
73.360321	99.147	175.2024
73.891922	99.138	175.1508
74.427376	99.129	175.1078
74.966705	99.119	175.0675
75.509949	99.106	175.0232
76.057121	99.092	174.9764
76.608261	99.079	174.9305
77.163399	99.069	174.8817
77.722557	99.061	174.8256
78.285767	99.053	174.7653
78.853058	99.044	174.7072
79.424461	99.034	174.6516
80.000000	99.022	174.5973
80.579712	99.009	174.5479
81.163628	98.998	174.5065
81.751770	98.991	174.4669
82.344177	98.986	174.4215
82.940880	98.981	174.3733
83.541901	98.973	174.3333
84.147285	98.965	174.3068
84.757050	98.957	174.2863
85.371231	98.950	174.2591
85.989868	98.944	174.2176
86.612984	98.938	174.1644
87.240616	98.931	174.1083
87.872803	98.925	174.0545
88.509560	98.921	173.9970
89.150940	98.917	173.9282
89.796967	98.913	173.8528
90.447670	98.908	173.7851
91.103088	98.903	173.7311
91.763260	98.900	173.6827
92.428215	98.897	173.6292
93.097992	98.894	173.5686
93.772614	98.890	173.5094
94.452133	98.886	173.4585
95.136566	98.881	173.4083
95.825966	98.875	173.3461
96.520363	98.869	173.2755
97.219788	98.864	173.2117
97.924286	98.859	173.1559
98.633881	98.856	173.0967
99.348625	98.853	173.0349
100.068542	98.850	172.9849
100.793686	98.848	172.9557
101.524078	98.846	172.9415
102.259766	98.845	172.9273
103.000778	98.847	172.8964
103.747162	98.851	172.8389
104.498962	98.856	172.7613
105.256203	98.863	172.6804
106.018929	98.869	172.6027
106.787186	98.874	172.5199
107.561012	98.877	172.4242
108.340446	98.879	172.3129
109.125526	98.882	172.1849
109.916290	98.883	172.0477
110.712791	98.883	171.9141
111.515060	98.883	171.7850
112.323143	98.882	171.6492
113.137085	98.882	171.5036
113.956924	98.881	171.3598
114.782700	98.880	171.2250
115.614464	98.878	171.0934
116.452255	98.873	170.9666
117.296112	98.869	170.8496
118.146095	98.864	170.7261
119.002228	98.859	170.5846
119.864563	98.855	170.4412
120.733154	98.852	170.3004
121.608040	98.850	170.1588
122.489258	98.847	170.0270
123.376869	98.843	169.8967
124.270905	98.837	169.7545
125.171425	98.830	169.6118
126.078468	98.824	169.4750
126.992081	98.818	169.3353
127.912323	98.813	169.1834
128.839233	98.808	169.0282
129.772842	98.801	168.8861
130.713242	98.792	168.7488
131.660431	98.781	168.5997
132.614502	98.769	168.4431
133.575485	98.758	168.2949
134.543427	98.746	168.1573
135.518387	98.735	168.0193
136.500412	98.723	167.8724
137.489548	98.712	167.7143
138.485855	98.701	167.5552
139.489380	98.690	167.3992
140.500168	98.679	167.2441
141.518295	98.668	167.0953
142.543793	98.655	166.9539
143.576721	98.641	166.8176
144.617142	98.624	166.6793
145.665100	98.606	166.5350
146.720642	98.588	166.3955
147.783844	98.571	166.2637
148.854752	98.555	166.1400
149.933411	98.540	166.0309
151.019897	98.524	165.9354
152.114243	98.509	165.8571
153.216522	98.495	165.7962
154.326797	98.482	165.7249
155.445114	98.472	165.6290
156.571533	98.466	165.5219
157.706116	98.462	165.4100
158.848923	98.458	165.2907
160.000000	98.451	165.1624
161.159424	98.444	165.0267
162.327255	98.436	164.8701
163.503540	98.427	164.6931
164.688354	98.415	164.5123
165.881760	98.400	164.3261
167.083801	98.384	164.1302
168.294571	98.365	163.9403
169.514099	98.346	163.7637
170.742462	98.326	163.5909
171.979736	98.306	163.4209
173.225967	98.287	163.2577
174.481232	98.268	163.1028
175.745605	98.249	162.9534
177.019119	98.229	162.8107
178.301880	98.207	162.6744
179.593933	98.183	162.5338
180.895340	98.161	162.3851
182.206177	98.139	162.2300
183.526520	98.117	162.0741
184.856430	98.095	161.9239
186.195984	98.072	161.7909
187.545227	98.049	161.6699
188.904266	98.026	161.5495
190.273132	98.002	161.4124
191.651932	97.979	161.2613
193.040726	97.956	161.1154
194.439575	97.932	160.9799
195.848572	97.907	160.8572
197.267761	97.880	160.7401
198.697250	97.854	160.6128
200.137085	97.827	160.4844
201.587372	97.800	160.3647
203.048157	97.771	160.2569
204.519531	97.742	160.1575
206.001556	97.713	160.0654
207.494324	97.684	159.9781
208.997925	97.656	159.8824
210.512405	97.631	159.7715
212.037857	97.606	159.6525
213.574371	97.581	159.5321
215.122025	97.556	159.4081
216.680893	97.528	159.2900
218.251053	97.500	159.1857
219.832581	97.471	159.0935
221.425583	97.442	158.9987
223.030121	97.412	158.8990
224.646286	97.384	158.7990
226.274170	97.356	158.6923
227.913849	97.328	158.5779
229.565399	97.299	158.4763
231.228928	97.269	158.3857
232.904510	97.238	158.2884
234.592224	97.206	158.1812
236.292191	97.174	158.0866
238.004456	97.142	158.0049
239.729126	97.111	157.9236
241.466309	97.079	157.8424
243.216080	97.046	157.7652
244.978516	97.014	157.6888
246.753738	96.982	157.6190
248.541809	96.950	157.5607
250.342850	96.917	157.5018
252.156937	96.884	157.4332
253.984161	96.851	157.3651
255.824646	96.817	157.3094
257.678467	96.781	157.2521
259.545685	96.745	157.1878
261.426483	96.709	157.1235
263.320862	96.675	157.0556
265.229004	96.642	156.9816
267.150970	96.609	156.9153
269.086853	96.576	156.8616
271.036774	96.541	156.8117
273.000824	96.505	156.7594
274.979095	96.467	156.7087
276.971710	96.429	156.6705
278.978760	96.392	156.6486
281.000336	96.356	156.6347
283.036591	96.321	156.6227
285.087585	96.287	156.6139
287.153442	96.253	156.5919
289.234283	96.218	156.5535
291.330200	96.185	156.5258
293.441284	96.150	156.5079
295.567688	96.114	156.4863
297.709503	96.077	156.4621
299.866821	96.040	156.4404
302.039795	96.003	156.4275
304.228485	95.967	156.4237
306.433044	95.931	156.4252
308.653595	95.895	156.4269
310.890228	95.859	156.4415
313.143066	95.821	156.4681
315.412231	95.784	156.4963
317.697845	95.747	156.5305
320.000000	95.711	156.5757
322.318848	95.676	156.6122
324.654510	95.642	156.6301
327.007080	95.609	156.6352
329.376709	95.578	156.6323
331.763519	95.546	156.6144
334.167603	95.514	156.5985
336.589142	95.478	156.5952
339.028198	95.441	156.6098
341.484924	95.402	156.6345
343.959473	95.363	156.6593
346.451935	95.325	156.6990
348.962463	95.288	156.7661
351.491211	95.254	156.8367
354.038239	95.223	156.9001
356.603760	95.195	156.9551
359.187866	95.168	156.9818
361.790680	95.141	156.9924
364.412354	95.113	156.9989
367.053040	95.082	156.9853
369.712860	95.048	156.9603
372.391968	95.013	156.9473
375.090454	94.977	156.9456
377.808533	94.941	156.9481
380.546265	94.904	156.9589
383.303864	94.867	156.9903
386.081451	94.828	157.0272
388.879150	94.789	157.0579
391.697144	94.751	157.0924
394.535522	94.712	157.1412
397.394501	94.672	157.1967
400.274170	94.630	157.2349
403.174744	94.588	157.2696
406.096313	94.547	157.3074
409.039062	94.506	157.3384
412.003113	94.466	157.3670
414.988647	94.427	157.4080
417.995850	94.387	157.4736
421.024811	94.346	157.5524
424.075714	94.304	157.6186
427.148743	94.262	157.6762
430.244049	94.220	157.7396
433.361786	94.178	157.8159
436.502106	94.136	157.8906
439.665161	94.093	157.9692
442.851166	94.050	158.0596
446.060242	94.008	158.1497
449.292572	93.965	158.2390
452.548340	93.922	158.3333
455.827698	93.878	158.4232
459.130798	93.834	158.5256
462.457855	93.791	158.6394
465.809021	93.749	158.7424
469.184448	93.706	158.8489
472.584381	93.662	158.9679
476.008911	93.618	159.0798
479.458252	93.574	159.1985
482.932617	93.531	159.3354
486.432159	93.487	159.4745
489.957031	93.444	159.6052
493.507477	93.401	159.7361
497.083618	93.357	159.8726
500.685699	93.313	160.0129
504.313873	93.268	160.1608
507.968323	93.222	160.3269
511.649292	93.176	160.4984
515.356934	93.130	160.6642
519.091370	93.085	160.8277
522.852966	93.039	161.0020
526.641724	92.993	161.1859
530.458008	92.947	161.3686
534.301941	92.901	161.5551
538.173706	92.857	161.7434
542.073547	92.814	161.9367
546.001648	92.772	162.1579
549.958191	92.730	162.4021
553.943420	92.687	162.6483
557.957520	92.643	162.8935
562.000671	92.599	163.1456
566.073181	92.556	163.3876
570.175171	92.515	163.6322
574.306885	92.474	163.8959
578.468567	92.435	164.1694
582.660400	92.397	164.4321
586.882568	92.361	164.6928
591.135376	92.326	164.9639
595.419006	92.291	165.2360
599.733643	92.257	165.4976
604.079590	92.224	165.7575
608.456970	92.192	166.0259
612.866089	92.159	166.2880
617.307190	92.126	166.5479
621.780457	92.091	166.8125
626.286133	92.057	167.0621
630.824463	92.023	167.2980
635.395691	91.988	167.5390
640.000000	91.952	167.7837
644.637695	91.915	168.0264
649.309021	91.877	168.2761
654.014160	91.838	168.5345
658.753418	91.798	168.8063
663.527039	91.758	169.0867
668.335205	91.718	169.3694
673.178284	91.677	169.6710
678.056396	91.636	169.9784
682.969849	91.596	170.2825
687.918945	91.555	170.5945
692.903870	91.515	170.9308
697.924927	91.475	171.2867
702.982422	91.436	171.6410
708.076477	91.397	171.9959
713.207520	91.360	172.3734
718.375732	91.323	172.7646
723.581360	91.286	173.1555
728.824707	91.250	173.5379
734.106079	91.216	173.9263
739.425720	91.183	174.3391
744.783936	91.151	174.7708
750.180908	91.120	175.2030
755.617065	91.090	175.6276
761.092529	91.061	176.0488
766.607727	91.033	176.4771
772.162903	91.005	176.9128
777.758301	90.978	177.3657
783.394287	90.952	177.8318
789.071045	90.927	178.3084
794.789001	90.903	178.8010
800.548340	90.880	179.2969
806.349487	90.857	179.7660
812.192627	90.835	-179.7728
818.078125	90.815	-179.2919
824.006226	90.797	-178.7840
829.977295	90.779	-178.2774
835.991699	90.763	-177.7831
842.049622	90.748	-177.2924
848.151428	90.736	-176.7772
854.297485	90.723	-176.2428
860.488098	90.713	-175.7051
866.723572	90.704	-175.1649
873.004211	90.698	-174.6293
879.330322	90.693	-174.1014
885.702332	90.689	-173.5645
892.120483	90.687	-173.0260
898.585144	90.687	-172.4857
905.096680	90.688	-171.9355
911.655396	90.690	-171.3832
918.261597	90.693	-170.8264
924.915710	90.698	-170.2661
931.618042	90.706	-169.7130
938.368896	90.716	-169.1669
945.168762	90.728	-168.6217
952.017822	90.742	-168.0699
958.916504	90.756	-167.5152
965.865234	90.773	-166.9624
972.864319	90.792	-166.4146
979.914062	90.814	-165.8688
987.014954	90.837	-165.3259
994.167236	90.861	-164.7840
1001.371399	90.887	-164.2502
1008.627747	90.914	-163.7312
1015.936646	90.944	-163.2182
1023.298584	90.975	-162.7041
1030.713867	91.009	-162.1907
1038.182739	91.044	-161.6823
1045.705933	91.079	-161.1888
1053.283447	91.116	-160.7011
1060.916016	91.154	-160.2147
1068.603882	91.194	-159.7404
1076.347412	91.236	-159.2755
1084.147095	91.278	-158.8226
1092.003296	91.321	-158.3883
1099.916382	91.365	-157.9556
1107.886841	91.409	-157.5286
1115.915039	91.454	-157.1105
1124.001343	91.501	-156.7024
1132.146362	91.550	-156.3039
1140.350342	91.598	-155.9173
1148.613770	91.646	-155.5467
1156.937134	91.695	-155.1824
1165.320801	91.744	-154.8239
1173.765137	91.792	-154.4693
1182.270752	91.840	-154.1196
1190.838013	91.889	-153.7809
1199.467285	91.939	-153.4605
1208.159180	91.989	-153.1548
1216.913940	92.038	-152.8500
1225.732178	92.086	-152.5468
1234.614380	92.133	-152.2508
1243.560913	92.181	-151.9644
1252.572266	92.228	-151.6829
1261.648926	92.275	-151.4059
1270.791382	92.322	-151.1333
1280.000000	92.369	-150.8652
1289.275391	92.415	-150.6090
1298.618042	92.461	-150.3443
1308.028320	92.506	-150.0803
1317.506836	92.551	-149.8276
1327.054077	92.596	-149.5785
1336.670410	92.640	-149.3374
1346.356567	92.684	-149.0916
1356.112793	92.727	-148.8459
1365.939697	92.771	-148.6052
1375.837891	92.815	-148.3617
1385.807739	92.858	-148.1107
1395.849854	92.901	-147.8667
1405.964844	92.944	-147.6242
1416.152954	92.987	-147.3790
1426.415039	93.029	-147.1387
1436.751465	93.071	-146.9022
1447.162720	93.112	-146.6591
1457.649414	93.153	-146.4103
1468.212158	93.195	-146.1631
1478.851440	93.237	-145.9135
1489.567871	93.279	-145.6644
1500.361816	93.321	-145.4172
1511.234131	93.363	-145.1690
1522.185059	93.405	-144.9119
1533.215454	93.448	-144.6475
1544.325806	93.491	-144.3880
1555.516602	93.534	-144.1269
1566.788574	93.578	-143.8649
1578.142090	93.622	-143.6057
1589.578003	93.667	-143.3400
1601.096680	93.713	-143.0679
1612.698975	93.760	-142.7885
1624.385254	93.807	-142.5107
1636.156250	93.855	-142.2379
1648.012451	93.903	-141.9683
1659.954590	93.953	-141.6979
1671.983398	94.003	-141.4243
1684.099243	94.054	-141.1460
1696.302856	94.106	-140.8682
1708.594971	94.159	-140.5928
1720.976196	94.214	-140.3213
1733.447144	94.269	-140.0533
1746.008423	94.325	-139.7789
1758.660645	94.381	-139.4947
1771.404663	94.439	-139.2071
1784.240967	94.498	-138.9275
1797.170288	94.557	-138.6562
1810.193359	94.618	-138.3823
1823.310791	94.682	-138.1104
1836.523193	94.749	-137.8412
1849.831421	94.818	-137.5816
1863.236084	94.886	-137.3394
1876.737793	94.955	-137.1026
1890.337524	95.024	-136.8471
1904.035645	95.092	-136.5693
1917.833008	95.161	-136.2988
1931.730469	95.231	-136.0503
1945.728638	95.304	-135.8118
1959.828125	95.378	-135.5819
1974.029907	95.455	-135.3560
1988.334473	95.533	-135.1245
2002.742798	95.613	-134.9026
2017.255493	95.695	-134.6943
2031.873291	95.779	-134.4873
2046.597168	95.863	-134.2862
2061.427734	95.949	-134.0937
2076.365479	96.036	-133.9129
2091.411865	96.125	-133.7384
2106.566895	96.216	-133.5682
2121.832031	96.308	-133.4116
2137.207764	96.401	-133.2688
2152.694824	96.496	-133.1318
2168.294189	96.592	-133.0074
2184.006592	96.690	-132.9030
2199.832764	96.790	-132.8054
2215.773682	96.890	-132.7197
2231.830078	96.991	-132.6496
2248.002686	97.094	-132.5945
2264.292725	97.198	-132.5544
2280.700684	97.305	-132.5211
2297.227539	97.415	-132.5063
2313.874268	97.526	-132.5207
2330.641602	97.638	-132.5652
2347.530273	97.750	-132.6257
2364.541504	97.864	-132.6954
2381.676025	97.977	-132.7779
2398.934570	98.085	-132.8651
2416.318359	98.191	-132.9841
2433.827881	98.300	-133.1438
2451.464355	98.414	-133.3350
2469.228760	98.530	-133.5644
2487.121826	98.646	-133.7961
2505.144531	98.760	-134.0429
2523.297852	98.874	-134.3217
2541.582764	98.988	-134.6238
2560.000000	99.100	-134.9521
2578.550781	99.211	-135.3052
2597.236084	99.319	-135.6869
2616.056641	99.426	-136.1101
2635.013672	99.533	-136.5637
2654.108154	99.640	-137.0171
2673.340820	99.743	-137.4575
2692.713135	99.843	-137.9182
2712.225586	99.941	-138.3976
2731.879395	100.040	-138.8791
2751.675781	100.140	-139.3708
2771.615479	100.243	-139.8810
2791.699707	100.350	-140.4306
2811.929688	100.460	-141.0404
2832.305908	100.571	-141.7282
2852.830078	100.680	-142.5121
2873.502930	100.783	-143.3884
2894.325439	100.875	-144.3369
2915.298828	100.956	-145.3360
2936.424316	101.025	-146.3783
2957.702881	101.081	-147.4581
2979.135742	101.125	-148.5480
3000.723633	101.156	-149.6340
3022.468262	101.177	-150.7158
3044.370117	101.188	-151.7790
3066.430908	101.190	-152.8209
3088.651611	101.182	-153.8517
3111.033203	101.164	-154.8721
3133.577148	101.137	-155.8928
3156.284180	101.104	-156.8858
3179.156006	101.064	-157.8279
3202.193359	101.016	-158.7574
3225.397949	100.960	-159.6544
3248.770508	100.897	-160.5079
3272.312500	100.827	-161.3372
3296.024902	100.753	-162.1359
3319.909180	100.672	-162.8847
3343.966797	100.586	-163.5941
3368.198486	100.496	-164.2622
3392.605713	100.401	-164.8803
3417.189941	100.302	-165.4608
3441.952393	100.199	-165.9968
3466.894287	100.092	-166.4883
3492.016846	99.982	-166.9516
3517.321289	99.870	-167.3615
3542.809326	99.755	-167.7175
3568.481934	99.638	-168.0194
3594.340576	99.520	-168.2700
3620.386719	99.400	-168.4802
3646.621582	99.278	-168.6225
3673.046387	99.156	-168.6994
3699.662842	99.035	-168.7134
3726.472168	98.916	-168.6707
3753.475586	98.801	-168.5953
3780.675049	98.691	-168.4685
3808.071289	98.585	-168.2954
3835.666016	98.484	-168.1100
3863.460938	98.388	-167.9215
3891.457275	98.295	-167.7219
3919.656250	98.205	-167.5040
3948.059814	98.115	-167.2678
3976.668945	98.026	-167.0045
4005.485596	97.939	-166.7049
4034.510986	97.855	-166.3839
4063.746582	97.771	-166.0533
4093.194336	97.689	-165.6924
4122.855469	97.610	-165.2908
4152.730957	97.534	-164.8630
4182.823730	97.461	-164.4135
4213.133789	97.392	-163.9291
4243.664062	97.324	-163.4219
4274.415527	97.259	-162.9163
4305.389648	97.198	-162.3868
4336.588379	97.140	-161.8263
4368.013184	97.086	-161.2420
4399.665527	97.035	-160.6476
4431.547363	96.988	-160.0345
4463.660156	96.945	-159.3946
4496.005371	96.906	-158.7303
4528.585449	96.871	-158.0454
4561.401367	96.840	-157.3380
4594.455078	96.816	-156.6230
4627.748535	96.797	-155.9095
4661.283203	96.782	-155.1824
4695.060547	96.770	-154.4274
4729.083008	96.759	-153.6410
4763.352051	96.752	-152.8271
4797.869141	96.750	-152.0037
4832.636719	96.755	-151.1936
4867.655762	96.768	-150.3712
4902.928711	96.787	-149.5296
4938.457520	96.812	-148.6868
4974.243652	96.844	-147.8275
5010.289062	96.882	-146.9599
5046.595703	96.927	-146.0929
5083.165527	96.979	-145.2182
5120.000000	97.039	-144.3531
5157.101562	97.107	-143.5042
5194.472168	97.183	-142.6628
5232.113281	97.266	-141.8203
5270.027344	97.355	-140.9877
5308.216309	97.450	-140.1696
5346.681641	97.553	-139.3738
5385.426270	97.663	-138.6020
5424.451172	97.779	-137.8465
5463.758789	97.902	-137.1089
5503.351562	98.031	-136.3936
5543.230957	98.166	-135.6993
5583.399414	98.308	-135.0202
5623.859375	98.458	-134.3575
5664.611816	98.616	-133.7149
5705.660156	98.783	-133.0892
5747.005859	98.961	-132.5016
5788.650879	99.149	-131.9578
5830.597656	99.347	-131.4300
5872.848633	99.552	-130.9292
5915.405762	99.766	-130.4855
5958.271484	99.992	-130.0981
6001.447266	100.231	-129.7701
6044.936523	100.484	-129.5090
6088.740234	100.748	-129.3310
6132.861816	101.025	-129.2560
6177.303223	101.315	-129.2977
6222.066406	101.616	-129.4775
6267.154297	101.928	-129.8127
6312.568359	102.249	-130.3224
6358.312012	102.574	-131.0220
6404.386719	102.903	-131.9308
6450.795898	103.230	-133.0785
6497.541016	103.551	-134.4787
6544.625000	103.861	-136.1280
6592.049805	104.151	-138.0347
6639.818359	104.411	-140.1928
6687.933594	104.632	-142.5530
6736.396973	104.815	-145.0209
6785.211426	104.970	-147.4552
6834.379883	105.116	-149.9148
6883.904785	105.239	-152.7414
6933.788574	105.298	-155.9912
6984.033691	105.265	-159.2952
7034.642578	105.150	-162.2999
7085.618652	104.988	-164.8136
7136.963867	104.823	-166.8387
7188.681152	104.679	-168.7439
7240.773438	104.530	-170.9351
7293.243164	104.330	-173.2618
7346.092773	104.071	-175.3230
7399.325684	103.774	-176.9572
7452.944336	103.464	-178.1962
7506.951172	103.154	-179.1089
7561.350098	102.852	-179.7430
7616.142578	102.563	179.8674
7671.332031	102.291	179.6856
7726.921875	102.037	179.6765
7782.914551	101.802	179.8227
7839.312500	101.587	-179.8926
7896.119629	101.395	-179.4888
7953.337891	101.227	-178.9864
8010.971191	101.082	-178.3960
8069.021973	100.961	-177.7291
8127.493164	100.866	-177.0330
8186.388672	100.794	-176.3401
8245.710938	100.743	-175.6090
8305.461914	100.718	-174.8348
8365.647461	100.722	-174.0555
8426.267578	100.756	-173.2956
8487.328125	100.821	-172.5758
8548.831055	100.918	-171.9212
8610.779297	101.049	-171.3711
8673.176758	101.211	-170.9499
8736.026367	101.406	-170.6842
8799.331055	101.632	-170.6089
8863.094727	101.892	-170.7747
8927.320312	102.180	-171.2410
8992.010742	102.493	-172.0719
9057.170898	102.822	-173.3212
9122.802734	103.159	-175.0509
9188.910156	103.491	-177.3213
9255.497070	103.802	179.8402
9322.566406	104.074	176.4235
9390.121094	104.288	172.4514
9458.166016	104.423	167.9686
9526.704102	104.458	163.0640
9595.738281	104.377	157.8953
9665.273438	104.173	152.6429
9735.311523	103.845	147.4895
9805.857422	103.400	142.6584
9876.915039	102.852	138.2910
9948.487305	102.221	134.4743
10020.578125	101.531	131.2845
10093.191406	100.802	128.7269
10166.331055	100.051	126.7648
10240.000000	99.292	125.3507
10314.203125	98.539	124.4323
10388.944336	97.797	123.9474
10464.226562	97.071	123.8326
10540.054688	96.365	124.0659
10616.432617	95.689	124.5884
10693.363281	95.040	125.3730
10770.852539	94.416	126.3780
10848.902344	93.818	127.5803
10927.517578	93.245	128.9546
11006.703125	92.697	130.4709
11086.461914	92.174	132.1179
11166.798828	91.676	133.8783
11247.718750	91.200	135.7487
11329.223633	90.747	137.6980
11411.320312	90.316	139.7279
11494.011719	89.905	141.8543
11577.301758	89.515	144.0423
11661.195312	89.146	146.2874
11745.697266	88.797	148.6008
11830.811523	88.467	150.9758
11916.542969	88.157	153.4019
12002.894531	87.866	155.8560
12089.873047	87.595	158.3409
12177.480469	87.345	160.8609
12265.723633	87.115	163.3963
12354.606445	86.900	165.9456
12444.132812	86.701	168.4975
12534.308594	86.517	171.0343
12625.136719	86.348	173.5911
12716.624023	86.192	176.1942
12808.773438	86.049	178.8383
12901.591797	85.921	-178.4605
12995.082031	85.812	-175.6880
13089.250000	85.726	-172.8480
13184.099609	85.667	-169.9568
13279.636719	85.637	-167.0515
13375.867188	85.638	-164.1588
13472.793945	85.670	-161.2787
13570.422852	85.736	-158.4366
13668.759766	85.832	-155.6640
13767.809570	85.962	-152.9679
13867.577148	86.127	-150.3503
13968.067383	86.324	-147.8371
14069.285156	86.556	-145.4637
14171.237305	86.824	-143.2604
14273.927734	87.130	-141.2589
14377.362305	87.474	-139.4830
14481.546875	87.856	-137.9705
14586.486328	88.280	-136.8041
14692.185547	88.746	-136.0164
14798.651367	89.244	-135.7383
14905.888672	89.762	-136.0646
15013.902344	90.286	-137.0643
15122.700195	90.794	-138.8553
15232.285156	91.258	-141.4419
15342.664062	91.646	-144.7971
15453.843750	91.929	-148.8837
15565.829102	92.080	-153.5234
15678.625000	92.080	-158.4482
15792.239258	91.920	-163.3972
15906.675781	91.605	-168.0876
16021.942383	91.151	-172.2259
16138.043945	90.586	-175.6049
16254.986328	89.941	-178.1630
16372.777344	89.250	-179.8943
16491.421875	88.542	179.1976
16610.923828	87.841	179.0649
16731.294922	87.171	179.6066
16852.535156	86.551	-179.2801
16974.656250	85.996	-177.7214
17097.662109	85.512	-175.8586
17221.558594	85.106	-173.8319
17346.353516	84.779	-171.7877
17472.052734	84.525	-169.8597
17598.662109	84.334	-168.1642
17726.189453	84.197	-166.8022
17854.640625	84.104	-165.8506
17984.021484	84.042	-165.3699
18114.341797	84.000	-165.4413
18245.605469	83.979	-166.1514
18377.820312	83.977	-167.7415
18510.994141	83.955	-170.3689
18645.132812	83.859	-174.3484
18780.242188	83.618	-179.8839
18916.332031	83.135	173.1230
19053.408203	82.316	165.2216
19191.476562	81.105	157.3387
19330.546875	79.498	150.5314
19470.623047	77.548	145.6115
19611.714844	75.339	142.9014
19753.830078	72.954	142.3342
19896.974609	70.578	143.5498
