20.000000	101.532	0.5174
20.299999	101.533	0.3003
20.600000	101.534	0.0991
20.900000	101.534	-0.0847
21.200001	101.535	-0.2756
21.400000	101.536	-0.4033
21.799999	101.537	-0.6440
22.000000	101.538	-0.7601
22.400000	101.541	-1.0189
22.700001	101.542	-1.2026
23.000000	101.543	-1.3777
23.299999	101.544	-1.5629
23.600000	101.544	-1.7400
24.000000	101.544	-1.9635
24.299999	101.544	-2.1460
24.700001	101.544	-2.3778
25.000000	101.544	-2.5404
25.400000	101.543	-2.7775
25.799999	101.541	-2.9973
26.200001	101.540	-3.2090
26.500000	101.539	-3.3647
26.900000	101.539	-3.5624
27.200001	101.538	-3.7233
27.600000	101.538	-3.9471
28.000000	101.537	-4.1663
28.500000	101.532	-4.4493
29.000000	101.526	-4.7088
29.500000	101.521	-4.9619
30.000000	101.518	-5.1983
30.400000	101.516	-5.4004
30.700001	101.515	-5.5518
31.100000	101.512	-5.7546
31.500000	101.509	-5.9632
32.000000	101.506	-6.2070
32.500000	101.503	-6.4602
33.000000	101.501	-6.6989
33.500000	101.497	-6.9311
34.000000	101.494	-7.1486
34.500000	101.492	-7.3801
35.000000	101.491	-7.6109
35.500000	101.490	-7.8502
36.000000	101.488	-8.0882
36.500000	101.486	-8.3297
37.000000	101.482	-8.5647
37.500000	101.477	-8.8031
38.200001	101.468	-9.1249
38.700001	101.461	-9.3552
39.500000	101.452	-9.7168
40.000000	101.447	-9.9393
40.599998	101.442	-10.2146
41.200001	101.438	-10.4761
41.799999	101.435	-10.7347
42.500000	101.430	-11.0391
43.099998	101.424	-11.2924
43.700001	101.419	-11.5395
44.400002	101.412	-11.8258
45.000000	101.404	-12.0708
45.500000	101.397	-12.2732
46.200001	101.385	-12.5462
46.799999	101.372	-12.7791
47.500000	101.355	-13.0488
48.200001	101.337	-13.2877
48.700001	101.330	-13.4586
49.400002	101.320	-13.7421
50.000000	101.302	-13.9953
50.799999	101.269	-14.1913
51.500000	101.263	-14.2814
52.200001	101.279	-14.4918
53.000000	101.285	-14.8865
53.799999	101.273	-15.2658
54.500000	101.265	-15.5564
55.200001	101.253	-15.8647
56.000000	101.230	-16.1906
57.000000	101.210	-16.5430
58.000000	101.198	-17.0385
59.000000	101.151	-17.6607
60.000000	101.077	-17.9958
60.799999	101.054	-18.0654
61.500000	101.061	-18.2349
62.200001	101.064	-18.5262
63.000000	101.058	-18.8642
64.000000	101.060	-19.2636
65.000000	101.053	-19.6928
66.000000	101.032	-20.0393
67.000000	101.023	-20.3280
68.000000	101.015	-20.7028
69.000000	100.994	-21.1100
70.000000	100.971	-21.4769
71.000000	100.950	-21.8487
72.000000	100.928	-22.2205
73.000000	100.907	-22.5554
74.000000	100.891	-22.8476
75.000000	100.883	-23.1556
76.199997	100.873	-23.6119
77.500000	100.843	-24.0878
78.800003	100.814	-24.4801
80.000000	100.792	-24.8395
81.199997	100.770	-25.2316
82.500000	100.742	-25.6873
83.800003	100.711	-26.0886
85.000000	100.689	-26.4478
86.199997	100.670	-26.8374
87.500000	100.646	-27.3009
88.500000	100.623	-27.6660
90.000000	100.582	-28.1998
91.199997	100.546	-28.5753
92.500000	100.509	-28.9558
93.800003	100.477	-29.3262
95.000000	100.451	-29.6793
96.199997	100.424	-30.0636
97.500000	100.390	-30.4733
98.800003	100.353	-30.8887
100.000000	100.316	-31.2398
101.500000	100.269	-31.6522
103.000000	100.225	-32.0426
104.400002	100.188	-32.4161
106.000000	100.146	-32.8468
107.500000	100.107	-33.2734
109.000000	100.065	-33.6837
110.599998	100.020	-34.1244
112.000000	99.978	-34.4912
113.800003	99.925	-34.9790
115.000000	99.888	-35.2927
117.199997	99.820	-35.8489
118.000000	99.795	-36.0586
120.599998	99.713	-36.6858
122.000000	99.669	-37.0143
124.099998	99.605	-37.4851
125.000000	99.579	-37.6919
126.500000	99.538	-38.0071
128.000000	99.500	-38.3004
131.500000	99.409	-38.9609
132.000000	99.396	-39.0432
134.000000	99.343	-39.3236
136.000000	99.293	-39.5331
138.000000	99.248	-39.6546
140.000000	99.218	-39.6992
143.000000	99.220	-39.7254
145.000000	99.254	-39.8459
147.500000	99.312	-40.2382
150.000000	99.355	-40.8866
152.500000	99.372	-41.6541
155.000000	99.376	-42.4090
157.500000	99.377	-43.1860
160.000000	99.368	-44.0252
162.500000	99.335	-44.9126
165.000000	99.279	-45.7935
167.500000	99.207	-46.6061
170.000000	99.126	-47.3318
172.500000	99.042	-47.9733
175.000000	98.960	-48.5414
177.500000	98.879	-49.0393
180.000000	98.804	-49.4897
182.500000	98.736	-49.8894
185.000000	98.679	-50.2714
187.500000	98.632	-50.6892
190.000000	98.591	-51.1393
192.500000	98.552	-51.6630
195.000000	98.508	-52.2105
197.500000	98.458	-52.7913
200.000000	98.403	-53.3576
203.000000	98.337	-54.0043
206.000000	98.270	-54.6309
209.000000	98.201	-55.2187
212.000000	98.132	-55.7887
214.000000	98.086	-56.1679
218.000000	97.995	-56.8918
220.000000	97.950	-57.2494
224.000000	97.861	-57.9340
227.000000	97.795	-58.4212
230.000000	97.728	-58.9017
233.000000	97.663	-59.3700
236.000000	97.600	-59.8373
240.000000	97.516	-60.4378
243.000000	97.453	-60.8759
247.000000	97.370	-61.4679
250.000000	97.306	-61.8969
254.000000	97.217	-62.4520
258.000000	97.128	-62.9791
262.000000	97.039	-63.5130
265.000000	96.973	-63.8914
269.000000	96.887	-64.3967
272.000000	96.823	-64.7541
276.000000	96.739	-65.2476
280.000000	96.656	-65.7171
285.000000	96.555	-66.2913
290.000000	96.456	-66.8571
295.000000	96.358	-67.4253
300.000000	96.260	-67.9559
304.000000	96.184	-68.3848
307.000000	96.127	-68.6924
311.000000	96.053	-69.0991
315.000000	95.984	-69.4788
320.000000	95.907	-69.9426
325.000000	95.836	-70.4156
330.000000	95.768	-70.8739
335.000000	95.700	-71.3322
340.000000	95.635	-71.7814
345.000000	95.571	-72.2330
350.000000	95.508	-72.6851
355.000000	95.443	-73.1244
360.000000	95.379	-73.5453
365.000000	95.316	-73.9691
370.000000	95.253	-74.3616
375.000000	95.192	-74.7366
382.000000	95.107	-75.2705
387.000000	95.048	-75.6369
395.000000	94.956	-76.1911
400.000000	94.900	-76.5209
406.000000	94.834	-76.9223
412.000000	94.770	-77.2924
418.000000	94.706	-77.6624
425.000000	94.635	-78.0854
431.000000	94.576	-78.4101
437.000000	94.518	-78.7559
444.000000	94.452	-79.1254
450.000000	94.398	-79.4429
455.000000	94.354	-79.6850
462.000000	94.294	-80.0198
468.000000	94.244	-80.2978
475.000000	94.189	-80.6059
482.000000	94.134	-80.9192
487.000000	94.096	-81.1108
494.000000	94.045	-81.3924
500.000000	94.004	-81.6253
508.000000	93.954	-81.9107
515.000000	93.913	-82.1610
522.000000	93.875	-82.4135
530.000000	93.834	-82.6550
538.000000	93.795	-82.9023
545.000000	93.762	-83.1134
552.000000	93.731	-83.2761
560.000000	93.697	-83.4903
570.000000	93.658	-83.7371
580.000000	93.623	-83.9528
590.000000	93.592	-84.1520
600.000000	93.563	-84.3383
608.000000	93.543	-84.4551
615.000000	93.527	-84.5736
622.000000	93.513	-84.6747
630.000000	93.501	-84.7914
640.000000	93.494	-84.9102
650.000000	93.493	-85.0054
660.000000	93.495	-85.0953
670.000000	93.501	-85.1700
680.000000	93.510	-85.2248
690.000000	93.521	-85.2743
700.000000	93.535	-85.3127
710.000000	93.553	-85.3284
720.000000	93.573	-85.3326
730.000000	93.597	-85.3108
740.000000	93.623	-85.2884
750.000000	93.653	-85.2734
762.000000	93.694	-85.2147
775.000000	93.743	-85.1395
788.000000	93.796	-85.0410
800.000000	93.847	-84.9587
812.000000	93.897	-84.8630
825.000000	93.953	-84.7221
838.000000	94.015	-84.5870
850.000000	94.077	-84.4622
862.000000	94.146	-84.3249
875.000000	94.227	-84.1823
885.000000	94.295	-84.0736
900.000000	94.402	-83.8913
912.000000	94.495	-83.7704
925.000000	94.601	-83.6587
938.000000	94.715	-83.5445
950.000000	94.825	-83.4516
962.000000	94.940	-83.3913
975.000000	95.070	-83.3393
988.000000	95.201	-83.3277
1000.000000	95.317	-83.3340
1015.000000	95.450	-83.3830
1030.000000	95.578	-83.4781
1044.000000	95.701	-83.6064
1060.000000	95.844	-83.8236
1075.000000	95.982	-84.0764
1090.000000	96.121	-84.3640
1106.000000	96.271	-84.7316
1120.000000	96.402	-85.1014
1138.000000	96.571	-85.6351
1150.000000	96.683	-86.0238
1172.000000	96.886	-86.8097
1180.000000	96.959	-87.1336
1206.000000	97.191	-88.1843
1220.000000	97.313	-88.8025
1241.000000	97.497	-89.7769
1250.000000	97.579	-90.1977
1265.000000	97.722	-90.9239
1280.000000	97.869	-91.6750
1315.000000	98.203	-93.5037
1320.000000	98.249	-93.7682
1340.000000	98.431	-94.8570
1360.000000	98.606	-95.9733
1380.000000	98.775	-97.1027
1400.000000	98.938	-98.2594
1430.000000	99.173	-100.0091
1450.000000	99.321	-101.2069
1475.000000	99.499	-102.7362
1500.000000	99.668	-104.2712
1525.000000	99.826	-105.8149
1550.000000	99.976	-107.3830
1575.000000	100.116	-108.9739
1600.000000	100.249	-110.5496
1625.000000	100.375	-112.1360
1650.000000	100.492	-113.7531
1675.000000	100.598	-115.3488
1700.000000	100.693	-116.9564
1725.000000	100.774	-118.5142
1750.000000	100.842	-120.0506
1775.000000	100.899	-121.5163
1800.000000	100.947	-122.8860
1825.000000	100.998	-124.1306
1850.000000	101.064	-125.3047
1875.000000	101.153	-126.5345
1900.000000	101.250	-127.9450
1925.000000	101.329	-129.5746
1950.000000	101.374	-131.2789
1975.000000	101.385	-132.9465
2000.000000	101.373	-134.5166
2030.000000	101.339	-136.1936
2060.000000	101.294	-137.6620
2090.000000	101.250	-138.9252
2120.000000	101.225	-140.0045
2140.000000	101.228	-140.6446
2180.000000	101.278	-142.1726
2200.000000	101.307	-143.1062
2240.000000	101.322	-145.2330
2270.000000	101.289	-146.8362
2300.000000	101.227	-148.3461
2330.000000	101.149	-149.7009
2360.000000	101.061	-150.9287
2400.000000	100.935	-152.3924
2430.000000	100.836	-153.3759
2470.000000	100.703	-154.5108
2500.000000	100.603	-155.2156
2540.000000	100.476	-156.0361
2580.000000	100.354	-156.7257
2620.000000	100.240	-157.2642
2650.000000	100.164	-157.5191
2690.000000	100.092	-157.7371
2720.000000	100.066	-157.8761
2760.000000	100.062	-158.2499
2800.000000	100.057	-158.8456
2850.000000	100.003	-159.7166
2900.000000	99.929	-160.2586
2950.000000	99.892	-160.6710
3000.000000	99.859	-161.1707
3040.000000	99.817	-161.7428
3070.000000	99.782	-162.0131
3110.000000	99.737	-162.3261
3150.000000	99.699	-162.5421
3200.000000	99.672	-162.6960
3250.000000	99.668	-162.8026
3300.000000	99.683	-162.9037
3350.000000	99.706	-163.0628
3400.000000	99.727	-163.2591
3450.000000	99.746	-163.3554
3500.000000	99.769	-163.3587
3550.000000	99.807	-163.2633
3600.000000	99.874	-163.0387
3650.000000	99.980	-162.8051
3700.000000	100.133	-162.6485
3750.000000	100.335	-162.7110
3820.000000	100.660	-163.5891
3870.000000	100.873	-164.8174
3950.000000	101.098	-167.4860
4000.000000	101.146	-169.3266
4060.000000	101.109	-171.4605
4120.000000	100.996	-173.3123
4180.000000	100.836	-174.8737
4250.000000	100.623	-176.2518
4310.000000	100.435	-177.0530
4370.000000	100.252	-177.6128
4440.000000	100.058	-177.9470
4500.000000	99.917	-178.0274
4550.000000	99.821	-177.9803
4620.000000	99.724	-177.8526
4680.000000	99.675	-177.7624
4750.000000	99.650	-177.7466
4820.000000	99.648	-177.9889
4870.000000	99.649	-178.3059
4940.000000	99.638	-179.0135
5000.000000	99.604	-179.8081
5080.000000	99.509	179.0061
5150.000000	99.372	178.0629
5220.000000	99.190	177.2820
5300.000000	98.942	176.7714
5380.000000	98.673	176.7722
5450.000000	98.441	177.1588
5520.000000	98.228	177.9137
5600.000000	98.021	179.1686
5700.000000	97.835	-178.8123
5800.000000	97.745	-176.4389
5900.000000	97.762	-173.9033
6000.000000	97.895	-171.6649
6080.000000	98.088	-169.2956
6150.000000	98.319	-167.7563
6220.000000	98.605	-166.4560
6300.000000	98.988	-165.3770
6400.000000	99.522	-164.8980
6500.000000	100.074	-165.4998
6600.000000	100.579	-167.2984
6700.000000	100.966	-170.0387
6800.000000	101.186	-173.2501
6900.000000	101.242	-176.3292
7000.000000	101.184	-178.8410
7100.000000	101.090	179.4509
7200.000000	101.030	178.3835
7300.000000	101.048	177.6797
7400.000000	101.166	177.0173
7500.000000	101.378	175.9807
7620.000000	101.718	173.8400
7750.000000	102.110	170.0198
7880.000000	102.398	164.3842
8000.000000	102.438	157.8756
8120.000000	102.162	150.7998
8250.000000	101.485	143.7150
8380.000000	100.496	138.3296
8500.000000	99.441	135.3173
8620.000000	98.370	134.1466
8750.000000	97.289	134.5893
8850.000000	96.548	135.8878
9000.000000	95.611	138.8851
9120.000000	95.019	141.9072
9250.000000	94.538	145.5201
9380.000000	94.220	149.2460
9500.000000	94.071	152.6841
9620.000000	94.062	155.9007
9750.000000	94.212	158.9725
9880.000000	94.541	161.2925
10000.000000	94.999	162.3306
10150.000000	95.712	161.2874
10300.000000	96.386	156.7897
10440.000000	96.689	149.5273
10600.000000	96.342	139.5532
10750.000000	95.329	131.3299
10900.000000	93.864	125.9483
11060.000000	92.069	123.9719
11200.000000	90.506	125.2188
11380.000000	88.707	130.0688
11500.000000	87.692	134.7648
11720.000000	86.257	145.2144
11800.000000	85.879	149.3784
12060.000000	85.199	163.3233
12200.000000	85.154	170.3658
12410.000000	85.375	179.3635
12500.000000	85.550	-177.2583
12650.000000	85.953	-172.3582
12800.000000	86.464	-168.7956
13150.000000	87.673	-166.8980
13200.000000	87.794	-167.3653
13400.000000	87.981	-170.5401
13600.000000	87.517	-173.9804
13800.000000	86.484	-173.6154
14000.000000	85.546	-167.3847
14300.000000	85.271	-154.6174
14500.000000	85.717	-146.1228
14750.000000	87.023	-137.9399
15000.000000	88.799	-135.2857
15250.000000	90.601	-138.9933
15500.000000	91.924	-148.8788
15750.000000	92.297	-162.6050
16000.000000	91.531	-175.8659
16250.000000	89.999	175.6677
16500.000000	88.275	173.3672
16750.000000	86.807	176.3809
17000.000000	85.912	-177.3584
17250.000000	85.654	-170.8170
17500.000000	85.792	-166.0888
17750.000000	86.042	-163.1971
18000.000000	86.312	-161.0992
18250.000000	86.638	-159.6823
18500.000000	86.991	-159.2110
18750.000000	87.394	-159.4195
19000.000000	87.781	-161.7370
19250.000000	87.683	-165.4733
19500.000000	87.163	-166.1294
19750.000000	86.870	-162.5617
20000.000000	86.935	-159.2779
