20.000000	102.091	0.7357
20.299999	102.101	0.4477
20.600000	102.105	0.1689
20.900000	102.104	-0.0792
21.200001	102.100	-0.3082
21.400000	102.098	-0.4451
21.799999	102.094	-0.6724
22.000000	102.094	-0.7717
22.400000	102.098	-0.9904
22.700001	102.102	-1.1464
23.000000	102.106	-1.2996
23.299999	102.110	-1.4699
23.600000	102.113	-1.6393
24.000000	102.116	-1.8626
24.299999	102.116	-2.0498
24.700001	102.112	-2.2860
25.000000	102.107	-2.4439
25.400000	102.099	-2.6573
25.799999	102.092	-2.8349
26.200001	102.087	-2.9981
26.500000	102.086	-3.1228
26.900000	102.086	-3.2950
27.200001	102.087	-3.4499
27.600000	102.087	-3.6797
28.000000	102.085	-3.9160
28.500000	102.079	-4.2342
29.000000	102.071	-4.5460
29.500000	102.060	-4.8601
30.000000	102.048	-5.1444
30.400000	102.038	-5.3638
30.700001	102.032	-5.5162
31.100000	102.025	-5.7123
31.500000	102.020	-5.9157
32.000000	102.017	-6.1662
32.500000	102.015	-6.4422
33.000000	102.011	-6.7170
33.500000	102.003	-6.9976
34.000000	101.989	-7.2661
34.500000	101.968	-7.5212
35.000000	101.943	-7.7080
35.500000	101.920	-7.8172
36.000000	101.908	-7.8676
36.500000	101.908	-7.9296
37.000000	101.914	-8.0500
37.500000	101.914	-8.2424
38.200001	101.895	-8.5106
38.700001	101.874	-8.6260
39.500000	101.850	-8.6414
40.000000	101.849	-8.5892
40.599998	101.866	-8.5152
41.200001	101.906	-8.4501
41.799999	101.969	-8.5029
42.500000	102.052	-8.8415
43.099998	102.105	-9.3274
43.700001	102.133	-9.8739
44.400002	102.144	-10.4890
45.000000	102.141	-10.9804
45.500000	102.131	-11.3526
46.200001	102.116	-11.7969
46.799999	102.109	-12.1595
47.500000	102.097	-12.6391
48.200001	102.072	-13.1144
48.700001	102.051	-13.4093
49.400002	102.023	-13.7925
50.000000	101.990	-14.1156
50.799999	101.926	-14.3910
51.500000	101.877	-14.4121
52.200001	101.860	-14.3526
53.000000	101.867	-14.3472
53.799999	101.891	-14.4628
54.500000	101.920	-14.6964
55.200001	101.940	-15.0762
56.000000	101.942	-15.6017
57.000000	101.918	-16.2424
58.000000	101.882	-16.7995
59.000000	101.846	-17.3203
60.000000	101.806	-17.8202
60.799999	101.778	-18.1609
61.500000	101.758	-18.4487
62.200001	101.738	-18.7413
63.000000	101.714	-19.0683
64.000000	101.689	-19.4445
65.000000	101.669	-19.7775
66.000000	101.651	-20.1328
67.000000	101.632	-20.5110
68.000000	101.612	-20.8863
69.000000	101.589	-21.2559
70.000000	101.571	-21.6060
71.000000	101.553	-21.9764
72.000000	101.532	-22.3500
73.000000	101.509	-22.6878
74.000000	101.489	-23.0283
75.000000	101.466	-23.3998
76.199997	101.436	-23.8176
77.500000	101.409	-24.2516
78.800003	101.381	-24.7261
80.000000	101.351	-25.1380
81.199997	101.316	-25.5399
82.500000	101.273	-25.9358
83.800003	101.233	-26.2658
85.000000	101.201	-26.5831
86.199997	101.171	-26.9048
87.500000	101.141	-27.2566
88.500000	101.119	-27.5474
90.000000	101.082	-27.9901
91.199997	101.050	-28.2987
92.500000	101.016	-28.6314
93.800003	100.984	-28.9667
95.000000	100.955	-29.2740
96.199997	100.930	-29.5879
97.500000	100.908	-29.9320
98.800003	100.886	-30.3282
100.000000	100.864	-30.7004
101.500000	100.829	-31.1766
103.000000	100.788	-31.6442
104.400002	100.745	-32.0726
106.000000	100.692	-32.5288
107.500000	100.640	-32.9411
109.000000	100.587	-33.3150
110.599998	100.530	-33.6855
112.000000	100.480	-33.9687
113.800003	100.419	-34.3088
115.000000	100.381	-34.5030
117.199997	100.320	-34.8048
118.000000	100.302	-34.9116
120.599998	100.257	-35.2057
122.000000	100.244	-35.3899
124.099998	100.238	-35.7046
125.000000	100.243	-35.8758
126.500000	100.259	-36.1927
128.000000	100.281	-36.5898
131.500000	100.305	-37.8935
132.000000	100.303	-38.0978
134.000000	100.280	-38.8969
136.000000	100.243	-39.6438
138.000000	100.200	-40.3279
140.000000	100.152	-40.9626
143.000000	100.078	-41.8174
145.000000	100.030	-42.3397
147.500000	99.972	-42.9672
150.000000	99.915	-43.5927
152.500000	99.853	-44.2353
155.000000	99.786	-44.8374
157.500000	99.715	-45.3999
160.000000	99.637	-45.8910
162.500000	99.553	-46.2904
165.000000	99.473	-46.5865
167.500000	99.413	-46.7915
170.000000	99.384	-47.0274
172.500000	99.376	-47.4482
175.000000	99.363	-48.1012
177.500000	99.324	-48.8768
180.000000	99.261	-49.6429
182.500000	99.184	-50.3138
185.000000	99.103	-50.9000
187.500000	99.022	-51.4416
190.000000	98.944	-51.9322
192.500000	98.869	-52.4159
195.000000	98.795	-52.8697
197.500000	98.721	-53.3270
200.000000	98.650	-53.7525
203.000000	98.567	-54.2201
206.000000	98.489	-54.6589
209.000000	98.415	-55.0538
212.000000	98.348	-55.4254
214.000000	98.309	-55.6797
218.000000	98.242	-56.2070
220.000000	98.212	-56.5041
224.000000	98.153	-57.1679
227.000000	98.104	-57.7082
230.000000	98.049	-58.2729
233.000000	97.988	-58.8365
236.000000	97.922	-59.3910
240.000000	97.830	-60.0846
243.000000	97.760	-60.5800
247.000000	97.666	-61.2166
250.000000	97.594	-61.6599
254.000000	97.495	-62.2441
258.000000	97.393	-62.7980
262.000000	97.294	-63.3483
265.000000	97.220	-63.7433
269.000000	97.122	-64.2789
272.000000	97.049	-64.6529
276.000000	96.951	-65.1562
280.000000	96.855	-65.6393
285.000000	96.738	-66.2273
290.000000	96.621	-66.7893
295.000000	96.507	-67.3491
300.000000	96.395	-67.8736
304.000000	96.308	-68.3083
307.000000	96.243	-68.6208
311.000000	96.158	-69.0367
315.000000	96.075	-69.4341
320.000000	95.979	-69.9172
325.000000	95.889	-70.3978
330.000000	95.803	-70.8536
335.000000	95.718	-71.3137
340.000000	95.635	-71.7745
345.000000	95.552	-72.2242
350.000000	95.468	-72.6668
355.000000	95.385	-73.0890
360.000000	95.303	-73.4880
365.000000	95.222	-73.8931
370.000000	95.141	-74.2753
375.000000	95.062	-74.6456
382.000000	94.954	-75.1768
387.000000	94.878	-75.5343
395.000000	94.758	-76.0782
400.000000	94.684	-76.4070
406.000000	94.596	-76.8103
412.000000	94.509	-77.1834
418.000000	94.424	-77.5486
425.000000	94.326	-77.9658
431.000000	94.244	-78.2890
437.000000	94.164	-78.6312
444.000000	94.072	-79.0006
450.000000	93.994	-79.3181
455.000000	93.930	-79.5618
462.000000	93.842	-79.9000
468.000000	93.768	-80.1759
475.000000	93.684	-80.4772
482.000000	93.601	-80.7877
487.000000	93.542	-80.9795
494.000000	93.461	-81.2609
500.000000	93.396	-81.4948
508.000000	93.313	-81.7803
515.000000	93.243	-82.0190
522.000000	93.173	-82.2574
530.000000	93.096	-82.4923
538.000000	93.021	-82.7305
545.000000	92.957	-82.9321
552.000000	92.895	-83.0868
560.000000	92.827	-83.2909
570.000000	92.744	-83.5237
580.000000	92.663	-83.7256
590.000000	92.584	-83.8997
600.000000	92.508	-84.0574
608.000000	92.450	-84.1555
615.000000	92.401	-84.2517
622.000000	92.354	-84.3236
630.000000	92.304	-84.4056
640.000000	92.249	-84.4779
650.000000	92.200	-84.5238
660.000000	92.154	-84.5640
670.000000	92.110	-84.5799
680.000000	92.070	-84.5644
690.000000	92.033	-84.5360
700.000000	91.999	-84.4944
710.000000	91.967	-84.4225
720.000000	91.939	-84.3393
730.000000	91.915	-84.2280
740.000000	91.893	-84.1023
750.000000	91.875	-83.9755
762.000000	91.858	-83.7733
775.000000	91.846	-83.5276
788.000000	91.839	-83.2565
800.000000	91.836	-82.9942
812.000000	91.832	-82.7120
825.000000	91.833	-82.3738
838.000000	91.840	-82.0283
850.000000	91.855	-81.6931
862.000000	91.876	-81.3443
875.000000	91.908	-80.9577
885.000000	91.937	-80.6584
900.000000	91.990	-80.1881
912.000000	92.040	-79.8327
925.000000	92.102	-79.4687
938.000000	92.173	-79.0963
950.000000	92.245	-78.7558
962.000000	92.323	-78.4493
975.000000	92.414	-78.1313
988.000000	92.508	-77.8459
1000.000000	92.591	-77.5941
1015.000000	92.685	-77.3131
1030.000000	92.774	-77.0806
1044.000000	92.862	-76.9046
1060.000000	92.967	-76.7644
1075.000000	93.070	-76.6722
1090.000000	93.178	-76.6120
1106.000000	93.295	-76.6052
1120.000000	93.400	-76.6430
1138.000000	93.537	-76.7420
1150.000000	93.629	-76.8377
1172.000000	93.799	-77.0881
1180.000000	93.860	-77.2147
1206.000000	94.059	-77.6145
1220.000000	94.166	-77.8798
1241.000000	94.329	-78.3190
1250.000000	94.404	-78.5082
1265.000000	94.537	-78.8464
1280.000000	94.676	-79.2073
1315.000000	94.998	-80.1160
1320.000000	95.044	-80.2486
1340.000000	95.225	-80.8116
1360.000000	95.403	-81.3990
1380.000000	95.580	-81.9954
1400.000000	95.754	-82.6224
1430.000000	96.013	-83.5880
1450.000000	96.183	-84.2638
1475.000000	96.394	-85.1362
1500.000000	96.602	-86.0315
1525.000000	96.808	-86.9527
1550.000000	97.010	-87.9137
1575.000000	97.210	-88.9135
1600.000000	97.410	-89.9244
1625.000000	97.610	-90.9758
1650.000000	97.808	-92.0894
1675.000000	98.002	-93.2164
1700.000000	98.191	-94.4022
1725.000000	98.373	-95.5948
1750.000000	98.550	-96.8360
1775.000000	98.719	-98.1038
1800.000000	98.881	-99.4023
1825.000000	99.035	-100.7202
1850.000000	99.179	-102.0664
1875.000000	99.315	-103.4295
1900.000000	99.443	-104.7769
1925.000000	99.565	-106.1293
1950.000000	99.684	-107.4706
1975.000000	99.800	-108.8379
2000.000000	99.913	-110.2668
2030.000000	100.037	-112.0354
2060.000000	100.140	-113.8653
2090.000000	100.218	-115.7166
2120.000000	100.274	-117.5460
2140.000000	100.299	-118.7017
2180.000000	100.329	-120.9813
2200.000000	100.333	-122.0639
2240.000000	100.323	-124.1279
2270.000000	100.299	-125.5597
2300.000000	100.262	-126.9028
2330.000000	100.214	-128.0956
2360.000000	100.158	-129.1210
2400.000000	100.086	-130.1688
2430.000000	100.053	-130.6977
2470.000000	100.078	-131.1811
2500.000000	100.159	-131.6431
2540.000000	100.300	-132.8634
2580.000000	100.390	-134.6815
2620.000000	100.394	-136.6108
2650.000000	100.355	-137.8930
2690.000000	100.276	-139.3660
2720.000000	100.209	-140.2931
2760.000000	100.114	-141.3695
2800.000000	100.014	-142.1659
2850.000000	99.909	-142.7536
2900.000000	99.886	-143.1494
2950.000000	99.894	-143.8890
3000.000000	99.872	-144.6750
3040.000000	99.839	-145.3916
3070.000000	99.812	-145.7535
3110.000000	99.778	-146.1705
3150.000000	99.754	-146.4679
3200.000000	99.747	-146.6848
3250.000000	99.769	-146.7964
3300.000000	99.822	-146.8318
3350.000000	99.904	-146.8766
3400.000000	100.014	-146.9779
3450.000000	100.152	-147.0825
3500.000000	100.324	-147.2985
3550.000000	100.537	-147.7535
3600.000000	100.778	-148.5688
3650.000000	101.013	-149.9345
3700.000000	101.200	-151.7557
3750.000000	101.319	-153.7476
3820.000000	101.392	-156.6262
3870.000000	101.378	-158.6434
3950.000000	101.250	-161.4968
4000.000000	101.120	-162.9401
4060.000000	100.927	-164.3084
4120.000000	100.723	-165.2765
4180.000000	100.526	-165.9775
4250.000000	100.315	-166.4619
4310.000000	100.157	-166.5972
4370.000000	100.029	-166.5728
4440.000000	99.927	-166.3491
4500.000000	99.888	-166.1047
4550.000000	99.890	-165.9239
4620.000000	99.940	-165.8569
4680.000000	100.016	-166.0712
4750.000000	100.119	-166.6931
4820.000000	100.210	-167.7980
4870.000000	100.253	-168.7951
4940.000000	100.266	-170.4567
5000.000000	100.225	-172.0217
5080.000000	100.092	-174.1108
5150.000000	99.908	-175.7102
5220.000000	99.670	-177.0363
5300.000000	99.356	-178.0562
5380.000000	99.022	-178.4713
5450.000000	98.736	-178.3942
5520.000000	98.472	-177.9097
5600.000000	98.210	-176.9178
5700.000000	97.962	-175.1852
5800.000000	97.818	-173.0773
5900.000000	97.790	-170.8076
6000.000000	97.887	-168.8714
6080.000000	98.057	-166.8002
6150.000000	98.270	-165.5927
6220.000000	98.536	-164.7195
6300.000000	98.885	-164.2629
6400.000000	99.340	-164.7421
6500.000000	99.745	-166.3922
6600.000000	100.022	-169.0633
6700.000000	100.114	-172.1487
6800.000000	100.025	-174.9529
6900.000000	99.817	-176.9242
7000.000000	99.583	-177.9157
7100.000000	99.403	-178.0102
7200.000000	99.334	-177.5929
7300.000000	99.399	-177.1036
7400.000000	99.590	-176.9318
7500.000000	99.875	-177.4565
7620.000000	100.275	-179.2780
7750.000000	100.681	177.1433
7880.000000	100.938	172.0536
8000.000000	100.987	166.6162
8120.000000	100.869	160.7338
8250.000000	100.516	153.8048
8380.000000	99.791	146.8649
8500.000000	98.770	141.8294
8620.000000	97.554	139.1285
8750.000000	96.235	138.8462
8850.000000	95.315	140.1035
9000.000000	94.154	143.4709
9120.000000	93.412	146.9542
9250.000000	92.781	151.1583
9380.000000	92.315	155.5981
9500.000000	92.028	159.8514
9620.000000	91.878	164.0749
9750.000000	91.874	168.4812
9880.000000	92.038	172.4670
10000.000000	92.331	175.5212
10150.000000	92.850	178.1890
10300.000000	93.533	179.3779
10440.000000	94.300	178.3466
10600.000000	95.114	173.5874
10750.000000	95.490	165.8227
10900.000000	95.228	156.6757
11060.000000	94.217	148.2828
11200.000000	92.917	143.8336
11380.000000	91.078	142.7564
11500.000000	89.929	144.4900
11720.000000	88.190	150.9077
11800.000000	87.691	153.8864
12060.000000	86.564	164.9723
12200.000000	86.260	171.3151
12410.000000	86.187	-179.5625
12500.000000	86.293	-175.9767
12650.000000	86.630	-170.7636
12800.000000	87.125	-166.9176
13150.000000	88.449	-164.6881
13200.000000	88.603	-165.1424
13400.000000	88.989	-168.4163
13600.000000	88.860	-172.8978
13800.000000	88.146	-176.0389
14000.000000	87.065	-174.8752
14300.000000	86.099	-164.0124
14500.000000	86.316	-155.9637
14750.000000	87.287	-147.6630
15000.000000	89.048	-142.6802
15250.000000	91.401	-144.5289
15500.000000	93.752	-155.9132
15750.000000	95.099	-177.1669
16000.000000	94.342	157.4254
16250.000000	91.433	139.5990
16500.000000	87.776	136.3403
16750.000000	85.010	143.0038
17000.000000	83.429	151.9075
17250.000000	82.593	160.6144
17500.000000	82.234	168.7223
17750.000000	82.311	175.9497
18000.000000	82.730	-178.9915
18250.000000	83.268	-176.6516
18500.000000	83.737	-176.7856
18750.000000	83.944	-178.3771
19000.000000	83.964	-179.0103
19250.000000	84.268	-179.2577
19500.000000	84.602	176.5769
19750.000000	84.293	170.5432
20000.000000	83.769	167.6176
