20.000000	101.588	0.5150
20.299999	101.591	0.2780
20.600000	101.590	0.0442
20.900000	101.585	-0.1671
21.200001	101.579	-0.3691
21.400000	101.576	-0.4953
21.799999	101.573	-0.7266
22.000000	101.574	-0.8440
22.400000	101.578	-1.1310
22.700001	101.579	-1.3546
23.000000	101.575	-1.5699
23.299999	101.568	-1.7781
23.600000	101.562	-1.9504
24.000000	101.557	-2.1301
24.299999	101.559	-2.2716
24.700001	101.568	-2.4708
25.000000	101.576	-2.6365
25.400000	101.582	-2.9048
25.799999	101.583	-3.1575
26.200001	101.580	-3.3782
26.500000	101.579	-3.5233
26.900000	101.580	-3.6973
27.200001	101.582	-3.8441
27.600000	101.585	-4.0610
28.000000	101.584	-4.2820
28.500000	101.579	-4.5641
29.000000	101.570	-4.8134
29.500000	101.563	-5.0555
30.000000	101.557	-5.2857
30.400000	101.553	-5.4836
30.700001	101.549	-5.6305
31.100000	101.545	-5.8265
31.500000	101.540	-6.0301
32.000000	101.536	-6.2720
32.500000	101.533	-6.5258
33.000000	101.530	-6.7669
33.500000	101.529	-7.0092
34.000000	101.527	-7.2478
34.500000	101.524	-7.5030
35.000000	101.520	-7.7458
35.500000	101.517	-7.9795
36.000000	101.515	-8.2010
36.500000	101.514	-8.4244
37.000000	101.512	-8.6442
37.500000	101.510	-8.8713
38.200001	101.504	-9.1863
38.700001	101.498	-9.4175
39.500000	101.488	-9.7766
40.000000	101.482	-9.9914
40.599998	101.477	-10.2580
41.200001	101.472	-10.5178
41.799999	101.467	-10.7798
42.500000	101.460	-11.0877
43.099998	101.454	-11.3429
43.700001	101.448	-11.5937
44.400002	101.442	-11.8856
45.000000	101.437	-12.1336
45.500000	101.432	-12.3395
46.200001	101.425	-12.6218
46.799999	101.417	-12.8602
47.500000	101.406	-13.1330
48.200001	101.393	-13.3874
48.700001	101.385	-13.5642
49.400002	101.372	-13.8092
50.000000	101.359	-14.0153
50.799999	101.337	-14.2802
51.500000	101.315	-14.5297
52.200001	101.288	-14.7694
53.000000	101.255	-14.9502
53.799999	101.241	-15.0732
54.500000	101.247	-15.2304
55.200001	101.254	-15.4680
56.000000	101.260	-15.7819
57.000000	101.271	-16.2431
58.000000	101.269	-16.7675
59.000000	101.255	-17.2895
60.000000	101.223	-17.8342
60.799999	101.182	-18.1458
61.500000	101.152	-18.2978
62.200001	101.138	-18.4409
63.000000	101.132	-18.7029
64.000000	101.119	-19.1087
65.000000	101.106	-19.4600
66.000000	101.097	-19.8877
67.000000	101.076	-20.3458
68.000000	101.052	-20.7292
69.000000	101.031	-21.1109
70.000000	101.010	-21.4744
71.000000	100.991	-21.8312
72.000000	100.972	-22.1721
73.000000	100.960	-22.4988
74.000000	100.950	-22.8564
75.000000	100.938	-23.2334
76.199997	100.922	-23.6785
77.500000	100.899	-24.1149
78.800003	100.879	-24.5320
80.000000	100.858	-24.9269
81.199997	100.831	-25.3235
82.500000	100.801	-25.7590
83.800003	100.772	-26.1774
85.000000	100.743	-26.5733
86.199997	100.715	-26.9504
87.500000	100.688	-27.3665
88.500000	100.665	-27.7015
90.000000	100.628	-28.2070
91.199997	100.597	-28.5758
92.500000	100.564	-28.9741
93.800003	100.532	-29.3765
95.000000	100.501	-29.7383
96.199997	100.470	-30.0933
97.500000	100.438	-30.4583
98.800003	100.406	-30.8479
100.000000	100.375	-31.1869
101.500000	100.337	-31.6029
103.000000	100.301	-32.0303
104.400002	100.266	-32.4401
106.000000	100.223	-32.8921
107.500000	100.183	-33.3206
109.000000	100.143	-33.7336
110.599998	100.099	-34.1781
112.000000	100.059	-34.5571
113.800003	100.006	-35.0592
115.000000	99.972	-35.3815
117.199997	99.908	-35.9511
118.000000	99.885	-36.1634
120.599998	99.812	-36.8074
122.000000	99.771	-37.1455
124.099998	99.712	-37.6338
125.000000	99.688	-37.8543
126.500000	99.652	-38.1976
128.000000	99.617	-38.5233
131.500000	99.540	-39.2748
132.000000	99.529	-39.3758
134.000000	99.483	-39.7548
136.000000	99.438	-40.1000
138.000000	99.394	-40.3935
140.000000	99.357	-40.6296
143.000000	99.326	-40.9169
145.000000	99.324	-41.1304
147.500000	99.336	-41.5239
150.000000	99.345	-42.0828
152.500000	99.339	-42.7356
155.000000	99.323	-43.3708
157.500000	99.303	-43.9899
160.000000	99.280	-44.6236
162.500000	99.246	-45.2911
165.000000	99.200	-45.9942
167.500000	99.145	-46.6926
170.000000	99.081	-47.3560
172.500000	99.013	-47.9617
175.000000	98.945	-48.5223
177.500000	98.879	-49.0398
180.000000	98.819	-49.5420
182.500000	98.760	-50.0427
185.000000	98.700	-50.5687
187.500000	98.637	-51.1152
190.000000	98.571	-51.6131
192.500000	98.504	-52.0768
195.000000	98.440	-52.4805
197.500000	98.380	-52.8786
200.000000	98.329	-53.2649
203.000000	98.278	-53.7424
206.000000	98.229	-54.2592
209.000000	98.180	-54.7950
212.000000	98.129	-55.3535
214.000000	98.094	-55.7439
218.000000	98.019	-56.5187
220.000000	97.979	-56.9011
224.000000	97.897	-57.6309
227.000000	97.833	-58.1509
230.000000	97.768	-58.6592
233.000000	97.703	-59.1502
236.000000	97.639	-59.6316
240.000000	97.554	-60.2391
243.000000	97.491	-60.6768
247.000000	97.406	-61.2658
250.000000	97.341	-61.6876
254.000000	97.252	-62.2386
258.000000	97.162	-62.7556
262.000000	97.072	-63.2600
265.000000	97.006	-63.6169
269.000000	96.921	-64.0974
272.000000	96.858	-64.4294
276.000000	96.776	-64.8790
280.000000	96.697	-65.3073
285.000000	96.605	-65.8465
290.000000	96.515	-66.3840
295.000000	96.427	-66.9439
300.000000	96.338	-67.4842
304.000000	96.266	-67.9309
307.000000	96.213	-68.2500
311.000000	96.142	-68.6768
315.000000	96.075	-69.0916
320.000000	95.998	-69.5932
325.000000	95.925	-70.0842
330.000000	95.854	-70.5392
335.000000	95.786	-70.9845
340.000000	95.721	-71.4221
345.000000	95.656	-71.8518
350.000000	95.591	-72.2870
355.000000	95.527	-72.7100
360.000000	95.463	-73.1037
365.000000	95.401	-73.4966
370.000000	95.339	-73.8685
375.000000	95.279	-74.2256
382.000000	95.197	-74.7235
387.000000	95.139	-75.0610
395.000000	95.050	-75.5881
400.000000	94.995	-75.9002
406.000000	94.931	-76.2696
412.000000	94.867	-76.6065
418.000000	94.806	-76.9418
425.000000	94.737	-77.3260
431.000000	94.680	-77.6207
437.000000	94.624	-77.9336
444.000000	94.561	-78.2652
450.000000	94.509	-78.5471
455.000000	94.466	-78.7619
462.000000	94.409	-79.0618
468.000000	94.361	-79.3048
475.000000	94.307	-79.5703
482.000000	94.256	-79.8380
487.000000	94.221	-79.9954
494.000000	94.174	-80.2372
500.000000	94.136	-80.4371
508.000000	94.090	-80.6715
515.000000	94.052	-80.8759
522.000000	94.016	-81.0774
530.000000	93.978	-81.2621
538.000000	93.943	-81.4507
545.000000	93.914	-81.6034
552.000000	93.886	-81.7151
560.000000	93.857	-81.8759
570.000000	93.825	-82.0476
580.000000	93.795	-82.1854
590.000000	93.768	-82.2982
600.000000	93.745	-82.4088
608.000000	93.730	-82.4640
615.000000	93.718	-82.5251
622.000000	93.709	-82.5669
630.000000	93.703	-82.6151
640.000000	93.702	-82.6453
650.000000	93.708	-82.6501
660.000000	93.718	-82.6534
670.000000	93.731	-82.6410
680.000000	93.747	-82.6075
690.000000	93.767	-82.5703
700.000000	93.790	-82.5166
710.000000	93.816	-82.4371
720.000000	93.845	-82.3522
730.000000	93.879	-82.2359
740.000000	93.915	-82.1174
750.000000	93.955	-82.0058
762.000000	94.010	-81.8371
775.000000	94.073	-81.6437
788.000000	94.141	-81.4297
800.000000	94.206	-81.2365
812.000000	94.271	-81.0321
825.000000	94.343	-80.7859
838.000000	94.423	-80.5437
850.000000	94.502	-80.3151
862.000000	94.588	-80.0809
875.000000	94.689	-79.8353
885.000000	94.770	-79.6514
900.000000	94.900	-79.3628
912.000000	95.011	-79.1542
925.000000	95.138	-78.9499
938.000000	95.272	-78.7463
950.000000	95.400	-78.5759
962.000000	95.535	-78.4431
975.000000	95.685	-78.3158
988.000000	95.837	-78.2313
1000.000000	95.972	-78.1703
1015.000000	96.130	-78.1423
1030.000000	96.284	-78.1680
1044.000000	96.428	-78.2331
1060.000000	96.598	-78.3791
1075.000000	96.760	-78.5653
1090.000000	96.924	-78.7951
1106.000000	97.100	-79.1112
1120.000000	97.255	-79.4395
1138.000000	97.454	-79.9193
1150.000000	97.586	-80.2707
1172.000000	97.826	-81.0054
1180.000000	97.912	-81.3154
1206.000000	98.187	-82.3260
1220.000000	98.332	-82.9303
1241.000000	98.551	-83.8928
1250.000000	98.648	-84.3113
1265.000000	98.816	-85.0360
1280.000000	98.986	-85.7889
1315.000000	99.376	-87.6389
1320.000000	99.430	-87.9082
1340.000000	99.641	-89.0243
1360.000000	99.846	-90.1744
1380.000000	100.043	-91.3425
1400.000000	100.233	-92.5448
1430.000000	100.505	-94.3769
1450.000000	100.677	-95.6378
1475.000000	100.882	-97.2440
1500.000000	101.076	-98.8655
1525.000000	101.257	-100.5029
1550.000000	101.427	-102.1690
1575.000000	101.584	-103.8516
1600.000000	101.731	-105.5188
1625.000000	101.867	-107.1899
1650.000000	101.992	-108.8760
1675.000000	102.102	-110.5215
1700.000000	102.197	-112.1504
1725.000000	102.278	-113.6853
1750.000000	102.346	-115.1364
1775.000000	102.410	-116.4377
1800.000000	102.485	-117.5825
1825.000000	102.590	-118.6490
1850.000000	102.729	-119.8717
1875.000000	102.873	-121.4248
1900.000000	102.985	-123.2331
1925.000000	103.049	-125.1342
1950.000000	103.071	-126.9486
1975.000000	103.065	-128.6185
2000.000000	103.041	-130.1317
2030.000000	103.001	-131.6809
2060.000000	102.959	-132.9498
2090.000000	102.939	-133.9604
2120.000000	102.965	-134.8417
2140.000000	103.012	-135.4563
2180.000000	103.137	-137.2202
2200.000000	103.185	-138.3327
2240.000000	103.214	-140.7294
2270.000000	103.184	-142.4340
2300.000000	103.127	-143.9884
2330.000000	103.056	-145.3544
2360.000000	102.980	-146.5675
2400.000000	102.880	-148.0007
2430.000000	102.807	-148.9933
2470.000000	102.709	-150.2146
2500.000000	102.630	-151.0163
2540.000000	102.518	-151.9279
2580.000000	102.409	-152.5915
2620.000000	102.326	-152.9888
2650.000000	102.295	-153.1411
2690.000000	102.307	-153.4065
2720.000000	102.344	-153.7896
2760.000000	102.394	-154.6647
2800.000000	102.406	-155.7181
2850.000000	102.365	-156.9963
2900.000000	102.305	-157.9678
2950.000000	102.256	-158.7713
3000.000000	102.209	-159.4785
3040.000000	102.168	-160.1743
3070.000000	102.136	-160.5391
3110.000000	102.099	-160.9737
3150.000000	102.076	-161.3199
3200.000000	102.074	-161.7053
3250.000000	102.090	-162.1490
3300.000000	102.108	-162.6060
3350.000000	102.125	-163.0413
3400.000000	102.149	-163.4531
3450.000000	102.184	-163.8034
3500.000000	102.226	-164.1923
3550.000000	102.272	-164.6237
3600.000000	102.321	-164.9960
3650.000000	102.380	-165.3393
3700.000000	102.462	-165.6583
3750.000000	102.576	-166.0313
3820.000000	102.775	-167.0147
3870.000000	102.913	-168.1323
3950.000000	103.052	-170.4796
4000.000000	103.066	-172.0865
4060.000000	103.005	-173.9438
4120.000000	102.884	-175.5594
4180.000000	102.729	-176.9574
4250.000000	102.524	-178.2456
4310.000000	102.339	-179.0279
4370.000000	102.155	-179.5910
4440.000000	101.955	-179.9280
4500.000000	101.807	-179.9926
4550.000000	101.705	-179.9133
4620.000000	101.603	-179.7091
4680.000000	101.555	-179.5359
4750.000000	101.543	-179.4381
4820.000000	101.562	-179.6427
4870.000000	101.583	-179.9647
4940.000000	101.603	179.2700
5000.000000	101.596	178.3713
5080.000000	101.535	176.9635
5150.000000	101.423	175.7462
5220.000000	101.256	174.6241
5300.000000	101.011	173.6688
5380.000000	100.730	173.2006
5450.000000	100.474	173.1805
5520.000000	100.225	173.5515
5600.000000	99.965	174.4119
5700.000000	99.697	176.0217
5800.000000	99.512	178.1047
5900.000000	99.427	-179.5256
6000.000000	99.455	-177.3299
6080.000000	99.563	-174.9044
6150.000000	99.722	-173.2473
6220.000000	99.938	-171.7697
6300.000000	100.245	-170.4163
6400.000000	100.696	-169.4886
6500.000000	101.181	-169.5481
6600.000000	101.638	-170.7455
6700.000000	101.999	-172.8590
6800.000000	102.213	-175.4645
6900.000000	102.280	-177.9916
7000.000000	102.245	179.9778
7100.000000	102.181	178.6767
7200.000000	102.153	177.9521
7300.000000	102.202	177.5450
7400.000000	102.348	177.1692
7500.000000	102.588	176.4490
7620.000000	102.971	174.7451
7750.000000	103.437	171.4279
7880.000000	103.839	166.2018
8000.000000	104.014	159.8303
8120.000000	103.880	152.5392
8250.000000	103.325	144.8509
8380.000000	102.409	138.6813
8500.000000	101.380	134.9551
8620.000000	100.310	133.1556
8750.000000	99.210	133.0331
8850.000000	98.449	133.9673
9000.000000	97.479	136.5005
9120.000000	96.861	139.1992
9250.000000	96.348	142.4962
9380.000000	95.999	145.9293
9500.000000	95.819	149.1061
9620.000000	95.777	152.0711
9750.000000	95.887	154.8849
9880.000000	96.171	156.9703
10000.000000	96.585	157.8112
10150.000000	97.241	156.5424
10300.000000	97.857	151.8660
10440.000000	98.110	144.4760
10600.000000	97.708	134.3499
10750.000000	96.639	125.9203
10900.000000	95.101	120.3136
11060.000000	93.210	118.1475
11200.000000	91.549	119.3152
11380.000000	89.606	124.2240
11500.000000	88.491	129.0776
11720.000000	86.879	140.0649
11800.000000	86.439	144.5008
12060.000000	85.586	159.5967
12200.000000	85.469	167.3761
12410.000000	85.618	177.5851
12500.000000	85.780	-178.5135
12650.000000	86.176	-172.8251
12800.000000	86.686	-168.6032
13150.000000	87.863	-165.0973
13200.000000	87.984	-165.2818
13400.000000	88.200	-167.2996
13600.000000	87.808	-169.7079
13800.000000	86.873	-168.4423
14000.000000	86.055	-161.3990
14300.000000	85.999	-147.5873
14500.000000	86.638	-138.8002
14750.000000	88.110	-131.1253
15000.000000	89.918	-128.8142
15250.000000	91.738	-132.1002
15500.000000	93.185	-141.1065
15750.000000	93.819	-154.4148
16000.000000	93.339	-168.4005
16250.000000	91.980	-178.3605
16500.000000	90.306	177.8257
16750.000000	88.820	179.4572
17000.000000	87.838	-175.5490
17250.000000	87.432	-169.7695
17500.000000	87.425	-165.1720
17750.000000	87.577	-162.0528
18000.000000	87.796	-159.7309
18250.000000	88.087	-158.2017
18500.000000	88.417	-157.5786
18750.000000	88.815	-157.7194
19000.000000	89.191	-160.0901
19250.000000	89.072	-163.8900
19500.000000	88.522	-164.4382
19750.000000	88.250	-160.5316
20000.000000	88.379	-157.3389
