20.000000	101.579	0.5262
20.299999	101.575	0.2736
20.600000	101.569	0.0554
20.900000	101.563	-0.1242
21.200001	101.560	-0.2956
21.400000	101.560	-0.4076
21.799999	101.565	-0.6257
22.000000	101.569	-0.7391
22.400000	101.576	-1.0098
22.700001	101.580	-1.2105
23.000000	101.581	-1.4015
23.299999	101.582	-1.5968
23.600000	101.583	-1.7775
24.000000	101.584	-2.0003
24.299999	101.586	-2.1831
24.700001	101.587	-2.4190
25.000000	101.587	-2.5861
25.400000	101.586	-2.8266
25.799999	101.584	-3.0441
26.200001	101.582	-3.2493
26.500000	101.581	-3.3994
26.900000	101.580	-3.5901
27.200001	101.579	-3.7451
27.600000	101.578	-3.9577
28.000000	101.576	-4.1620
28.500000	101.573	-4.4284
29.000000	101.569	-4.6850
29.500000	101.566	-4.9495
30.000000	101.562	-5.1982
30.400000	101.558	-5.4023
30.700001	101.556	-5.5506
31.100000	101.553	-5.7477
31.500000	101.551	-5.9539
32.000000	101.549	-6.2011
32.500000	101.547	-6.4593
33.000000	101.545	-6.7026
33.500000	101.544	-6.9446
34.000000	101.542	-7.1813
34.500000	101.538	-7.4339
35.000000	101.535	-7.6753
35.500000	101.532	-7.9113
36.000000	101.530	-8.1393
36.500000	101.527	-8.3712
37.000000	101.524	-8.5985
37.500000	101.520	-8.8305
38.200001	101.512	-9.1487
38.700001	101.505	-9.3794
39.500000	101.494	-9.7330
40.000000	101.488	-9.9448
40.599998	101.484	-10.2138
41.200001	101.479	-10.4814
41.799999	101.473	-10.7476
42.500000	101.464	-11.0466
43.099998	101.458	-11.2883
43.700001	101.453	-11.5266
44.400002	101.448	-11.7972
45.000000	101.446	-12.0223
45.500000	101.446	-12.2205
46.200001	101.443	-12.5165
46.799999	101.435	-12.7596
47.500000	101.427	-13.0182
48.200001	101.423	-13.3003
48.700001	101.415	-13.5252
49.400002	101.396	-13.7935
50.000000	101.382	-13.9533
50.799999	101.374	-14.1875
51.500000	101.359	-14.4568
52.200001	101.336	-14.6468
53.000000	101.331	-14.7822
53.799999	101.343	-15.0710
54.500000	101.338	-15.4191
55.200001	101.319	-15.7364
56.000000	101.296	-16.0724
57.000000	101.257	-16.5221
58.000000	101.203	-16.8713
59.000000	101.168	-17.1128
60.000000	101.160	-17.4571
60.799999	101.161	-17.8442
61.500000	101.157	-18.2511
62.200001	101.143	-18.6653
63.000000	101.122	-19.0719
64.000000	101.103	-19.4787
65.000000	101.089	-19.8056
66.000000	101.079	-20.1025
67.000000	101.069	-20.4478
68.000000	101.048	-20.7841
69.000000	101.027	-21.1145
70.000000	101.005	-21.4655
71.000000	100.986	-21.8153
72.000000	100.971	-22.1990
73.000000	100.954	-22.5846
74.000000	100.936	-22.9292
75.000000	100.921	-23.2597
76.199997	100.906	-23.6497
77.500000	100.884	-24.1019
78.800003	100.854	-24.5331
80.000000	100.827	-24.9056
81.199997	100.800	-25.2920
82.500000	100.772	-25.7224
83.800003	100.746	-26.1158
85.000000	100.725	-26.4980
86.199997	100.703	-26.8945
87.500000	100.675	-27.3447
88.500000	100.650	-27.6963
90.000000	100.610	-28.2137
91.199997	100.577	-28.5943
92.500000	100.543	-29.0035
93.800003	100.509	-29.4017
95.000000	100.478	-29.7662
96.199997	100.445	-30.1375
97.500000	100.408	-30.5131
98.800003	100.371	-30.8994
100.000000	100.336	-31.2384
101.500000	100.291	-31.6602
103.000000	100.246	-32.0709
104.400002	100.202	-32.4527
106.000000	100.152	-32.8633
107.500000	100.105	-33.2531
109.000000	100.058	-33.6257
110.599998	100.009	-34.0200
112.000000	99.966	-34.3520
113.800003	99.912	-34.7941
115.000000	99.876	-35.0780
117.199997	99.807	-35.5899
118.000000	99.781	-35.7849
120.599998	99.694	-36.3577
122.000000	99.645	-36.6390
124.099998	99.576	-37.0129
125.000000	99.548	-37.1712
126.500000	99.505	-37.3893
128.000000	99.464	-37.5623
131.500000	99.379	-37.8272
132.000000	99.369	-37.8386
134.000000	99.340	-37.8149
136.000000	99.336	-37.7058
138.000000	99.371	-37.5947
140.000000	99.444	-37.6524
143.000000	99.581	-38.3095
145.000000	99.650	-39.1266
147.500000	99.685	-40.3129
150.000000	99.672	-41.4551
152.500000	99.633	-42.4442
155.000000	99.590	-43.2899
157.500000	99.547	-44.1001
160.000000	99.498	-44.8972
162.500000	99.435	-45.6735
165.000000	99.362	-46.4169
167.500000	99.283	-47.1218
170.000000	99.201	-47.7675
172.500000	99.119	-48.3457
175.000000	99.039	-48.8757
177.500000	98.962	-49.3637
180.000000	98.891	-49.8228
182.500000	98.827	-50.2444
185.000000	98.771	-50.6724
187.500000	98.720	-51.1540
190.000000	98.669	-51.6570
192.500000	98.617	-52.1975
195.000000	98.562	-52.7308
197.500000	98.504	-53.2755
200.000000	98.445	-53.7933
203.000000	98.375	-54.3879
206.000000	98.304	-54.9769
209.000000	98.235	-55.5366
212.000000	98.166	-56.0785
214.000000	98.120	-56.4401
218.000000	98.030	-57.1261
220.000000	97.986	-57.4657
224.000000	97.898	-58.1260
227.000000	97.832	-58.6054
230.000000	97.765	-59.0875
233.000000	97.700	-59.5556
236.000000	97.636	-60.0182
240.000000	97.552	-60.6043
243.000000	97.489	-61.0359
247.000000	97.405	-61.6106
250.000000	97.341	-62.0207
254.000000	97.252	-62.5682
258.000000	97.162	-63.0858
262.000000	97.073	-63.6006
265.000000	97.008	-63.9689
269.000000	96.922	-64.4651
272.000000	96.858	-64.8109
276.000000	96.774	-65.2833
280.000000	96.692	-65.7284
285.000000	96.593	-66.2707
290.000000	96.499	-66.7982
295.000000	96.410	-67.3374
300.000000	96.323	-67.8707
304.000000	96.255	-68.3299
307.000000	96.202	-68.6666
311.000000	96.132	-69.1202
315.000000	96.064	-69.5527
320.000000	95.985	-70.0722
325.000000	95.911	-70.5851
330.000000	95.838	-71.0666
335.000000	95.767	-71.5375
340.000000	95.699	-71.9979
345.000000	95.631	-72.4454
350.000000	95.564	-72.8887
355.000000	95.497	-73.3213
360.000000	95.432	-73.7371
365.000000	95.367	-74.1496
370.000000	95.304	-74.5357
375.000000	95.243	-74.9095
382.000000	95.159	-75.4404
387.000000	95.101	-75.8028
395.000000	95.009	-76.3515
400.000000	94.953	-76.6834
406.000000	94.888	-77.0907
412.000000	94.823	-77.4644
418.000000	94.760	-77.8266
425.000000	94.690	-78.2423
431.000000	94.631	-78.5767
437.000000	94.572	-78.9235
444.000000	94.506	-79.2969
450.000000	94.451	-79.6152
455.000000	94.407	-79.8598
462.000000	94.347	-80.1944
468.000000	94.297	-80.4714
475.000000	94.241	-80.7784
482.000000	94.186	-81.0922
487.000000	94.149	-81.2846
494.000000	94.099	-81.5702
500.000000	94.059	-81.8076
508.000000	94.009	-82.0975
515.000000	93.968	-82.3514
522.000000	93.929	-82.6009
530.000000	93.888	-82.8420
538.000000	93.848	-83.0900
545.000000	93.815	-83.2982
552.000000	93.784	-83.4600
560.000000	93.750	-83.6800
570.000000	93.712	-83.9319
580.000000	93.676	-84.1444
590.000000	93.644	-84.3404
600.000000	93.615	-84.5368
608.000000	93.595	-84.6623
615.000000	93.578	-84.7815
622.000000	93.564	-84.8815
630.000000	93.552	-84.9967
640.000000	93.545	-85.1121
650.000000	93.544	-85.2053
660.000000	93.546	-85.3013
670.000000	93.552	-85.3837
680.000000	93.560	-85.4422
690.000000	93.572	-85.4937
700.000000	93.586	-85.5367
710.000000	93.604	-85.5570
720.000000	93.624	-85.5663
730.000000	93.648	-85.5502
740.000000	93.675	-85.5357
750.000000	93.705	-85.5241
762.000000	93.744	-85.4669
775.000000	93.793	-85.3942
788.000000	93.846	-85.2994
800.000000	93.897	-85.2126
812.000000	93.947	-85.1197
825.000000	94.003	-84.9875
838.000000	94.066	-84.8588
850.000000	94.129	-84.7362
862.000000	94.198	-84.5994
875.000000	94.279	-84.4563
885.000000	94.346	-84.3520
900.000000	94.454	-84.1771
912.000000	94.546	-84.0533
925.000000	94.652	-83.9389
938.000000	94.766	-83.8261
950.000000	94.876	-83.7381
962.000000	94.992	-83.6826
975.000000	95.122	-83.6360
988.000000	95.253	-83.6283
1000.000000	95.370	-83.6354
1015.000000	95.504	-83.6804
1030.000000	95.633	-83.7799
1044.000000	95.756	-83.9144
1060.000000	95.900	-84.1338
1075.000000	96.038	-84.3858
1090.000000	96.178	-84.6724
1106.000000	96.328	-85.0437
1120.000000	96.461	-85.4207
1138.000000	96.631	-85.9598
1150.000000	96.743	-86.3490
1172.000000	96.947	-87.1382
1180.000000	97.020	-87.4642
1206.000000	97.252	-88.5168
1220.000000	97.375	-89.1387
1241.000000	97.559	-90.1205
1250.000000	97.642	-90.5443
1265.000000	97.786	-91.2780
1280.000000	97.933	-92.0379
1315.000000	98.268	-93.8858
1320.000000	98.315	-94.1521
1340.000000	98.497	-95.2483
1360.000000	98.673	-96.3707
1380.000000	98.843	-97.5090
1400.000000	99.007	-98.6737
1430.000000	99.241	-100.4358
1450.000000	99.390	-101.6419
1475.000000	99.569	-103.1757
1500.000000	99.739	-104.7188
1525.000000	99.899	-106.2748
1550.000000	100.049	-107.8561
1575.000000	100.189	-109.4522
1600.000000	100.322	-111.0392
1625.000000	100.450	-112.6387
1650.000000	100.568	-114.2676
1675.000000	100.674	-115.8715
1700.000000	100.768	-117.4878
1725.000000	100.849	-119.0537
1750.000000	100.918	-120.5912
1775.000000	100.976	-122.0590
1800.000000	101.025	-123.4329
1825.000000	101.076	-124.6761
1850.000000	101.143	-125.8381
1875.000000	101.236	-127.0425
1900.000000	101.341	-128.4338
1925.000000	101.431	-130.0773
1950.000000	101.487	-131.8277
1975.000000	101.507	-133.5612
2000.000000	101.500	-135.2123
2030.000000	101.471	-137.0079
2060.000000	101.427	-138.6251
2090.000000	101.376	-140.0741
2120.000000	101.325	-141.3456
2140.000000	101.299	-142.0593
2180.000000	101.283	-143.4297
2200.000000	101.295	-144.1562
2240.000000	101.323	-145.9075
2270.000000	101.317	-147.3994
2300.000000	101.277	-148.9061
2330.000000	101.212	-150.2968
2360.000000	101.132	-151.5615
2400.000000	101.011	-153.0663
2430.000000	100.915	-154.0737
2470.000000	100.784	-155.2278
2500.000000	100.688	-155.9370
2540.000000	100.568	-156.7635
2580.000000	100.458	-157.4940
2620.000000	100.353	-158.1385
2650.000000	100.277	-158.5087
2690.000000	100.190	-158.8753
2720.000000	100.145	-159.0693
2760.000000	100.114	-159.4010
2800.000000	100.095	-159.8638
2850.000000	100.045	-160.6040
2900.000000	99.980	-161.1061
2950.000000	99.946	-161.4919
3000.000000	99.919	-161.9695
3040.000000	99.883	-162.5520
3070.000000	99.851	-162.8428
3110.000000	99.804	-163.1859
3150.000000	99.763	-163.4294
3200.000000	99.726	-163.5972
3250.000000	99.709	-163.6600
3300.000000	99.715	-163.6414
3350.000000	99.743	-163.6486
3400.000000	99.779	-163.7344
3450.000000	99.817	-163.7932
3500.000000	99.855	-163.8094
3550.000000	99.903	-163.7389
3600.000000	99.974	-163.5254
3650.000000	100.085	-163.2876
3700.000000	100.246	-163.1245
3750.000000	100.456	-163.1898
3820.000000	100.792	-164.0910
3870.000000	101.010	-165.3411
3950.000000	101.240	-168.0322
4000.000000	101.292	-169.8801
4060.000000	101.260	-172.0229
4120.000000	101.152	-173.8904
4180.000000	100.997	-175.4769
4250.000000	100.787	-176.8882
4310.000000	100.600	-177.7106
4370.000000	100.418	-178.2854
4440.000000	100.225	-178.6357
4500.000000	100.084	-178.7296
4550.000000	99.988	-178.6912
4620.000000	99.889	-178.5687
4680.000000	99.837	-178.4767
4750.000000	99.810	-178.4580
4820.000000	99.806	-178.6984
4870.000000	99.807	-179.0091
4940.000000	99.793	-179.6970
5000.000000	99.755	179.5333
5080.000000	99.655	178.3965
5150.000000	99.514	177.5133
5220.000000	99.327	176.8056
5300.000000	99.074	176.3984
5380.000000	98.802	176.5192
5450.000000	98.569	177.0247
5520.000000	98.356	177.9156
5600.000000	98.152	179.3459
5700.000000	97.976	-178.3974
5800.000000	97.903	-175.7695
5900.000000	97.944	-172.9678
6000.000000	98.110	-170.4683
6080.000000	98.337	-167.9040
6150.000000	98.604	-166.2128
6220.000000	98.930	-164.7899
6300.000000	99.363	-163.6160
6400.000000	99.962	-163.0975
6500.000000	100.579	-163.7632
6600.000000	101.140	-165.7104
6700.000000	101.571	-168.6439
6800.000000	101.827	-172.0751
6900.000000	101.908	-175.3939
7000.000000	101.865	-178.1555
7100.000000	101.775	179.8976
7200.000000	101.707	178.6357
7300.000000	101.709	177.8152
7400.000000	101.805	177.1420
7500.000000	101.997	176.2269
7620.000000	102.330	174.4017
7750.000000	102.753	171.0630
7880.000000	103.128	165.8830
8000.000000	103.295	159.5551
8120.000000	103.164	152.2711
8250.000000	102.617	144.5063
8380.000000	101.702	138.1680
8500.000000	100.660	134.2572
8620.000000	99.563	132.3113
8750.000000	98.428	132.1052
8850.000000	97.637	133.0303
9000.000000	96.624	135.6250
9120.000000	95.972	138.4259
9250.000000	95.428	141.8745
9380.000000	95.050	145.4974
9500.000000	94.847	148.8878
9620.000000	94.785	152.0964
9750.000000	94.879	155.2037
9880.000000	95.150	157.6101
10000.000000	95.557	158.7822
10150.000000	96.211	157.9777
10300.000000	96.838	153.7869
10440.000000	97.112	146.8249
10600.000000	96.742	137.1516
10750.000000	95.705	129.1509
10900.000000	94.205	124.0102
11060.000000	92.362	122.4021
11200.000000	90.757	124.1045
11380.000000	88.917	129.7190
11500.000000	87.891	135.0174
11720.000000	86.483	146.6416
11800.000000	86.131	151.2118
12060.000000	85.575	166.2122
12200.000000	85.601	173.6347
12410.000000	85.924	-176.8159
12500.000000	86.152	-173.2140
12650.000000	86.647	-168.0663
12800.000000	87.242	-164.4040
13150.000000	88.581	-162.2643
13200.000000	88.719	-162.6557
13400.000000	88.983	-165.4179
13600.000000	88.642	-168.3244
13800.000000	87.817	-167.6460
14000.000000	87.125	-162.0075
14300.000000	87.053	-151.0719
14500.000000	87.523	-143.9534
14750.000000	88.701	-137.1318
15000.000000	90.276	-134.6081
15250.000000	91.951	-137.2449
15500.000000	93.343	-145.4034
15750.000000	94.020	-157.9940
16000.000000	93.635	-171.8177
16250.000000	92.349	177.8586
16500.000000	90.683	173.5050
16750.000000	89.154	174.7597
17000.000000	88.118	179.6443
17250.000000	87.670	-174.5877
17500.000000	87.629	-169.9390
17750.000000	87.761	-166.6969
18000.000000	87.972	-164.2031
18250.000000	88.275	-162.4678
18500.000000	88.637	-161.7978
18750.000000	89.058	-162.1398
19000.000000	89.418	-164.6933
19250.000000	89.284	-168.4712
19500.000000	88.739	-169.0398
19750.000000	88.463	-165.2988
20000.000000	88.579	-162.2038
