20.000000	102.097	0.8257
20.299999	102.096	0.5994
20.600000	102.097	0.3981
20.900000	102.100	0.2114
21.200001	102.105	0.0081
21.400000	102.108	-0.1326
21.799999	102.111	-0.4015
22.000000	102.112	-0.5283
22.400000	102.113	-0.7949
22.700001	102.114	-0.9736
23.000000	102.115	-1.1390
23.299999	102.116	-1.3139
23.600000	102.116	-1.4823
24.000000	102.116	-1.6963
24.299999	102.116	-1.8718
24.700001	102.113	-2.0927
25.000000	102.111	-2.2463
25.400000	102.108	-2.4716
25.799999	102.104	-2.6817
26.200001	102.100	-2.8874
26.500000	102.098	-3.0421
26.900000	102.094	-3.2430
27.200001	102.092	-3.4089
27.600000	102.089	-3.6404
28.000000	102.086	-3.8677
28.500000	102.082	-4.1666
29.000000	102.079	-4.4605
29.500000	102.075	-4.7688
30.000000	102.070	-5.0633
30.400000	102.064	-5.2966
30.700001	102.059	-5.4570
31.100000	102.054	-5.6546
31.500000	102.052	-5.8478
32.000000	102.052	-6.0777
32.500000	102.055	-6.3368
33.000000	102.055	-6.5980
33.500000	102.051	-6.8514
34.000000	102.044	-7.0729
34.500000	102.038	-7.2920
35.000000	102.036	-7.5099
35.500000	102.032	-7.7460
36.000000	102.025	-7.9788
36.500000	102.013	-8.1884
37.000000	102.002	-8.3555
37.500000	101.996	-8.5088
38.200001	101.991	-8.7301
38.700001	101.988	-8.9028
39.500000	101.983	-9.1471
40.000000	101.985	-9.2792
40.599998	101.996	-9.4676
41.200001	102.011	-9.6978
41.799999	102.024	-9.9763
42.500000	102.035	-10.3362
43.099998	102.042	-10.6587
43.700001	102.048	-11.0102
44.400002	102.048	-11.4512
45.000000	102.039	-11.8106
45.500000	102.031	-12.0770
46.200001	102.023	-12.4114
46.799999	102.016	-12.6924
47.500000	102.006	-13.0196
48.200001	101.993	-13.3220
48.700001	101.981	-13.5180
49.400002	101.962	-13.7449
50.000000	101.949	-13.9012
50.799999	101.936	-14.1509
51.500000	101.915	-14.4736
52.200001	101.876	-14.7779
53.000000	101.831	-14.9684
53.799999	101.817	-15.1453
54.500000	101.819	-15.4319
55.200001	101.815	-15.8269
56.000000	101.798	-16.2824
57.000000	101.779	-16.7699
58.000000	101.767	-17.2106
59.000000	101.756	-17.6652
60.000000	101.727	-18.1189
60.799999	101.694	-18.3794
61.500000	101.666	-18.5376
62.200001	101.646	-18.6969
63.000000	101.625	-18.9545
64.000000	101.590	-19.3455
65.000000	101.553	-19.6307
66.000000	101.540	-19.9592
67.000000	101.525	-20.4236
68.000000	101.505	-20.8552
69.000000	101.488	-21.2742
70.000000	101.468	-21.6726
71.000000	101.447	-22.0227
72.000000	101.426	-22.3568
73.000000	101.405	-22.6880
74.000000	101.381	-23.0167
75.000000	101.357	-23.3619
76.199997	101.326	-23.7908
77.500000	101.290	-24.2000
78.800003	101.260	-24.5983
80.000000	101.230	-24.9502
81.199997	101.197	-25.2864
82.500000	101.161	-25.6411
83.800003	101.130	-25.9960
85.000000	101.099	-26.3841
86.199997	101.062	-26.7957
87.500000	101.013	-27.2322
88.500000	100.971	-27.5403
90.000000	100.904	-27.9537
91.199997	100.849	-28.2216
92.500000	100.790	-28.4777
93.800003	100.732	-28.6894
95.000000	100.680	-28.8383
96.199997	100.630	-28.9368
97.500000	100.582	-28.9614
98.800003	100.540	-28.9511
100.000000	100.508	-28.8631
101.500000	100.488	-28.7099
103.000000	100.489	-28.5899
104.400002	100.505	-28.5241
106.000000	100.545	-28.4933
107.500000	100.602	-28.5692
109.000000	100.674	-28.7742
110.599998	100.761	-29.2285
112.000000	100.830	-29.8492
113.800003	100.889	-30.9227
115.000000	100.903	-31.7052
117.199997	100.882	-33.0773
118.000000	100.863	-33.5342
120.599998	100.792	-34.7452
122.000000	100.760	-35.3051
124.099998	100.719	-36.2007
125.000000	100.700	-36.6262
126.500000	100.663	-37.3135
128.000000	100.619	-37.9518
131.500000	100.510	-39.2834
132.000000	100.494	-39.4557
134.000000	100.430	-40.1097
136.000000	100.367	-40.7223
138.000000	100.306	-41.2996
140.000000	100.248	-41.8569
143.000000	100.161	-42.6573
145.000000	100.103	-43.1755
147.500000	100.031	-43.7969
150.000000	99.960	-44.3839
152.500000	99.890	-44.9576
155.000000	99.819	-45.5069
157.500000	99.746	-46.0485
160.000000	99.667	-46.5559
162.500000	99.581	-47.0189
165.000000	99.492	-47.4415
167.500000	99.403	-47.8095
170.000000	99.321	-48.1093
172.500000	99.250	-48.3435
175.000000	99.196	-48.5649
177.500000	99.159	-48.8429
180.000000	99.130	-49.2342
182.500000	99.100	-49.7197
185.000000	99.059	-50.2705
187.500000	99.009	-50.8540
190.000000	98.953	-51.4135
192.500000	98.892	-51.9778
195.000000	98.826	-52.4993
197.500000	98.756	-52.9906
200.000000	98.687	-53.4155
203.000000	98.616	-53.8577
206.000000	98.559	-54.2950
209.000000	98.512	-54.7658
212.000000	98.468	-55.3220
214.000000	98.436	-55.7439
218.000000	98.360	-56.6118
220.000000	98.316	-57.0420
224.000000	98.220	-57.8469
227.000000	98.145	-58.3988
230.000000	98.068	-58.9298
233.000000	97.991	-59.4373
236.000000	97.916	-59.9278
240.000000	97.818	-60.5408
243.000000	97.745	-60.9894
247.000000	97.649	-61.5845
250.000000	97.576	-62.0080
254.000000	97.476	-62.5629
258.000000	97.376	-63.0924
262.000000	97.277	-63.6285
265.000000	97.205	-64.0195
269.000000	97.108	-64.5532
272.000000	97.035	-64.9274
276.000000	96.937	-65.4368
280.000000	96.841	-65.9216
285.000000	96.723	-66.5213
290.000000	96.606	-67.1042
295.000000	96.490	-67.6767
300.000000	96.377	-68.2069
304.000000	96.288	-68.6456
307.000000	96.222	-68.9612
311.000000	96.136	-69.3852
315.000000	96.053	-69.7987
320.000000	95.957	-70.3024
325.000000	95.866	-70.8038
330.000000	95.775	-71.2834
335.000000	95.686	-71.7566
340.000000	95.598	-72.2198
345.000000	95.512	-72.6725
350.000000	95.427	-73.1148
355.000000	95.342	-73.5401
360.000000	95.259	-73.9484
365.000000	95.177	-74.3620
370.000000	95.094	-74.7559
375.000000	95.014	-75.1335
382.000000	94.904	-75.6689
387.000000	94.826	-76.0369
395.000000	94.703	-76.6045
400.000000	94.627	-76.9452
406.000000	94.538	-77.3622
412.000000	94.450	-77.7424
418.000000	94.362	-78.1120
425.000000	94.264	-78.5491
431.000000	94.181	-78.8967
437.000000	94.099	-79.2621
444.000000	94.005	-79.6561
450.000000	93.926	-79.9990
455.000000	93.862	-80.2651
462.000000	93.773	-80.6284
468.000000	93.697	-80.9256
475.000000	93.610	-81.2549
482.000000	93.524	-81.5963
487.000000	93.464	-81.8158
494.000000	93.382	-82.1383
500.000000	93.315	-82.4001
508.000000	93.228	-82.7221
515.000000	93.155	-83.0082
522.000000	93.084	-83.2894
530.000000	93.004	-83.5661
538.000000	92.925	-83.8518
545.000000	92.858	-84.0897
552.000000	92.792	-84.2809
560.000000	92.719	-84.5291
570.000000	92.630	-84.8217
580.000000	92.544	-85.0734
590.000000	92.461	-85.3001
600.000000	92.380	-85.5162
608.000000	92.317	-85.6583
615.000000	92.264	-85.7946
622.000000	92.213	-85.9094
630.000000	92.160	-86.0377
640.000000	92.099	-86.1653
650.000000	92.044	-86.2779
660.000000	91.992	-86.3789
670.000000	91.943	-86.4619
680.000000	91.897	-86.5173
690.000000	91.854	-86.5574
700.000000	91.813	-86.5831
710.000000	91.776	-86.5828
720.000000	91.742	-86.5695
730.000000	91.711	-86.5226
740.000000	91.683	-86.4654
750.000000	91.658	-86.4082
762.000000	91.634	-86.2928
775.000000	91.613	-86.1484
788.000000	91.598	-85.9752
800.000000	91.587	-85.8056
812.000000	91.574	-85.6156
825.000000	91.564	-85.3769
838.000000	91.561	-85.1264
850.000000	91.564	-84.8828
862.000000	91.574	-84.6290
875.000000	91.593	-84.3505
885.000000	91.613	-84.1332
900.000000	91.652	-83.7818
912.000000	91.690	-83.5184
925.000000	91.739	-83.2489
938.000000	91.796	-82.9758
950.000000	91.855	-82.7335
962.000000	91.919	-82.5218
975.000000	91.996	-82.2980
988.000000	92.075	-82.1074
1000.000000	92.145	-81.9443
1015.000000	92.221	-81.7776
1030.000000	92.293	-81.6555
1044.000000	92.364	-81.5733
1060.000000	92.449	-81.5405
1075.000000	92.534	-81.5524
1090.000000	92.621	-81.5904
1106.000000	92.718	-81.6855
1120.000000	92.804	-81.8110
1138.000000	92.917	-82.0162
1150.000000	92.993	-82.1816
1172.000000	93.132	-82.5508
1180.000000	93.182	-82.7195
1206.000000	93.345	-83.2540
1220.000000	93.433	-83.5887
1241.000000	93.567	-84.1250
1250.000000	93.629	-84.3542
1265.000000	93.741	-84.7566
1280.000000	93.858	-85.1795
1315.000000	94.130	-86.2345
1320.000000	94.168	-86.3857
1340.000000	94.320	-87.0112
1360.000000	94.470	-87.6543
1380.000000	94.617	-88.3083
1400.000000	94.763	-88.9855
1430.000000	94.979	-90.0116
1450.000000	95.121	-90.7187
1475.000000	95.296	-91.6279
1500.000000	95.469	-92.5490
1525.000000	95.641	-93.4848
1550.000000	95.810	-94.4529
1575.000000	95.978	-95.4577
1600.000000	96.146	-96.4686
1625.000000	96.315	-97.5070
1650.000000	96.484	-98.6008
1675.000000	96.648	-99.7081
1700.000000	96.809	-100.8673
1725.000000	96.965	-102.0293
1750.000000	97.115	-103.2379
1775.000000	97.259	-104.4696
1800.000000	97.395	-105.7256
1825.000000	97.524	-106.9904
1850.000000	97.646	-108.2804
1875.000000	97.761	-109.5824
1900.000000	97.868	-110.8791
1925.000000	97.968	-112.2059
1950.000000	98.058	-113.5320
1975.000000	98.137	-114.8478
2000.000000	98.206	-116.1250
2030.000000	98.285	-117.5229
2060.000000	98.376	-118.8200
2090.000000	98.490	-120.1667
2120.000000	98.615	-121.7394
2140.000000	98.688	-122.8962
2180.000000	98.784	-125.4439
2200.000000	98.805	-126.7040
2240.000000	98.809	-129.1005
2270.000000	98.788	-130.7542
2300.000000	98.754	-132.3134
2330.000000	98.710	-133.7533
2360.000000	98.658	-135.0969
2400.000000	98.577	-136.7403
2430.000000	98.509	-137.8671
2470.000000	98.412	-139.1869
2500.000000	98.338	-140.0070
2540.000000	98.248	-140.9304
2580.000000	98.181	-141.6897
2620.000000	98.146	-142.4205
2650.000000	98.133	-143.0244
2690.000000	98.112	-143.9930
2720.000000	98.079	-144.7532
2760.000000	98.011	-145.7265
2800.000000	97.924	-146.4778
2850.000000	97.808	-147.1062
2900.000000	97.735	-147.3594
2950.000000	97.718	-147.6585
3000.000000	97.700	-148.0918
3040.000000	97.674	-148.5985
3070.000000	97.650	-148.8208
3110.000000	97.621	-149.0682
3150.000000	97.600	-149.2151
3200.000000	97.591	-149.2653
3250.000000	97.601	-149.1952
3300.000000	97.633	-148.9686
3350.000000	97.694	-148.6170
3400.000000	97.796	-148.1871
3450.000000	97.951	-147.6692
3500.000000	98.173	-147.2383
3550.000000	98.469	-147.1347
3600.000000	98.819	-147.6023
3650.000000	99.168	-148.8957
3700.000000	99.452	-150.8706
3750.000000	99.646	-153.1289
3820.000000	99.789	-156.4589
3870.000000	99.801	-158.8066
3950.000000	99.683	-162.0727
4000.000000	99.551	-163.6853
4060.000000	99.354	-165.1881
4120.000000	99.145	-166.2334
4180.000000	98.946	-166.9710
4250.000000	98.738	-167.4837
4310.000000	98.582	-167.6463
4370.000000	98.453	-167.6448
4440.000000	98.350	-167.4267
4500.000000	98.310	-167.1694
4550.000000	98.312	-166.9757
4620.000000	98.360	-166.8922
4680.000000	98.431	-167.0843
4750.000000	98.527	-167.6673
4820.000000	98.607	-168.7148
4870.000000	98.638	-169.6526
4940.000000	98.628	-171.1833
5000.000000	98.563	-172.5653
5080.000000	98.402	-174.2847
5150.000000	98.199	-175.4505
5220.000000	97.957	-176.2548
5300.000000	97.657	-176.6075
5380.000000	97.359	-176.3262
5450.000000	97.123	-175.6433
5520.000000	96.922	-174.5744
5600.000000	96.751	-172.9639
5700.000000	96.637	-170.5444
5800.000000	96.651	-167.8553
5900.000000	96.804	-165.1500
6000.000000	97.103	-162.9688
6080.000000	97.443	-160.8685
6150.000000	97.810	-159.7708
6220.000000	98.229	-159.1433
6300.000000	98.747	-159.1402
6400.000000	99.392	-160.4367
6500.000000	99.955	-163.1177
6600.000000	100.349	-166.9371
6700.000000	100.520	-171.2165
6800.000000	100.475	-175.2215
6900.000000	100.281	-178.3779
7000.000000	100.028	179.4892
7100.000000	99.803	178.3402
7200.000000	99.662	177.8365
7300.000000	99.634	177.5760
7400.000000	99.719	177.2068
7500.000000	99.896	176.3598
7620.000000	100.175	174.4021
7750.000000	100.472	170.9252
7880.000000	100.656	166.1219
8000.000000	100.677	161.0096
8120.000000	100.566	155.3618
8250.000000	100.239	148.4559
8380.000000	99.534	141.3063
8500.000000	98.505	135.9727
8620.000000	97.257	132.9818
8750.000000	95.883	132.4625
8850.000000	94.911	133.6082
9000.000000	93.663	136.9394
9120.000000	92.850	140.5050
9250.000000	92.144	144.9026
9380.000000	91.607	149.6310
9500.000000	91.261	154.2170
9620.000000	91.059	158.8244
9750.000000	91.003	163.6925
9880.000000	91.122	168.1802
10000.000000	91.379	171.7366
10150.000000	91.861	175.0621
10300.000000	92.511	176.9350
10440.000000	93.250	176.6140
10600.000000	94.043	172.7391
10750.000000	94.408	165.8414
10900.000000	94.143	157.6251
11060.000000	93.146	150.3397
11200.000000	91.880	146.9557
11380.000000	90.124	147.3339
11500.000000	89.056	150.0454
11720.000000	87.522	158.1572
11800.000000	87.115	161.6981
12060.000000	86.347	174.2136
12200.000000	86.257	-179.0145
12410.000000	86.502	-169.6463
12500.000000	86.740	-166.0936
12650.000000	87.285	-161.1384
12800.000000	87.960	-157.7645
13150.000000	89.552	-156.8925
13200.000000	89.729	-157.5107
13400.000000	90.178	-161.2266
13600.000000	90.111	-165.7102
13800.000000	89.528	-168.4899
14000.000000	88.704	-167.3041
14300.000000	88.121	-158.7777
14500.000000	88.393	-152.7087
14750.000000	89.296	-146.3803
15000.000000	90.868	-142.9586
15250.000000	92.922	-145.4827
15500.000000	94.949	-156.3122
15750.000000	96.051	-175.7775
16000.000000	95.238	161.4891
16250.000000	92.561	146.2354
16500.000000	89.400	143.8347
16750.000000	87.091	149.4110
17000.000000	85.741	156.9464
17250.000000	85.020	164.5602
17500.000000	84.746	171.6659
17750.000000	84.863	177.6865
18000.000000	85.238	-178.3687
18250.000000	85.667	-176.7090
18500.000000	86.004	-176.8051
18750.000000	86.178	-177.4993
19000.000000	86.366	-177.6100
19250.000000	86.788	-178.8836
19500.000000	87.040	176.2360
19750.000000	86.686	170.6457
20000.000000	86.212	168.0886
