20.000000	100.443	-144.8341
20.299999	100.507	-145.4051
20.600000	100.562	-145.9794
20.900000	100.609	-146.5338
21.200001	100.651	-147.0687
21.400000	100.678	-147.4100
21.799999	100.731	-148.0542
22.000000	100.757	-148.3658
22.400000	100.810	-149.0067
22.700001	100.848	-149.4875
23.000000	100.884	-149.9689
23.299999	100.917	-150.4626
23.600000	100.948	-150.9476
24.000000	100.986	-151.5737
24.299999	101.014	-152.0423
24.700001	101.051	-152.6503
25.000000	101.078	-153.0959
25.400000	101.114	-153.6998
25.799999	101.150	-154.2970
26.200001	101.184	-154.8965
26.500000	101.209	-155.3466
26.900000	101.239	-155.9340
27.200001	101.260	-156.3677
27.600000	101.287	-156.9318
28.000000	101.313	-157.4758
28.500000	101.344	-158.1411
29.000000	101.374	-158.7827
29.500000	101.402	-159.4113
30.000000	101.429	-160.0256
30.400000	101.448	-160.5192
30.700001	101.461	-160.8820
31.100000	101.477	-161.3560
31.500000	101.492	-161.8250
32.000000	101.512	-162.4009
32.500000	101.531	-162.9837
33.000000	101.547	-163.5593
33.500000	101.560	-164.1284
34.000000	101.573	-164.6789
34.500000	101.587	-165.2255
35.000000	101.600	-165.7691
35.500000	101.610	-166.3091
36.000000	101.619	-166.8305
36.500000	101.627	-167.3361
37.000000	101.636	-167.8277
37.500000	101.644	-168.3135
38.200001	101.654	-168.9802
38.700001	101.660	-169.4563
39.500000	101.665	-170.2156
40.000000	101.664	-170.6715
40.599998	101.663	-171.2042
41.200001	101.661	-171.7340
41.799999	101.656	-172.2615
42.500000	101.646	-172.8430
43.099998	101.642	-173.3271
43.700001	101.637	-173.8335
44.400002	101.622	-174.4045
45.000000	101.608	-174.8106
45.500000	101.604	-175.1080
46.200001	101.612	-175.5494
46.799999	101.617	-175.9677
47.500000	101.620	-176.4348
48.200001	101.627	-176.8695
48.700001	101.635	-177.1939
49.400002	101.643	-177.6788
50.000000	101.643	-178.1016
50.799999	101.634	-178.6605
51.500000	101.619	-179.1536
52.200001	101.600	-179.6485
53.000000	101.572	179.8056
53.799999	101.545	179.2629
54.500000	101.516	178.7710
55.200001	101.479	178.3197
56.000000	101.442	177.9106
57.000000	101.422	177.3832
58.000000	101.402	176.7274
59.000000	101.372	176.0833
60.000000	101.338	175.4650
60.799999	101.307	175.0261
61.500000	101.284	174.6641
62.200001	101.263	174.2886
63.000000	101.237	173.8634
64.000000	101.208	173.3668
65.000000	101.182	172.8691
66.000000	101.153	172.3857
67.000000	101.127	171.9284
68.000000	101.100	171.4565
69.000000	101.069	170.9933
70.000000	101.038	170.5491
71.000000	101.006	170.1184
72.000000	100.975	169.7150
73.000000	100.947	169.3023
74.000000	100.917	168.8765
75.000000	100.886	168.4689
76.199997	100.849	167.9984
77.500000	100.809	167.4999
78.800003	100.772	167.0195
80.000000	100.734	166.5475
81.199997	100.686	166.1106
82.500000	100.636	165.6680
83.800003	100.586	165.2156
85.000000	100.539	164.8137
86.199997	100.494	164.4109
87.500000	100.445	163.9737
88.500000	100.407	163.6541
90.000000	100.351	163.1797
91.199997	100.302	162.8224
92.500000	100.250	162.4641
93.800003	100.197	162.1132
95.000000	100.147	161.8032
96.199997	100.095	161.5015
97.500000	100.040	161.1985
98.800003	99.990	160.9080
100.000000	99.945	160.6339
101.500000	99.887	160.2878
103.000000	99.828	159.9794
104.400002	99.776	159.7097
106.000000	99.718	159.3968
107.500000	99.663	159.0889
109.000000	99.607	158.7696
110.599998	99.546	158.4233
112.000000	99.491	158.1278
113.800003	99.421	157.7660
115.000000	99.373	157.5341
117.199997	99.283	157.1234
118.000000	99.249	156.9821
120.599998	99.134	156.5584
122.000000	99.071	156.3747
124.099998	98.981	156.1692
125.000000	98.946	156.0926
126.500000	98.892	155.9776
128.000000	98.843	155.8958
131.500000	98.754	155.8541
132.000000	98.745	155.8550
134.000000	98.716	155.8517
136.000000	98.697	155.7780
138.000000	98.680	155.6113
140.000000	98.663	155.3796
143.000000	98.637	154.9863
145.000000	98.618	154.7119
147.500000	98.588	154.3402
150.000000	98.548	153.9300
152.500000	98.500	153.5196
155.000000	98.446	153.1376
157.500000	98.387	152.7881
160.000000	98.320	152.4783
162.500000	98.247	152.2038
165.000000	98.172	151.9573
167.500000	98.100	151.7178
170.000000	98.028	151.4767
172.500000	97.953	151.2526
175.000000	97.877	151.0486
177.500000	97.804	150.8518
180.000000	97.733	150.6838
182.500000	97.665	150.5435
185.000000	97.599	150.4223
187.500000	97.534	150.2976
190.000000	97.472	150.1681
192.500000	97.411	150.0341
195.000000	97.351	149.8914
197.500000	97.290	149.7455
200.000000	97.230	149.6055
203.000000	97.162	149.4612
206.000000	97.097	149.3217
209.000000	97.033	149.1817
212.000000	96.970	149.0598
214.000000	96.928	148.9946
218.000000	96.845	148.8641
220.000000	96.805	148.8008
224.000000	96.728	148.6843
227.000000	96.671	148.5969
230.000000	96.614	148.5159
233.000000	96.558	148.4395
236.000000	96.503	148.3636
240.000000	96.431	148.2732
243.000000	96.377	148.2206
247.000000	96.307	148.1492
250.000000	96.252	148.0893
254.000000	96.177	148.0241
258.000000	96.102	147.9724
262.000000	96.028	147.9265
265.000000	95.973	147.8931
269.000000	95.901	147.8542
272.000000	95.848	147.8290
276.000000	95.779	147.7936
280.000000	95.713	147.7700
285.000000	95.630	147.7433
290.000000	95.548	147.7131
295.000000	95.470	147.6924
300.000000	95.393	147.6762
304.000000	95.333	147.6719
307.000000	95.289	147.6740
311.000000	95.232	147.6777
315.000000	95.179	147.6843
320.000000	95.119	147.6864
325.000000	95.066	147.6916
330.000000	95.015	147.7139
335.000000	94.966	147.7328
340.000000	94.917	147.7489
345.000000	94.870	147.7586
350.000000	94.824	147.7820
355.000000	94.779	147.8118
360.000000	94.735	147.8340
365.000000	94.692	147.8640
370.000000	94.651	147.8943
375.000000	94.612	147.9315
382.000000	94.557	147.9828
387.000000	94.518	148.0101
395.000000	94.459	148.0799
400.000000	94.424	148.1204
406.000000	94.383	148.1642
412.000000	94.343	148.2191
418.000000	94.302	148.2611
425.000000	94.257	148.3227
431.000000	94.219	148.3742
437.000000	94.182	148.4312
444.000000	94.141	148.4922
450.000000	94.107	148.5429
455.000000	94.079	148.5875
462.000000	94.042	148.6522
468.000000	94.011	148.7151
475.000000	93.975	148.7805
482.000000	93.941	148.8469
487.000000	93.917	148.9041
494.000000	93.886	148.9752
500.000000	93.861	149.0307
508.000000	93.832	149.1148
515.000000	93.809	149.1850
522.000000	93.786	149.2578
530.000000	93.760	149.3381
538.000000	93.736	149.4249
545.000000	93.716	149.4946
552.000000	93.698	149.5689
560.000000	93.677	149.6654
570.000000	93.653	149.7729
580.000000	93.631	149.8786
590.000000	93.610	149.9978
600.000000	93.591	150.1130
608.000000	93.578	150.2040
615.000000	93.567	150.2983
622.000000	93.558	150.3701
630.000000	93.549	150.4728
640.000000	93.545	150.5950
650.000000	93.546	150.7231
660.000000	93.549	150.8425
670.000000	93.553	150.9721
680.000000	93.558	151.1069
690.000000	93.565	151.2432
700.000000	93.574	151.3881
710.000000	93.584	151.5331
720.000000	93.595	151.6733
730.000000	93.609	151.8107
740.000000	93.624	151.9575
750.000000	93.642	152.1030
762.000000	93.664	152.2845
775.000000	93.692	152.4825
788.000000	93.723	152.6844
800.000000	93.752	152.8695
812.000000	93.776	153.0494
825.000000	93.802	153.2570
838.000000	93.832	153.4460
850.000000	93.864	153.6268
862.000000	93.900	153.8004
875.000000	93.943	153.9840
885.000000	93.978	154.1146
900.000000	94.036	154.2920
912.000000	94.086	154.4256
925.000000	94.144	154.5520
938.000000	94.206	154.6748
950.000000	94.267	154.7613
962.000000	94.331	154.8350
975.000000	94.403	154.8883
988.000000	94.475	154.9178
1000.000000	94.534	154.9180
1015.000000	94.594	154.8904
1030.000000	94.646	154.8228
1044.000000	94.695	154.7328
1060.000000	94.752	154.5884
1075.000000	94.807	154.4146
1090.000000	94.864	154.2138
1106.000000	94.925	153.9836
1120.000000	94.979	153.7503
1138.000000	95.051	153.3987
1150.000000	95.101	153.1602
1172.000000	95.195	152.6234
1180.000000	95.229	152.4060
1206.000000	95.335	151.6238
1220.000000	95.389	151.1553
1241.000000	95.469	150.4262
1250.000000	95.506	150.1065
1265.000000	95.575	149.5421
1280.000000	95.648	148.9824
1315.000000	95.811	147.6524
1320.000000	95.834	147.4608
1340.000000	95.920	146.7009
1360.000000	96.003	145.9300
1380.000000	96.083	145.1609
1400.000000	96.160	144.3932
1430.000000	96.271	143.2633
1450.000000	96.343	142.4996
1475.000000	96.431	141.5468
1500.000000	96.517	140.6102
1525.000000	96.601	139.6797
1550.000000	96.683	138.7696
1575.000000	96.766	137.8311
1600.000000	96.850	136.9244
1625.000000	96.939	136.0015
1650.000000	97.030	135.0992
1675.000000	97.122	134.2061
1700.000000	97.216	133.3004
1725.000000	97.311	132.3835
1750.000000	97.407	131.4653
1775.000000	97.503	130.5165
1800.000000	97.597	129.5786
1825.000000	97.692	128.6350
1850.000000	97.788	127.6733
1875.000000	97.882	126.7026
1900.000000	97.975	125.6973
1925.000000	98.065	124.6882
1950.000000	98.152	123.6773
1975.000000	98.235	122.6584
2000.000000	98.317	121.6489
2030.000000	98.414	120.4294
2060.000000	98.506	119.2143
2090.000000	98.589	118.0515
2120.000000	98.659	116.9224
2140.000000	98.700	116.2048
2180.000000	98.768	114.9305
2200.000000	98.795	114.3794
2240.000000	98.840	113.6041
2270.000000	98.879	113.4294
2300.000000	98.953	113.7487
2330.000000	99.114	114.5407
2360.000000	99.419	115.5583
2400.000000	100.079	116.1889
2430.000000	100.680	115.3579
2470.000000	101.425	112.3940
2500.000000	101.864	109.3346
2540.000000	102.282	104.9495
2580.000000	102.565	100.6984
2620.000000	102.771	96.7508
2650.000000	102.897	93.9589
2690.000000	103.040	90.3972
2720.000000	103.135	87.8264
2760.000000	103.249	84.5105
2800.000000	103.350	81.2685
2850.000000	103.461	77.3093
2900.000000	103.554	73.4550
2950.000000	103.630	69.6543
3000.000000	103.687	65.9660
3040.000000	103.719	63.0895
3070.000000	103.737	60.9945
3110.000000	103.757	58.3081
3150.000000	103.780	55.7750
3200.000000	103.837	52.7874
3250.000000	103.936	49.8726
3300.000000	104.069	46.7657
3350.000000	104.202	43.3669
3400.000000	104.303	39.7595
3450.000000	104.366	36.1279
3500.000000	104.397	32.5620
3550.000000	104.409	29.1335
3600.000000	104.410	25.8112
3650.000000	104.403	22.6074
3700.000000	104.392	19.5159
3750.000000	104.381	16.5302
3820.000000	104.375	12.5012
3870.000000	104.381	9.7021
3950.000000	104.402	5.2826
4000.000000	104.414	2.5260
4060.000000	104.419	-0.7667
4120.000000	104.422	-4.0488
4180.000000	104.430	-7.3692
4250.000000	104.447	-11.2679
4310.000000	104.468	-14.6365
4370.000000	104.493	-18.0545
4440.000000	104.527	-22.1034
4500.000000	104.558	-25.6423
4550.000000	104.584	-28.6436
4620.000000	104.618	-32.9346
4680.000000	104.643	-36.7016
4750.000000	104.663	-41.2078
4820.000000	104.670	-45.8112
4870.000000	104.665	-49.1638
4940.000000	104.640	-53.9398
5000.000000	104.601	-58.0917
5080.000000	104.520	-63.6691
5150.000000	104.418	-68.5190
5220.000000	104.287	-73.3120
5300.000000	104.105	-78.6422
5380.000000	103.897	-83.8282
5450.000000	103.697	-88.2135
5520.000000	103.484	-92.4414
5600.000000	103.227	-97.1251
5700.000000	102.889	-102.7111
5800.000000	102.540	-107.9479
5900.000000	102.191	-112.8530
6000.000000	101.852	-117.4310
6080.000000	101.594	-120.8552
6150.000000	101.382	-123.7184
6220.000000	101.183	-126.4598
6300.000000	100.971	-129.4822
6400.000000	100.726	-133.0906
6500.000000	100.510	-136.5967
6600.000000	100.328	-139.9865
6700.000000	100.180	-143.2518
6800.000000	100.083	-146.3130
6900.000000	100.068	-149.2990
7000.000000	100.136	-152.4958
7100.000000	100.263	-156.0224
7200.000000	100.439	-159.8697
7300.000000	100.665	-164.0670
7400.000000	100.934	-168.7603
7500.000000	101.238	-174.0064
7620.000000	101.632	178.8310
7750.000000	102.067	169.7472
7880.000000	102.441	159.0142
8000.000000	102.626	147.5648
8120.000000	102.547	135.0018
8250.000000	102.080	121.0814
8380.000000	101.229	108.0446
8500.000000	100.196	97.4796
8620.000000	99.034	88.5773
8750.000000	97.732	80.7137
8850.000000	96.746	75.7398
9000.000000	95.334	69.6190
9120.000000	94.282	65.6524
9250.000000	93.225	62.0557
9380.000000	92.251	59.0391
9500.000000	91.424	56.6669
9620.000000	90.662	54.5999
9750.000000	89.907	52.6433
9880.000000	89.224	50.9473
10000.000000	88.658	49.5446
10150.000000	88.031	47.9306
10300.000000	87.485	46.4329
10440.000000	87.039	45.0841
10600.000000	86.595	43.5999
10750.000000	86.237	42.2375
10900.000000	85.925	40.9406
11060.000000	85.642	39.6898
11200.000000	85.446	38.8192
11380.000000	85.288	37.9117
11500.000000	85.249	37.3962
11720.000000	85.315	36.3854
11800.000000	85.382	36.0148
12060.000000	85.761	34.5908
12200.000000	86.071	33.6858
12410.000000	86.679	31.9627
12500.000000	86.982	30.9897
12650.000000	87.511	29.2173
12800.000000	88.117	27.7636
13150.000000	90.310	23.9445
13200.000000	90.714	23.0718
13400.000000	92.589	18.4772
13600.000000	94.936	10.9648
13800.000000	97.657	-1.9030
14000.000000	100.200	-22.5690
14300.000000	101.782	-65.5156
14500.000000	100.852	-92.9676
14750.000000	98.577	-117.1886
15000.000000	96.575	-131.5446
15250.000000	95.528	-141.4746
15500.000000	95.492	-151.5808
15750.000000	96.331	-166.0975
16000.000000	97.428	170.9705
16250.000000	97.531	140.0662
16500.000000	95.786	108.9238
16750.000000	92.649	85.3459
17000.000000	89.172	70.7451
17250.000000	86.062	62.2830
17500.000000	83.494	57.0938
17750.000000	81.383	53.4019
18000.000000	79.611	50.6515
18250.000000	78.091	48.4064
18500.000000	76.787	46.7347
18750.000000	75.688	45.4313
19000.000000	74.775	44.2537
19250.000000	74.041	43.5330
19500.000000	73.502	42.9595
19750.000000	73.169	42.4943
20000.000000	73.030	41.4065
