20.000000	100.452	-144.5262
20.299999	100.506	-145.0835
20.600000	100.557	-145.6312
20.900000	100.605	-146.1662
21.200001	100.651	-146.7004
21.400000	100.679	-147.0516
21.799999	100.734	-147.7281
22.000000	100.760	-148.0547
22.400000	100.812	-148.7096
22.700001	100.849	-149.1851
23.000000	100.887	-149.6534
23.299999	100.924	-150.1345
23.600000	100.960	-150.6141
24.000000	101.006	-151.2483
24.299999	101.037	-151.7307
24.700001	101.077	-152.3568
25.000000	101.105	-152.8095
25.400000	101.142	-153.4104
25.799999	101.178	-153.9935
26.200001	101.213	-154.5747
26.500000	101.239	-155.0116
26.900000	101.271	-155.5837
27.200001	101.293	-156.0073
27.600000	101.322	-156.5601
28.000000	101.349	-157.0973
28.500000	101.381	-157.7643
29.000000	101.411	-158.4156
29.500000	101.437	-159.0480
30.000000	101.461	-159.6496
30.400000	101.480	-160.1269
30.700001	101.495	-160.4810
31.100000	101.513	-160.9546
31.500000	101.531	-161.4343
32.000000	101.550	-162.0230
32.500000	101.567	-162.6011
33.000000	101.583	-163.1581
33.500000	101.600	-163.7140
34.000000	101.615	-164.2650
34.500000	101.629	-164.8145
35.000000	101.642	-165.3517
35.500000	101.652	-165.8785
36.000000	101.662	-166.3887
36.500000	101.672	-166.8884
37.000000	101.683	-167.3808
37.500000	101.693	-167.8786
38.200001	101.703	-168.5756
38.700001	101.707	-169.0580
39.500000	101.712	-169.7808
40.000000	101.718	-170.2174
40.599998	101.727	-170.7564
41.200001	101.734	-171.3040
41.799999	101.736	-171.8501
42.500000	101.734	-172.4711
43.099998	101.728	-172.9648
43.700001	101.722	-173.4079
44.400002	101.723	-173.8953
45.000000	101.727	-174.3410
45.500000	101.727	-174.7314
46.200001	101.719	-175.2480
46.799999	101.714	-175.6459
47.500000	101.713	-176.1057
48.200001	101.714	-176.5971
48.700001	101.712	-176.9578
49.400002	101.707	-177.4592
50.000000	101.700	-177.8888
50.799999	101.684	-178.4641
51.500000	101.665	-178.9464
52.200001	101.647	-179.4028
53.000000	101.631	-179.9232
53.799999	101.612	179.5507
54.500000	101.595	179.1210
55.200001	101.582	178.7062
56.000000	101.568	178.1783
57.000000	101.532	177.4805
58.000000	101.482	176.9170
59.000000	101.445	176.4180
60.000000	101.411	175.8780
60.799999	101.383	175.4434
61.500000	101.358	175.0687
62.200001	101.336	174.6940
63.000000	101.313	174.2599
64.000000	101.285	173.7188
65.000000	101.258	173.2128
66.000000	101.232	172.7283
67.000000	101.205	172.2518
68.000000	101.175	171.7997
69.000000	101.146	171.3652
70.000000	101.121	170.9152
71.000000	101.094	170.4457
72.000000	101.063	169.9830
73.000000	101.030	169.5553
74.000000	101.000	169.1772
75.000000	100.976	168.7989
76.199997	100.943	168.3240
77.500000	100.905	167.8320
78.800003	100.865	167.3483
80.000000	100.827	166.9108
81.199997	100.788	166.4581
82.500000	100.743	165.9863
83.800003	100.699	165.5396
85.000000	100.658	165.1395
86.199997	100.618	164.7579
87.500000	100.574	164.3408
88.500000	100.537	164.0126
90.000000	100.479	163.5590
91.199997	100.435	163.1998
92.500000	100.386	162.8142
93.800003	100.338	162.4406
95.000000	100.294	162.1098
96.199997	100.250	161.7840
97.500000	100.203	161.4355
98.800003	100.154	161.0972
100.000000	100.109	160.7923
101.500000	100.052	160.4236
103.000000	99.997	160.0665
104.400002	99.946	159.7355
106.000000	99.886	159.3569
107.500000	99.828	159.0213
109.000000	99.770	158.7008
110.599998	99.709	158.3671
112.000000	99.655	158.0875
113.800003	99.589	157.7438
115.000000	99.547	157.5159
117.199997	99.473	157.0847
118.000000	99.445	156.9254
120.599998	99.348	156.4442
122.000000	99.295	156.1883
124.099998	99.217	155.8364
125.000000	99.186	155.6909
126.500000	99.140	155.4524
128.000000	99.096	155.2236
131.500000	98.991	154.7102
132.000000	98.975	154.6433
134.000000	98.916	154.3752
136.000000	98.857	154.0992
138.000000	98.799	153.8649
140.000000	98.741	153.6339
143.000000	98.645	153.3415
145.000000	98.579	153.1938
147.500000	98.501	153.0866
150.000000	98.433	153.0568
152.500000	98.379	153.0776
155.000000	98.343	153.0916
157.500000	98.321	153.0437
160.000000	98.302	152.8996
162.500000	98.272	152.6373
165.000000	98.228	152.3069
167.500000	98.172	151.9661
170.000000	98.110	151.6407
172.500000	98.044	151.3354
175.000000	97.976	151.0600
177.500000	97.904	150.8198
180.000000	97.831	150.6206
182.500000	97.758	150.4419
185.000000	97.688	150.3013
187.500000	97.621	150.1874
190.000000	97.558	150.0906
192.500000	97.499	149.9980
195.000000	97.444	149.8914
197.500000	97.392	149.7723
200.000000	97.340	149.6367
203.000000	97.281	149.4718
206.000000	97.223	149.2969
209.000000	97.164	149.1287
212.000000	97.106	148.9714
214.000000	97.067	148.8761
218.000000	96.987	148.7068
220.000000	96.949	148.6349
224.000000	96.876	148.5037
227.000000	96.822	148.4047
230.000000	96.769	148.2919
233.000000	96.716	148.1664
236.000000	96.663	148.0475
240.000000	96.593	147.9188
243.000000	96.539	147.8302
247.000000	96.468	147.7230
250.000000	96.415	147.6477
254.000000	96.341	147.5625
258.000000	96.266	147.4899
262.000000	96.192	147.4159
265.000000	96.138	147.3542
269.000000	96.067	147.2859
272.000000	96.014	147.2372
276.000000	95.946	147.1718
280.000000	95.879	147.1301
285.000000	95.795	147.0810
290.000000	95.714	147.0196
295.000000	95.636	146.9687
300.000000	95.559	146.9327
304.000000	95.499	146.9112
307.000000	95.455	146.9015
311.000000	95.398	146.8845
315.000000	95.346	146.8622
320.000000	95.288	146.8380
325.000000	95.235	146.8199
330.000000	95.184	146.8139
335.000000	95.134	146.8088
340.000000	95.087	146.8077
345.000000	95.040	146.8125
350.000000	94.993	146.8131
355.000000	94.948	146.8087
360.000000	94.906	146.8042
365.000000	94.865	146.8117
370.000000	94.823	146.8175
375.000000	94.782	146.8297
382.000000	94.727	146.8563
387.000000	94.689	146.8673
395.000000	94.631	146.8976
400.000000	94.596	146.9099
406.000000	94.554	146.9188
412.000000	94.513	146.9456
418.000000	94.473	146.9724
425.000000	94.428	147.0066
431.000000	94.390	147.0336
437.000000	94.353	147.0624
444.000000	94.312	147.0920
450.000000	94.278	147.1264
455.000000	94.250	147.1576
462.000000	94.212	147.1894
468.000000	94.181	147.2239
475.000000	94.145	147.2675
482.000000	94.112	147.3081
487.000000	94.089	147.3426
494.000000	94.057	147.3809
500.000000	94.033	147.4122
508.000000	94.003	147.4672
515.000000	93.979	147.5119
522.000000	93.957	147.5557
530.000000	93.932	147.6043
538.000000	93.908	147.6627
545.000000	93.888	147.7101
552.000000	93.869	147.7570
560.000000	93.850	147.8221
570.000000	93.826	147.8911
580.000000	93.803	147.9566
590.000000	93.782	148.0466
600.000000	93.762	148.1316
608.000000	93.748	148.1893
615.000000	93.737	148.2506
622.000000	93.728	148.2986
630.000000	93.721	148.3763
640.000000	93.718	148.4587
650.000000	93.719	148.5521
660.000000	93.721	148.6429
670.000000	93.725	148.7417
680.000000	93.730	148.8395
690.000000	93.737	148.9459
700.000000	93.747	149.0582
710.000000	93.757	149.1619
720.000000	93.769	149.2654
730.000000	93.783	149.3700
740.000000	93.798	149.4862
750.000000	93.816	149.6056
762.000000	93.840	149.7512
775.000000	93.869	149.9024
788.000000	93.901	150.0571
800.000000	93.929	150.1986
812.000000	93.953	150.3397
825.000000	93.980	150.5120
838.000000	94.011	150.6698
850.000000	94.044	150.8127
862.000000	94.080	150.9499
875.000000	94.123	151.0948
885.000000	94.160	151.1992
900.000000	94.219	151.3367
912.000000	94.270	151.4383
925.000000	94.331	151.5277
938.000000	94.395	151.6124
950.000000	94.457	151.6691
962.000000	94.522	151.7090
975.000000	94.596	151.7263
988.000000	94.670	151.7188
1000.000000	94.732	151.6833
1015.000000	94.794	151.6169
1030.000000	94.849	151.5107
1044.000000	94.900	151.3860
1060.000000	94.961	151.1975
1075.000000	95.020	150.9846
1090.000000	95.080	150.7407
1106.000000	95.145	150.4635
1120.000000	95.203	150.1937
1138.000000	95.282	149.7879
1150.000000	95.336	149.5140
1172.000000	95.437	148.9095
1180.000000	95.474	148.6653
1206.000000	95.589	147.7966
1220.000000	95.648	147.2788
1241.000000	95.734	146.4731
1250.000000	95.774	146.1213
1265.000000	95.848	145.5043
1280.000000	95.926	144.8920
1315.000000	96.102	143.4392
1320.000000	96.126	143.2300
1340.000000	96.219	142.3959
1360.000000	96.309	141.5469
1380.000000	96.396	140.7029
1400.000000	96.480	139.8611
1430.000000	96.603	138.6187
1450.000000	96.683	137.7830
1475.000000	96.780	136.7405
1500.000000	96.876	135.7115
1525.000000	96.971	134.6890
1550.000000	97.065	133.6832
1575.000000	97.160	132.6465
1600.000000	97.257	131.6367
1625.000000	97.359	130.6091
1650.000000	97.464	129.5963
1675.000000	97.569	128.5869
1700.000000	97.676	127.5657
1725.000000	97.784	126.5412
1750.000000	97.892	125.5252
1775.000000	98.002	124.4833
1800.000000	98.113	123.4502
1825.000000	98.225	122.4098
1850.000000	98.341	121.3585
1875.000000	98.459	120.2948
1900.000000	98.579	119.2014
1925.000000	98.699	118.1169
1950.000000	98.818	117.0287
1975.000000	98.937	115.9118
2000.000000	99.059	114.7837
2030.000000	99.208	113.4094
2060.000000	99.359	112.0075
2090.000000	99.513	110.5934
2120.000000	99.667	109.1372
2140.000000	99.770	108.1502
2180.000000	99.978	106.1611
2200.000000	100.082	105.1325
2240.000000	100.291	103.0499
2270.000000	100.448	101.4501
2300.000000	100.605	99.8291
2330.000000	100.762	98.1583
2360.000000	100.918	96.4585
2400.000000	101.125	94.1440
2430.000000	101.279	92.3689
2470.000000	101.481	89.9260
2500.000000	101.630	88.0676
2540.000000	101.825	85.5360
2580.000000	102.014	82.9326
2620.000000	102.197	80.2835
2650.000000	102.330	78.2576
2690.000000	102.501	75.4986
2720.000000	102.624	73.3998
2760.000000	102.780	70.5749
2800.000000	102.927	67.6950
2850.000000	103.097	64.0463
2900.000000	103.252	60.3741
2950.000000	103.389	56.6431
3000.000000	103.510	52.9171
3040.000000	103.595	49.9230
3070.000000	103.653	47.6760
3110.000000	103.721	44.6865
3150.000000	103.783	41.7220
3200.000000	103.856	38.0389
3250.000000	103.920	34.4055
3300.000000	103.973	30.8018
3350.000000	104.015	27.2571
3400.000000	104.048	23.7654
3450.000000	104.073	20.3427
3500.000000	104.092	16.9686
3550.000000	104.106	13.6747
3600.000000	104.116	10.4269
3650.000000	104.124	7.2421
3700.000000	104.131	4.1104
3750.000000	104.137	1.0277
3820.000000	104.147	-3.2034
3870.000000	104.156	-6.1607
3950.000000	104.175	-10.8057
4000.000000	104.184	-13.6770
4060.000000	104.185	-17.0869
4120.000000	104.185	-20.4742
4180.000000	104.192	-23.8911
4250.000000	104.208	-27.8860
4310.000000	104.229	-31.3209
4370.000000	104.255	-34.7876
4440.000000	104.292	-38.8622
4500.000000	104.331	-42.3896
4550.000000	104.368	-45.3560
4620.000000	104.431	-49.5750
4680.000000	104.495	-53.2954
4750.000000	104.576	-57.8265
4820.000000	104.653	-62.5786
4870.000000	104.697	-66.1116
4940.000000	104.738	-71.2194
5000.000000	104.751	-75.7052
5080.000000	104.735	-81.7866
5150.000000	104.688	-87.1458
5220.000000	104.606	-92.5287
5300.000000	104.469	-98.6387
5380.000000	104.286	-104.6998
5450.000000	104.087	-109.8960
5520.000000	103.852	-114.9340
5600.000000	103.540	-120.4787
5700.000000	103.098	-126.9230
5800.000000	102.623	-132.6398
5900.000000	102.164	-137.6295
6000.000000	101.760	-142.0652
6080.000000	101.485	-145.3700
6150.000000	101.276	-148.2010
6220.000000	101.087	-150.9964
6300.000000	100.887	-154.1663
6400.000000	100.649	-158.0145
6500.000000	100.436	-161.7397
6600.000000	100.263	-165.3132
6700.000000	100.137	-168.8107
6800.000000	100.063	-172.2555
6900.000000	100.047	-175.7230
7000.000000	100.090	-179.2828
7100.000000	100.193	176.9921
7200.000000	100.358	173.0217
7300.000000	100.584	168.7241
7400.000000	100.865	163.9284
7500.000000	101.190	158.5449
7620.000000	101.616	151.1194
7750.000000	102.071	141.6212
7880.000000	102.430	130.4854
8000.000000	102.576	118.9108
8120.000000	102.469	106.5962
8250.000000	102.035	93.2639
8380.000000	101.314	80.7942
8500.000000	100.474	70.3596
8620.000000	99.530	61.0301
8750.000000	98.438	52.1378
8850.000000	97.572	46.1330
9000.000000	96.271	38.3978
9120.000000	95.260	33.2279
9250.000000	94.222	28.4570
9380.000000	93.253	24.3936
9500.000000	92.426	21.1434
9620.000000	91.662	18.2569
9750.000000	90.904	15.4533
9880.000000	90.217	12.9464
10000.000000	89.644	10.8247
10150.000000	89.005	8.3536
10300.000000	88.447	6.0496
10440.000000	87.988	3.9937
10600.000000	87.533	1.7639
10750.000000	87.166	-0.2540
10900.000000	86.850	-2.1711
11060.000000	86.571	-4.0392
11200.000000	86.389	-5.4360
11380.000000	86.261	-7.0510
11500.000000	86.245	-8.0684
11720.000000	86.357	-10.0587
11800.000000	86.442	-10.8024
12060.000000	86.881	-13.4503
12200.000000	87.227	-15.0182
12410.000000	87.899	-17.7532
12500.000000	88.233	-19.1664
12650.000000	88.828	-21.6900
12800.000000	89.519	-23.9709
13150.000000	91.986	-30.2664
13200.000000	92.443	-31.5912
13400.000000	94.570	-38.5271
13600.000000	97.160	-49.8690
13800.000000	99.841	-68.5320
14000.000000	101.742	-95.4794
14300.000000	101.527	-141.1738
14500.000000	99.704	-164.9106
14750.000000	97.109	176.2781
15000.000000	95.194	165.0210
15250.000000	94.158	156.6349
15500.000000	93.918	148.3065
15750.000000	94.430	137.7181
16000.000000	95.564	121.8885
16250.000000	96.684	98.1715
16500.000000	96.705	68.2061
16750.000000	95.092	38.7981
17000.000000	92.337	16.1597
17250.000000	89.317	1.1626
17500.000000	86.597	-8.4504
17750.000000	84.320	-15.1992
18000.000000	82.424	-20.3057
18250.000000	80.826	-24.5242
18500.000000	79.479	-27.9849
18750.000000	78.354	-30.9695
19000.000000	77.426	-33.8109
19250.000000	76.688	-36.2159
19500.000000	76.145	-38.4838
19750.000000	75.809	-40.6567
20000.000000	75.668	-43.3701
