20.000000	101.004	-147.4692
20.299999	101.049	-147.9919
20.600000	101.094	-148.5025
20.900000	101.137	-149.0033
21.200001	101.179	-149.5103
21.400000	101.206	-149.8486
21.799999	101.257	-150.5130
22.000000	101.281	-150.8401
22.400000	101.327	-151.5056
22.700001	101.359	-151.9921
23.000000	101.388	-152.4675
23.299999	101.416	-152.9461
23.600000	101.442	-153.4103
24.000000	101.475	-154.0043
24.299999	101.500	-154.4472
24.700001	101.533	-155.0203
25.000000	101.557	-155.4397
25.400000	101.589	-156.0085
25.799999	101.621	-156.5692
26.200001	101.650	-157.1304
26.500000	101.671	-157.5511
26.900000	101.697	-158.1006
27.200001	101.715	-158.5084
27.600000	101.737	-159.0421
28.000000	101.758	-159.5602
28.500000	101.782	-160.1979
29.000000	101.805	-160.8149
29.500000	101.826	-161.4172
30.000000	101.846	-161.9982
30.400000	101.861	-162.4615
30.700001	101.871	-162.8030
31.100000	101.886	-163.2551
31.500000	101.899	-163.7104
32.000000	101.915	-164.2722
32.500000	101.929	-164.8309
33.000000	101.940	-165.3686
33.500000	101.951	-165.8952
34.000000	101.963	-166.4063
34.500000	101.975	-166.9169
35.000000	101.987	-167.4285
35.500000	101.996	-167.9452
36.000000	102.001	-168.4501
36.500000	102.004	-168.9333
37.000000	102.006	-169.3873
37.500000	102.011	-169.8273
38.200001	102.018	-170.4396
38.700001	102.023	-170.8821
39.500000	102.027	-171.5830
40.000000	102.029	-172.0124
40.599998	102.030	-172.5276
41.200001	102.029	-173.0285
41.799999	102.027	-173.5070
42.500000	102.026	-174.0464
43.099998	102.027	-174.5115
43.700001	102.025	-174.9815
44.400002	102.020	-175.5057
45.000000	102.017	-175.9280
45.500000	102.016	-176.2779
46.200001	102.014	-176.7815
46.799999	102.009	-177.2147
47.500000	102.001	-177.6967
48.200001	101.993	-178.1613
48.700001	101.987	-178.4921
49.400002	101.977	-178.9452
50.000000	101.967	-179.3215
50.799999	101.952	-179.8337
51.500000	101.935	179.7019
52.200001	101.914	179.2422
53.000000	101.889	178.7363
53.799999	101.863	178.2540
54.500000	101.842	177.8532
55.200001	101.823	177.4506
56.000000	101.798	176.9780
57.000000	101.760	176.4222
58.000000	101.725	175.9160
59.000000	101.691	175.4147
60.000000	101.659	174.9059
60.799999	101.631	174.4775
61.500000	101.603	174.1003
62.200001	101.574	173.7496
63.000000	101.546	173.3738
64.000000	101.520	172.8836
65.000000	101.493	172.3845
66.000000	101.463	171.9157
67.000000	101.435	171.4852
68.000000	101.410	171.0681
69.000000	101.385	170.6411
70.000000	101.359	170.2357
71.000000	101.334	169.8347
72.000000	101.308	169.4174
73.000000	101.277	169.0126
74.000000	101.246	168.6235
75.000000	101.214	168.2428
76.199997	101.176	167.8083
77.500000	101.139	167.3135
78.800003	101.094	166.8351
80.000000	101.058	166.4603
81.199997	101.024	166.0503
82.500000	100.983	165.6065
83.800003	100.940	165.1856
85.000000	100.899	164.8047
86.199997	100.857	164.4317
87.500000	100.810	164.0463
88.500000	100.774	163.7579
90.000000	100.722	163.3352
91.199997	100.679	162.9883
92.500000	100.631	162.6225
93.800003	100.583	162.2685
95.000000	100.538	161.9550
96.199997	100.493	161.6497
97.500000	100.446	161.3244
98.800003	100.397	161.0061
100.000000	100.351	160.7237
101.500000	100.293	160.4066
103.000000	100.240	160.1005
104.400002	100.191	159.8143
106.000000	100.138	159.4845
107.500000	100.088	159.1478
109.000000	100.035	158.8055
110.599998	99.977	158.4538
112.000000	99.926	158.1555
113.800003	99.858	157.8004
115.000000	99.812	157.5798
117.199997	99.727	157.1768
118.000000	99.696	157.0276
120.599998	99.593	156.5563
122.000000	99.541	156.3208
124.099998	99.466	155.9930
125.000000	99.436	155.8573
126.500000	99.388	155.6313
128.000000	99.341	155.4095
131.500000	99.234	154.9397
132.000000	99.219	154.8775
134.000000	99.157	154.6410
136.000000	99.087	154.4250
138.000000	99.013	154.2783
140.000000	98.940	154.1656
143.000000	98.833	154.1199
145.000000	98.771	154.2190
147.500000	98.717	154.4498
150.000000	98.699	154.6662
152.500000	98.709	154.7102
155.000000	98.726	154.5497
157.500000	98.732	154.2506
160.000000	98.720	153.8632
162.500000	98.687	153.4316
165.000000	98.637	153.0045
167.500000	98.575	152.6229
170.000000	98.507	152.2889
172.500000	98.438	151.9985
175.000000	98.370	151.7406
177.500000	98.304	151.4924
180.000000	98.238	151.2562
182.500000	98.170	151.0286
185.000000	98.103	150.8245
187.500000	98.035	150.6316
190.000000	97.967	150.4504
192.500000	97.899	150.2836
195.000000	97.833	150.1230
197.500000	97.769	149.9734
200.000000	97.708	149.8363
203.000000	97.639	149.7074
206.000000	97.572	149.5891
209.000000	97.508	149.4716
212.000000	97.445	149.3632
214.000000	97.405	149.3094
218.000000	97.326	149.2210
220.000000	97.290	149.1738
224.000000	97.221	149.0692
227.000000	97.172	148.9841
230.000000	97.123	148.8902
233.000000	97.073	148.7852
236.000000	97.022	148.6752
240.000000	96.952	148.5427
243.000000	96.900	148.4590
247.000000	96.831	148.3545
250.000000	96.777	148.2821
254.000000	96.704	148.2087
258.000000	96.630	148.1447
262.000000	96.559	148.0861
265.000000	96.507	148.0383
269.000000	96.438	147.9766
272.000000	96.388	147.9372
276.000000	96.323	147.8848
280.000000	96.258	147.8356
285.000000	96.178	147.7787
290.000000	96.097	147.7187
295.000000	96.019	147.6690
300.000000	95.944	147.6358
304.000000	95.886	147.6074
307.000000	95.844	147.5951
311.000000	95.788	147.5800
315.000000	95.736	147.5546
320.000000	95.678	147.5273
325.000000	95.626	147.5209
330.000000	95.577	147.5211
335.000000	95.529	147.5100
340.000000	95.482	147.5014
345.000000	95.436	147.4964
350.000000	95.392	147.5019
355.000000	95.348	147.5041
360.000000	95.306	147.5031
365.000000	95.264	147.5149
370.000000	95.223	147.5232
375.000000	95.183	147.5340
382.000000	95.129	147.5560
387.000000	95.092	147.5625
395.000000	95.036	147.5802
400.000000	95.000	147.5986
406.000000	94.958	147.6244
412.000000	94.918	147.6549
418.000000	94.878	147.6732
425.000000	94.834	147.7044
431.000000	94.797	147.7338
437.000000	94.761	147.7674
444.000000	94.721	147.7990
450.000000	94.687	147.8262
455.000000	94.660	147.8540
462.000000	94.623	147.8908
468.000000	94.592	147.9308
475.000000	94.557	147.9686
482.000000	94.523	147.9971
487.000000	94.500	148.0280
494.000000	94.468	148.0707
500.000000	94.443	148.1056
508.000000	94.413	148.1609
515.000000	94.389	148.2044
522.000000	94.366	148.2463
530.000000	94.342	148.2954
538.000000	94.318	148.3552
545.000000	94.298	148.4035
552.000000	94.278	148.4515
560.000000	94.257	148.5120
570.000000	94.232	148.5824
580.000000	94.209	148.6593
590.000000	94.188	148.7534
600.000000	94.169	148.8331
608.000000	94.155	148.8965
615.000000	94.143	148.9626
622.000000	94.133	149.0083
630.000000	94.124	149.0872
640.000000	94.119	149.1790
650.000000	94.119	149.2836
660.000000	94.121	149.3795
670.000000	94.123	149.4781
680.000000	94.127	149.5791
690.000000	94.132	149.6859
700.000000	94.140	149.8051
710.000000	94.149	149.9224
720.000000	94.160	150.0381
730.000000	94.172	150.1550
740.000000	94.186	150.2815
750.000000	94.202	150.4084
762.000000	94.223	150.5662
775.000000	94.250	150.7375
788.000000	94.279	150.9113
800.000000	94.305	151.0720
812.000000	94.329	151.2327
825.000000	94.355	151.4204
838.000000	94.384	151.5935
850.000000	94.415	151.7540
862.000000	94.450	151.9077
875.000000	94.491	152.0801
885.000000	94.527	152.2068
900.000000	94.584	152.3789
912.000000	94.635	152.5115
925.000000	94.695	152.6299
938.000000	94.759	152.7425
950.000000	94.821	152.8242
962.000000	94.888	152.8930
975.000000	94.963	152.9454
988.000000	95.040	152.9738
1000.000000	95.105	152.9688
1015.000000	95.173	152.9298
1030.000000	95.234	152.8395
1044.000000	95.294	152.7181
1060.000000	95.364	152.5107
1075.000000	95.430	152.2536
1090.000000	95.495	151.9503
1106.000000	95.562	151.5923
1120.000000	95.618	151.2433
1138.000000	95.688	150.7453
1150.000000	95.733	150.4211
1172.000000	95.813	149.7652
1180.000000	95.841	149.5162
1206.000000	95.931	148.6765
1220.000000	95.978	148.1972
1241.000000	96.050	147.4611
1250.000000	96.086	147.1419
1265.000000	96.152	146.5808
1280.000000	96.223	146.0229
1315.000000	96.388	144.6826
1320.000000	96.410	144.4891
1340.000000	96.499	143.7186
1360.000000	96.584	142.9318
1380.000000	96.668	142.1465
1400.000000	96.748	141.3611
1430.000000	96.865	140.2006
1450.000000	96.941	139.4180
1475.000000	97.035	138.4395
1500.000000	97.128	137.4770
1525.000000	97.219	136.5191
1550.000000	97.309	135.5785
1575.000000	97.400	134.6087
1600.000000	97.494	133.6654
1625.000000	97.593	132.7034
1650.000000	97.695	131.7563
1675.000000	97.798	130.8134
1700.000000	97.902	129.8551
1725.000000	98.006	128.8914
1750.000000	98.113	127.9455
1775.000000	98.224	126.9730
1800.000000	98.336	125.9949
1825.000000	98.449	125.0094
1850.000000	98.562	124.0234
1875.000000	98.675	123.0362
1900.000000	98.789	122.0183
1925.000000	98.905	120.9992
1950.000000	99.021	119.9710
1975.000000	99.140	118.9187
2000.000000	99.260	117.8544
2030.000000	99.408	116.5580
2060.000000	99.558	115.2370
2090.000000	99.710	113.9039
2120.000000	99.863	112.5262
2140.000000	99.965	111.5923
2180.000000	100.171	109.7117
2200.000000	100.275	108.7378
2240.000000	100.483	106.7655
2270.000000	100.639	105.2504
2300.000000	100.796	103.7137
2330.000000	100.952	102.1288
2360.000000	101.108	100.5148
2400.000000	101.315	98.3171
2430.000000	101.469	96.6305
2470.000000	101.673	94.3052
2500.000000	101.823	92.5352
2540.000000	102.020	90.1216
2580.000000	102.212	87.6372
2620.000000	102.399	85.1070
2650.000000	102.536	83.1697
2690.000000	102.712	80.5271
2720.000000	102.839	78.5136
2760.000000	103.001	75.8002
2800.000000	103.156	73.0309
2850.000000	103.336	69.5162
2900.000000	103.501	65.9703
2950.000000	103.651	62.3571
3000.000000	103.785	58.7379
3040.000000	103.880	55.8225
3070.000000	103.945	53.6311
3110.000000	104.025	50.7113
3150.000000	104.098	47.8107
3200.000000	104.185	44.1976
3250.000000	104.263	40.6241
3300.000000	104.329	37.0685
3350.000000	104.385	33.5625
3400.000000	104.430	30.1036
3450.000000	104.468	26.7054
3500.000000	104.498	23.3470
3550.000000	104.523	20.0624
3600.000000	104.544	16.8181
3650.000000	104.562	13.6300
3700.000000	104.578	10.4885
3750.000000	104.593	7.3884
3820.000000	104.615	3.1115
3870.000000	104.631	0.1018
3950.000000	104.657	-4.6609
4000.000000	104.666	-7.6196
4060.000000	104.663	-11.1328
4120.000000	104.655	-14.6110
4180.000000	104.651	-18.1069
4250.000000	104.653	-22.1916
4310.000000	104.659	-25.7100
4370.000000	104.669	-29.2661
4440.000000	104.682	-33.4478
4500.000000	104.695	-37.0665
4550.000000	104.706	-40.1063
4620.000000	104.724	-44.4069
4680.000000	104.743	-48.1506
4750.000000	104.768	-52.6265
4820.000000	104.792	-57.2460
4870.000000	104.804	-60.6611
4940.000000	104.802	-65.5989
5000.000000	104.779	-69.9393
5080.000000	104.712	-75.8088
5150.000000	104.619	-80.9440
5220.000000	104.491	-86.0515
5300.000000	104.305	-91.7771
5380.000000	104.083	-97.3846
5450.000000	103.861	-102.1459
5520.000000	103.615	-106.7426
5600.000000	103.307	-111.8192
5700.000000	102.885	-117.8148
5800.000000	102.434	-123.2863
5900.000000	101.974	-128.1645
6000.000000	101.541	-132.4664
6080.000000	101.230	-135.5621
6150.000000	100.988	-138.1131
6220.000000	100.772	-140.5416
6300.000000	100.555	-143.2196
6400.000000	100.326	-146.4882
6500.000000	100.131	-149.8019
6600.000000	99.965	-153.0217
6700.000000	99.846	-156.1256
6800.000000	99.786	-159.1779
6900.000000	99.786	-162.2875
7000.000000	99.847	-165.5188
7100.000000	99.968	-168.9377
7200.000000	100.151	-172.6166
7300.000000	100.395	-176.6312
7400.000000	100.696	178.8462
7500.000000	101.043	173.7182
7620.000000	101.496	166.5700
7750.000000	101.982	157.3439
7880.000000	102.375	146.4455
8000.000000	102.558	135.0351
8120.000000	102.491	122.7830
8250.000000	102.093	109.3346
8380.000000	101.377	96.5690
8500.000000	100.494	85.8690
8620.000000	99.468	76.4850
8750.000000	98.276	67.8873
8850.000000	97.344	62.3248
9000.000000	95.985	55.4235
9120.000000	94.964	50.9301
9250.000000	93.941	46.8038
9380.000000	93.003	43.2551
9500.000000	92.208	40.3588
9620.000000	91.475	37.7327
9750.000000	90.743	35.1375
9880.000000	90.071	32.7914
10000.000000	89.503	30.8094
10150.000000	88.861	28.5393
10300.000000	88.290	26.4935
10440.000000	87.820	24.7390
10600.000000	87.358	22.9012
10750.000000	86.997	21.2589
10900.000000	86.698	19.6689
11060.000000	86.440	18.0077
11200.000000	86.265	16.6538
11380.000000	86.114	15.0546
11500.000000	86.068	14.1071
11720.000000	86.116	12.4118
11800.000000	86.178	11.8152
12060.000000	86.555	9.6665
12200.000000	86.869	8.2774
12410.000000	87.459	5.6912
12500.000000	87.743	4.3824
12650.000000	88.248	2.0961
12800.000000	88.816	-0.0849
13150.000000	90.798	-4.6143
13200.000000	91.188	-5.4489
13400.000000	93.056	-9.9609
13600.000000	95.450	-17.7155
13800.000000	98.229	-31.3471
14000.000000	100.761	-53.3698
14300.000000	102.058	-98.3778
14500.000000	100.827	-126.2024
14750.000000	98.207	-149.9585
15000.000000	95.890	-163.5564
15250.000000	94.449	-172.4006
15500.000000	93.848	179.8562
15750.000000	94.014	170.8501
16000.000000	94.887	157.9330
16250.000000	96.050	138.1188
16500.000000	96.514	111.1384
16750.000000	95.481	82.0170
17000.000000	93.086	57.7830
17250.000000	90.130	41.2544
17500.000000	87.324	31.0680
17750.000000	84.955	24.5481
18000.000000	83.022	20.0214
18250.000000	81.443	16.3669
18500.000000	80.142	13.2841
18750.000000	79.067	10.5162
19000.000000	78.188	7.7961
19250.000000	77.486	5.3756
19500.000000	76.951	2.9615
19750.000000	76.594	0.6265
20000.000000	76.425	-2.0452
