20.000000	104.902	174.8320
20.299999	104.896	174.5609
20.600000	104.890	174.2923
20.900000	104.883	174.0292
21.200001	104.875	173.7604
21.400000	104.868	173.5824
21.799999	104.854	173.2427
22.000000	104.847	173.0795
22.400000	104.832	172.7429
22.700001	104.820	172.5029
23.000000	104.808	172.2728
23.299999	104.796	172.0366
23.600000	104.785	171.8075
24.000000	104.772	171.5081
24.299999	104.762	171.2692
24.700001	104.749	170.9487
25.000000	104.737	170.7113
25.400000	104.719	170.3890
25.799999	104.701	170.0893
26.200001	104.684	169.8034
26.500000	104.672	169.5913
26.900000	104.658	169.3098
27.200001	104.649	169.0902
27.600000	104.635	168.7901
28.000000	104.619	168.4933
28.500000	104.598	168.1280
29.000000	104.576	167.7815
29.500000	104.555	167.4341
30.000000	104.533	167.0931
30.400000	104.514	166.8218
30.700001	104.500	166.6255
31.100000	104.481	166.3707
31.500000	104.463	166.1146
32.000000	104.441	165.8027
32.500000	104.418	165.4873
33.000000	104.396	165.1826
33.500000	104.375	164.8759
34.000000	104.353	164.5685
34.500000	104.330	164.2556
35.000000	104.307	163.9539
35.500000	104.284	163.6587
36.000000	104.263	163.3589
36.500000	104.242	163.0379
37.000000	104.217	162.7119
37.500000	104.188	162.4016
38.200001	104.150	162.0062
38.700001	104.126	161.7112
39.500000	104.080	161.1953
40.000000	104.041	160.9089
40.599998	103.995	160.6619
41.200001	103.963	160.4892
41.799999	103.949	160.2805
42.500000	103.934	159.9257
43.099998	103.912	159.5833
43.700001	103.885	159.2614
44.400002	103.854	158.9181
45.000000	103.828	158.6297
45.500000	103.805	158.3934
46.200001	103.774	158.0883
46.799999	103.751	157.8394
47.500000	103.728	157.5297
48.200001	103.704	157.1892
48.700001	103.685	156.9377
49.400002	103.654	156.5858
50.000000	103.625	156.2902
50.799999	103.580	155.9031
51.500000	103.538	155.5641
52.200001	103.495	155.2169
53.000000	103.443	154.8224
53.799999	103.391	154.4543
54.500000	103.347	154.1390
55.200001	103.303	153.8173
56.000000	103.251	153.4656
57.000000	103.189	153.0381
58.000000	103.123	152.6038
59.000000	103.056	152.2534
60.000000	103.004	151.8488
60.799999	102.951	151.4579
61.500000	102.897	151.1641
62.200001	102.848	150.9036
63.000000	102.799	150.5703
64.000000	102.734	150.1335
65.000000	102.672	149.7703
66.000000	102.619	149.4302
67.000000	102.570	149.0578
68.000000	102.518	148.6892
69.000000	102.465	148.3368
70.000000	102.411	147.9965
71.000000	102.356	147.6636
72.000000	102.299	147.3425
73.000000	102.243	147.0215
74.000000	102.187	146.6943
75.000000	102.131	146.3699
76.199997	102.063	145.9824
77.500000	101.990	145.5754
78.800003	101.914	145.1814
80.000000	101.842	144.8315
81.199997	101.768	144.5008
82.500000	101.688	144.1551
83.800003	101.612	143.7865
85.000000	101.536	143.4344
86.199997	101.456	143.1222
87.500000	101.369	142.8414
88.500000	101.304	142.6433
90.000000	101.216	142.3619
91.199997	101.148	142.0464
92.500000	101.064	141.6828
93.800003	100.979	141.3598
95.000000	100.901	141.0774
96.199997	100.823	140.8236
97.500000	100.740	140.5821
98.800003	100.657	140.3392
100.000000	100.579	140.1195
101.500000	100.483	139.8653
103.000000	100.388	139.6198
104.400002	100.301	139.4089
106.000000	100.202	139.1866
107.500000	100.108	138.9783
109.000000	100.013	138.7699
110.599998	99.914	138.5178
112.000000	99.831	138.2917
113.800003	99.727	137.9937
115.000000	99.652	137.8003
117.199997	99.502	137.5782
118.000000	99.447	137.5218
120.599998	99.273	137.3360
122.000000	99.185	137.1765
124.099998	99.052	136.9790
125.000000	99.000	136.9408
126.500000	98.921	136.8973
128.000000	98.846	136.8770
131.500000	98.679	136.8474
132.000000	98.655	136.8318
134.000000	98.561	136.7731
136.000000	98.470	136.7057
138.000000	98.372	136.6029
140.000000	98.269	136.5358
143.000000	98.116	136.4618
145.000000	98.011	136.4660
147.500000	97.880	136.5593
150.000000	97.759	136.7376
152.500000	97.656	136.9360
155.000000	97.568	137.1229
157.500000	97.486	137.2737
160.000000	97.397	137.3932
162.500000	97.297	137.5064
165.000000	97.197	137.5952
167.500000	97.098	137.6594
170.000000	97.000	137.7216
172.500000	96.899	137.7750
175.000000	96.793	137.8342
177.500000	96.684	137.9087
180.000000	96.574	138.0374
182.500000	96.463	138.2355
185.000000	96.356	138.4990
187.500000	96.255	138.7975
190.000000	96.165	139.1036
192.500000	96.086	139.3773
195.000000	96.010	139.6050
197.500000	95.934	139.8013
200.000000	95.859	139.9986
203.000000	95.767	140.2191
206.000000	95.675	140.4678
209.000000	95.589	140.7461
212.000000	95.505	141.0483
214.000000	95.449	141.2599
218.000000	95.337	141.7241
220.000000	95.284	141.9771
224.000000	95.185	142.4871
227.000000	95.129	142.9020
230.000000	95.076	143.3621
233.000000	95.011	143.8999
236.000000	94.957	144.4308
240.000000	94.912	144.9981
243.000000	94.880	145.3459
247.000000	94.841	145.7787
250.000000	94.815	146.1036
254.000000	94.775	146.5297
258.000000	94.736	146.9088
262.000000	94.701	147.3047
265.000000	94.677	147.5689
269.000000	94.645	147.8677
272.000000	94.622	148.0844
276.000000	94.596	148.3830
280.000000	94.573	148.6669
285.000000	94.534	148.9618
290.000000	94.497	149.2403
295.000000	94.462	149.5184
300.000000	94.428	149.8068
304.000000	94.402	150.0067
307.000000	94.385	150.1509
311.000000	94.366	150.3650
315.000000	94.351	150.5630
320.000000	94.340	150.7692
325.000000	94.334	150.9544
330.000000	94.331	151.1308
335.000000	94.326	151.2943
340.000000	94.321	151.4430
345.000000	94.316	151.5843
350.000000	94.313	151.7067
355.000000	94.314	151.8129
360.000000	94.315	151.9178
365.000000	94.314	152.0107
370.000000	94.309	152.0952
375.000000	94.305	152.1617
382.000000	94.303	152.2494
387.000000	94.300	152.3073
395.000000	94.297	152.4064
400.000000	94.295	152.4249
406.000000	94.292	152.4748
412.000000	94.292	152.5125
418.000000	94.291	152.5315
425.000000	94.292	152.5541
431.000000	94.292	152.5499
437.000000	94.290	152.5347
444.000000	94.288	152.4959
450.000000	94.287	152.4509
455.000000	94.286	152.4000
462.000000	94.281	152.3312
468.000000	94.275	152.2653
475.000000	94.269	152.1913
482.000000	94.262	152.1042
487.000000	94.255	152.0378
494.000000	94.244	151.9408
500.000000	94.235	151.8529
508.000000	94.225	151.7570
515.000000	94.216	151.6585
522.000000	94.207	151.5678
530.000000	94.196	151.4727
538.000000	94.184	151.3762
545.000000	94.173	151.2904
552.000000	94.161	151.2009
560.000000	94.146	151.1118
570.000000	94.128	150.9967
580.000000	94.109	150.8834
590.000000	94.088	150.7798
600.000000	94.065	150.6791
608.000000	94.046	150.6248
615.000000	94.030	150.5816
622.000000	94.015	150.5267
630.000000	94.001	150.4790
640.000000	93.987	150.4198
650.000000	93.974	150.3737
660.000000	93.963	150.3501
670.000000	93.952	150.3223
680.000000	93.941	150.3114
690.000000	93.932	150.3091
700.000000	93.922	150.3254
710.000000	93.912	150.3468
720.000000	93.904	150.3786
730.000000	93.897	150.4308
740.000000	93.890	150.4885
750.000000	93.885	150.5565
762.000000	93.880	150.6627
775.000000	93.879	150.7800
788.000000	93.880	150.9221
800.000000	93.881	151.0731
812.000000	93.877	151.2257
825.000000	93.873	151.4082
838.000000	93.873	151.6060
850.000000	93.876	151.7876
862.000000	93.883	151.9788
875.000000	93.895	152.1900
885.000000	93.908	152.3569
900.000000	93.931	152.6188
912.000000	93.955	152.8212
925.000000	93.987	153.0369
938.000000	94.023	153.2687
950.000000	94.062	153.4644
962.000000	94.105	153.6488
975.000000	94.155	153.8395
988.000000	94.208	154.0208
1000.000000	94.253	154.1841
1015.000000	94.295	154.3539
1030.000000	94.335	154.4960
1044.000000	94.378	154.6103
1060.000000	94.433	154.7006
1075.000000	94.491	154.7618
1090.000000	94.557	154.7656
1106.000000	94.634	154.7061
1120.000000	94.706	154.5979
1138.000000	94.805	154.3513
1150.000000	94.871	154.1493
1172.000000	94.990	153.6166
1180.000000	95.030	153.3822
1206.000000	95.151	152.5013
1220.000000	95.207	151.9871
1241.000000	95.284	151.1781
1250.000000	95.317	150.8354
1265.000000	95.378	150.2570
1280.000000	95.439	149.6942
1315.000000	95.576	148.4413
1320.000000	95.595	148.2657
1340.000000	95.669	147.5913
1360.000000	95.742	146.9313
1380.000000	95.816	146.2992
1400.000000	95.889	145.6774
1430.000000	96.000	144.7744
1450.000000	96.077	144.1811
1475.000000	96.175	143.4428
1500.000000	96.278	142.7115
1525.000000	96.385	141.9787
1550.000000	96.496	141.2507
1575.000000	96.613	140.4859
1600.000000	96.737	139.7364
1625.000000	96.870	138.9446
1650.000000	97.011	138.1349
1675.000000	97.156	137.2860
1700.000000	97.306	136.4075
1725.000000	97.460	135.4844
1750.000000	97.618	134.5211
1775.000000	97.779	133.4963
1800.000000	97.941	132.4261
1825.000000	98.106	131.3051
1850.000000	98.271	130.1062
1875.000000	98.435	128.8617
1900.000000	98.599	127.5572
1925.000000	98.762	126.1829
1950.000000	98.923	124.7431
1975.000000	99.079	123.2422
2000.000000	99.229	121.6960
2030.000000	99.400	119.7833
2060.000000	99.560	117.8044
2090.000000	99.710	115.7913
2120.000000	99.848	113.7204
2140.000000	99.933	112.3290
2180.000000	100.088	109.5382
2200.000000	100.158	108.1342
2240.000000	100.284	105.3638
2270.000000	100.369	103.2993
2300.000000	100.446	101.2697
2330.000000	100.519	99.2764
2360.000000	100.587	97.3025
2400.000000	100.676	94.7317
2430.000000	100.742	92.8460
2470.000000	100.834	90.3564
2500.000000	100.906	88.4907
2540.000000	101.009	86.0184
2580.000000	101.121	83.5171
2620.000000	101.242	80.9638
2650.000000	101.337	78.9960
2690.000000	101.470	76.2810
2720.000000	101.573	74.1430
2760.000000	101.708	71.1509
2800.000000	101.835	67.9703
2850.000000	101.965	63.7105
2900.000000	102.039	59.2065
2950.000000	102.040	54.6278
3000.000000	101.968	50.2466
3040.000000	101.877	47.0073
3070.000000	101.803	44.7530
3110.000000	101.711	41.9422
3150.000000	101.637	39.2639
3200.000000	101.574	35.9825
3250.000000	101.529	32.6988
3300.000000	101.485	29.3483
3350.000000	101.432	25.9658
3400.000000	101.365	22.6227
3450.000000	101.286	19.3588
3500.000000	101.201	16.1987
3550.000000	101.118	13.1768
3600.000000	101.044	10.2300
3650.000000	100.981	7.3331
3700.000000	100.926	4.4502
3750.000000	100.877	1.5699
3820.000000	100.820	-2.4003
3870.000000	100.793	-5.2307
3950.000000	100.774	-9.7911
4000.000000	100.770	-12.7307
4060.000000	100.760	-16.3980
4120.000000	100.743	-20.2513
4180.000000	100.720	-24.2630
4250.000000	100.678	-29.1067
4310.000000	100.633	-33.3588
4370.000000	100.581	-37.7170
4440.000000	100.508	-43.0382
4500.000000	100.420	-47.7762
4550.000000	100.320	-51.8375
4620.000000	100.132	-57.5759
4680.000000	99.929	-62.4714
4750.000000	99.649	-68.0574
4820.000000	99.333	-73.4727
4870.000000	99.089	-77.2260
4940.000000	98.730	-82.3030
5000.000000	98.412	-86.5206
5080.000000	97.978	-91.8821
5150.000000	97.590	-96.3408
5220.000000	97.197	-100.5516
5300.000000	96.752	-105.0690
5380.000000	96.322	-109.2606
5450.000000	95.964	-112.7025
5520.000000	95.630	-115.9533
5600.000000	95.282	-119.4975
5700.000000	94.907	-123.7247
5800.000000	94.600	-127.8197
5900.000000	94.359	-131.8984
6000.000000	94.180	-136.0144
6080.000000	94.077	-139.3365
6150.000000	94.018	-142.2938
6220.000000	93.985	-145.2794
6300.000000	93.979	-148.7642
6400.000000	94.014	-153.2056
6500.000000	94.103	-157.8391
6600.000000	94.251	-162.6856
6700.000000	94.455	-167.7822
6800.000000	94.716	-173.1253
6900.000000	95.033	-178.7689
7000.000000	95.410	175.2461
7100.000000	95.841	168.8478
7200.000000	96.322	161.9601
7300.000000	96.841	154.4852
7400.000000	97.379	146.3314
7500.000000	97.911	137.4682
7620.000000	98.500	125.9282
7750.000000	99.033	112.4380
7880.000000	99.408	98.1999
8000.000000	99.577	84.7250
8120.000000	99.566	71.3788
8250.000000	99.378	57.5378
8380.000000	99.078	44.6229
8500.000000	98.742	33.4307
8620.000000	98.364	22.9434
8750.000000	97.940	12.3210
8850.000000	97.617	4.5405
9000.000000	97.119	-6.7567
9120.000000	96.628	-15.2937
9250.000000	96.079	-22.9409
9380.000000	95.682	-29.8876
9500.000000	95.383	-36.3289
9620.000000	95.102	-42.6083
9750.000000	94.817	-49.1602
9880.000000	94.562	-55.4624
10000.000000	94.357	-61.0679
10150.000000	94.139	-67.9443
10300.000000	93.953	-74.6589
10440.000000	93.800	-80.7923
10600.000000	93.647	-87.5898
10750.000000	93.531	-93.6934
10900.000000	93.458	-99.6047
11060.000000	93.450	-105.7383
11200.000000	93.502	-111.2217
11380.000000	93.623	-118.5942
11500.000000	93.720	-123.6768
11720.000000	93.920	-133.3411
11800.000000	94.001	-136.9587
12060.000000	94.290	-149.2578
12200.000000	94.449	-156.2617
12410.000000	94.665	-167.3706
12500.000000	94.740	-172.3202
12650.000000	94.832	179.1748
12800.000000	94.874	170.3564
13150.000000	94.742	149.2292
13200.000000	94.696	146.1907
13400.000000	94.448	134.0476
13600.000000	94.106	122.0616
13800.000000	93.683	110.2903
14000.000000	93.196	98.7822
14300.000000	92.360	81.8955
14500.000000	91.740	70.8672
14750.000000	90.883	57.2195
15000.000000	89.907	43.8247
15250.000000	88.791	30.7961
15500.000000	87.503	18.1873
15750.000000	85.897	6.7146
16000.000000	84.089	0.5566
16250.000000	83.108	-1.7234
16500.000000	82.675	-7.8823
16750.000000	81.984	-14.9381
17000.000000	81.289	-18.7006
17250.000000	81.285	-21.1951
17500.000000	81.613	-28.8699
17750.000000	81.493	-39.2723
18000.000000	81.068	-48.3142
18250.000000	80.680	-55.9366
18500.000000	80.482	-63.2971
18750.000000	80.449	-71.8167
19000.000000	80.407	-82.4375
19250.000000	80.121	-94.6907
19500.000000	79.452	-107.1960
19750.000000	78.529	-118.3278
20000.000000	77.853	-127.4390
