20.000000	107.784	174.1191
20.299999	107.764	173.7750
20.600000	107.743	173.4391
20.900000	107.720	173.1193
21.200001	107.695	172.8004
21.400000	107.679	172.5948
21.799999	107.646	172.2159
22.000000	107.632	172.0360
22.400000	107.605	171.6497
22.700001	107.584	171.3652
23.000000	107.563	171.0862
23.299999	107.541	170.7986
23.600000	107.519	170.5250
24.000000	107.490	170.1818
24.299999	107.470	169.9092
24.700001	107.445	169.5443
25.000000	107.425	169.2693
25.400000	107.395	168.8765
25.799999	107.359	168.5172
26.200001	107.323	168.2002
26.500000	107.298	167.9855
26.900000	107.270	167.7163
27.200001	107.252	167.4922
27.600000	107.227	167.1635
28.000000	107.198	166.8297
28.500000	107.154	166.4316
29.000000	107.111	166.1067
29.500000	107.077	165.7936
30.000000	107.050	165.4451
30.400000	107.024	165.1185
30.700001	106.998	164.8774
31.100000	106.959	164.5930
31.500000	106.920	164.3612
32.000000	106.882	164.1342
32.500000	106.858	163.8669
33.000000	106.835	163.5356
33.500000	106.802	163.1683
34.000000	106.759	162.8416
34.500000	106.716	162.5565
35.000000	106.679	162.3045
35.500000	106.647	162.0428
36.000000	106.614	161.7735
36.500000	106.580	161.5034
37.000000	106.546	161.2467
37.500000	106.511	160.9844
38.200001	106.460	160.6172
38.700001	106.421	160.3620
39.500000	106.359	160.0037
40.000000	106.323	159.7980
40.599998	106.286	159.5281
41.200001	106.249	159.2446
41.799999	106.209	158.9478
42.500000	106.159	158.6010
43.099998	106.112	158.3273
43.700001	106.063	158.0885
44.400002	106.008	157.8696
45.000000	105.965	157.7338
45.500000	105.936	157.6415
46.200001	105.906	157.5134
46.799999	105.886	157.3744
47.500000	105.865	157.1527
48.200001	105.842	156.8663
48.700001	105.820	156.6281
49.400002	105.779	156.2940
50.000000	105.737	156.0468
50.799999	105.681	155.7567
51.500000	105.634	155.4528
52.200001	105.582	155.1065
53.000000	105.513	154.7519
53.799999	105.446	154.4557
54.500000	105.393	154.2311
55.200001	105.342	154.0248
56.000000	105.286	153.8109
57.000000	105.221	153.5193
58.000000	105.139	153.2526
59.000000	105.063	153.1208
60.000000	105.008	152.8662
60.799999	104.953	152.5622
61.500000	104.896	152.3201
62.200001	104.841	152.1354
63.000000	104.795	151.9651
64.000000	104.765	151.6092
65.000000	104.711	151.1363
66.000000	104.636	150.9011
67.000000	104.582	150.7982
68.000000	104.529	150.6849
69.000000	104.468	150.6113
70.000000	104.418	150.6107
71.000000	104.391	150.4550
72.000000	104.344	150.0398
73.000000	104.269	149.6894
74.000000	104.201	149.4547
75.000000	104.144	149.2161
76.199997	104.084	148.9341
77.500000	104.019	148.6375
78.800003	103.948	148.3865
80.000000	103.884	148.2025
81.199997	103.817	147.9974
82.500000	103.740	147.7785
83.800003	103.668	147.5999
85.000000	103.602	147.4128
86.199997	103.536	147.2411
87.500000	103.465	147.0714
88.500000	103.409	146.9464
90.000000	103.330	146.7758
91.199997	103.270	146.6457
92.500000	103.209	146.4809
93.800003	103.150	146.3106
95.000000	103.098	146.1372
96.199997	103.042	145.9447
97.500000	102.979	145.7648
98.800003	102.916	145.5892
100.000000	102.858	145.4356
101.500000	102.780	145.2327
103.000000	102.701	145.0836
104.400002	102.630	144.9439
106.000000	102.548	144.7957
107.500000	102.474	144.6649
109.000000	102.402	144.5495
110.599998	102.327	144.4119
112.000000	102.261	144.2877
113.800003	102.175	144.1304
115.000000	102.121	144.0381
117.199997	102.024	143.8478
118.000000	101.988	143.7628
120.599998	101.867	143.5523
122.000000	101.803	143.4513
124.099998	101.711	143.3108
125.000000	101.675	143.2347
126.500000	101.617	143.1284
128.000000	101.562	143.0428
131.500000	101.437	142.8380
132.000000	101.419	142.8121
134.000000	101.348	142.7159
136.000000	101.279	142.6171
138.000000	101.210	142.5285
140.000000	101.142	142.4408
143.000000	101.043	142.3271
145.000000	100.978	142.2507
147.500000	100.897	142.1723
150.000000	100.817	142.1061
152.500000	100.737	142.0326
155.000000	100.658	141.9696
157.500000	100.579	141.9184
160.000000	100.498	141.8771
162.500000	100.410	141.8385
165.000000	100.318	141.7899
167.500000	100.224	141.7511
170.000000	100.134	141.7254
172.500000	100.047	141.7017
175.000000	99.958	141.6945
177.500000	99.868	141.7110
180.000000	99.782	141.7248
182.500000	99.700	141.7335
185.000000	99.618	141.7393
187.500000	99.535	141.7487
190.000000	99.452	141.7848
192.500000	99.374	141.8002
195.000000	99.297	141.8222
197.500000	99.221	141.8263
200.000000	99.145	141.8454
203.000000	99.059	141.8803
206.000000	98.974	141.9129
209.000000	98.888	141.9661
212.000000	98.803	142.0208
214.000000	98.746	142.0482
218.000000	98.634	142.1398
220.000000	98.578	142.1942
224.000000	98.469	142.3377
227.000000	98.390	142.4821
230.000000	98.314	142.6444
233.000000	98.242	142.8201
236.000000	98.178	142.9828
240.000000	98.104	143.1848
243.000000	98.054	143.3012
247.000000	97.985	143.3668
250.000000	97.926	143.3775
254.000000	97.838	143.3654
258.000000	97.740	143.3940
262.000000	97.639	143.4531
265.000000	97.563	143.5297
269.000000	97.462	143.6288
272.000000	97.386	143.7281
276.000000	97.288	143.8581
280.000000	97.194	144.0127
285.000000	97.080	144.2198
290.000000	96.969	144.4558
295.000000	96.863	144.6559
300.000000	96.760	144.8726
304.000000	96.679	145.0255
307.000000	96.618	145.1400
311.000000	96.538	145.2877
315.000000	96.463	145.4532
320.000000	96.375	145.6486
325.000000	96.291	145.8418
330.000000	96.208	146.0648
335.000000	96.126	146.2747
340.000000	96.046	146.5013
345.000000	95.967	146.7404
350.000000	95.890	146.9722
355.000000	95.812	147.2149
360.000000	95.735	147.4728
365.000000	95.660	147.7158
370.000000	95.586	147.9780
375.000000	95.515	148.2513
382.000000	95.417	148.6154
387.000000	95.348	148.8878
395.000000	95.239	149.3322
400.000000	95.173	149.6134
406.000000	95.094	149.9364
412.000000	95.017	150.2837
418.000000	94.942	150.6313
425.000000	94.855	151.0362
431.000000	94.782	151.4044
437.000000	94.712	151.7434
444.000000	94.631	152.1595
450.000000	94.563	152.5085
455.000000	94.506	152.8143
462.000000	94.428	153.2381
468.000000	94.363	153.6030
475.000000	94.288	154.0329
482.000000	94.216	154.4556
487.000000	94.164	154.7891
494.000000	94.094	155.2324
500.000000	94.036	155.6099
508.000000	93.963	156.1310
515.000000	93.903	156.5781
522.000000	93.843	157.0189
530.000000	93.777	157.5516
538.000000	93.712	158.0594
545.000000	93.657	158.5061
552.000000	93.603	158.9936
560.000000	93.542	159.5097
570.000000	93.469	160.1646
580.000000	93.397	160.8426
590.000000	93.328	161.5299
600.000000	93.261	162.2109
608.000000	93.209	162.7745
615.000000	93.164	163.2525
622.000000	93.121	163.7476
630.000000	93.076	164.3076
640.000000	93.026	165.0319
650.000000	92.983	165.7637
660.000000	92.943	166.4799
670.000000	92.904	167.1992
680.000000	92.867	167.9346
690.000000	92.833	168.6696
700.000000	92.802	169.4111
710.000000	92.773	170.1660
720.000000	92.746	170.9180
730.000000	92.723	171.6846
740.000000	92.702	172.4478
750.000000	92.684	173.1955
762.000000	92.665	174.1223
775.000000	92.648	175.1294
788.000000	92.636	176.1396
800.000000	92.626	177.0592
812.000000	92.613	177.9795
825.000000	92.600	178.9908
838.000000	92.592	179.9908
850.000000	92.589	-179.0888
862.000000	92.591	-178.1642
875.000000	92.598	-177.1773
885.000000	92.608	-176.4305
900.000000	92.628	-175.3006
912.000000	92.648	-174.4183
925.000000	92.676	-173.4845
938.000000	92.709	-172.5572
950.000000	92.744	-171.7178
962.000000	92.784	-170.9125
975.000000	92.831	-170.0565
988.000000	92.878	-169.2421
1000.000000	92.916	-168.5054
1015.000000	92.950	-167.6253
1030.000000	92.978	-166.7963
1044.000000	93.005	-166.0598
1060.000000	93.038	-165.2837
1075.000000	93.071	-164.5939
1090.000000	93.105	-163.9364
1106.000000	93.142	-163.2944
1120.000000	93.175	-162.7722
1138.000000	93.216	-162.1418
1150.000000	93.242	-161.7439
1172.000000	93.289	-161.0790
1180.000000	93.305	-160.8742
1206.000000	93.354	-160.1800
1220.000000	93.378	-159.8456
1241.000000	93.414	-159.3720
1250.000000	93.433	-159.1648
1265.000000	93.472	-158.8386
1280.000000	93.517	-158.5302
1315.000000	93.616	-157.8399
1320.000000	93.630	-157.7378
1340.000000	93.680	-157.3473
1360.000000	93.727	-156.9656
1380.000000	93.771	-156.5714
1400.000000	93.812	-156.1819
1430.000000	93.870	-155.5751
1450.000000	93.907	-155.1742
1475.000000	93.952	-154.6690
1500.000000	93.995	-154.1400
1525.000000	94.037	-153.5904
1550.000000	94.078	-153.0407
1575.000000	94.120	-152.4867
1600.000000	94.166	-151.8964
1625.000000	94.218	-151.2984
1650.000000	94.274	-150.7183
1675.000000	94.333	-150.1167
1700.000000	94.393	-149.5451
1725.000000	94.454	-148.9531
1750.000000	94.516	-148.3803
1775.000000	94.579	-147.8016
1800.000000	94.642	-147.2223
1825.000000	94.707	-146.6331
1850.000000	94.773	-146.0508
1875.000000	94.841	-145.4722
1900.000000	94.912	-144.8801
1925.000000	94.983	-144.3054
1950.000000	95.058	-143.7264
1975.000000	95.134	-143.1571
2000.000000	95.214	-142.6039
2030.000000	95.315	-141.9184
2060.000000	95.420	-141.2435
2090.000000	95.530	-140.6029
2120.000000	95.644	-140.0004
2140.000000	95.723	-139.5805
2180.000000	95.884	-138.8353
2200.000000	95.966	-138.4735
2240.000000	96.134	-137.8164
2270.000000	96.261	-137.3736
2300.000000	96.388	-136.9964
2330.000000	96.514	-136.6491
2360.000000	96.636	-136.3494
2400.000000	96.792	-136.0185
2430.000000	96.901	-135.8135
2470.000000	97.037	-135.5489
2500.000000	97.131	-135.3274
2540.000000	97.247	-135.0457
2580.000000	97.353	-134.7457
2620.000000	97.452	-134.4079
2650.000000	97.523	-134.0901
2690.000000	97.615	-133.6169
2720.000000	97.686	-133.1957
2760.000000	97.787	-132.5882
2800.000000	97.901	-131.8781
2850.000000	98.065	-131.0350
2900.000000	98.243	-130.2594
2950.000000	98.424	-129.5183
3000.000000	98.606	-128.7193
3040.000000	98.756	-128.2333
3070.000000	98.874	-127.7502
3110.000000	99.039	-127.1264
3150.000000	99.218	-126.4851
3200.000000	99.469	-125.6735
3250.000000	99.747	-124.9125
3300.000000	100.049	-124.2059
3350.000000	100.377	-123.5947
3400.000000	100.735	-123.1036
3450.000000	101.136	-122.6967
3500.000000	101.602	-122.5844
3550.000000	102.124	-123.2282
3600.000000	102.619	-124.9551
3650.000000	103.004	-127.6451
3700.000000	103.235	-131.3478
3750.000000	103.093	-135.2236
3820.000000	102.403	-133.9442
3870.000000	102.429	-129.5154
3950.000000	103.110	-126.8418
4000.000000	103.510	-127.6123
4060.000000	103.809	-129.4880
4120.000000	103.890	-130.5648
4180.000000	104.051	-130.0908
4250.000000	104.430	-130.0414
4310.000000	104.765	-130.8651
4370.000000	105.077	-132.1464
4440.000000	105.412	-133.9222
4500.000000	105.674	-135.6576
4550.000000	105.873	-137.2326
4620.000000	106.116	-139.6482
4680.000000	106.287	-141.8809
4750.000000	106.435	-144.5890
4820.000000	106.528	-147.3929
4870.000000	106.561	-149.3586
4940.000000	106.563	-152.1016
5000.000000	106.516	-154.4079
5080.000000	106.386	-157.0547
5150.000000	106.287	-158.8398
5220.000000	106.206	-160.7549
5300.000000	106.071	-163.0051
5380.000000	105.885	-165.0211
5450.000000	105.694	-166.5599
5520.000000	105.488	-167.8351
5600.000000	105.242	-168.9671
5700.000000	104.935	-169.9303
5800.000000	104.647	-170.3939
5900.000000	104.422	-170.4351
6000.000000	104.294	-171.0829
6080.000000	104.105	-171.2858
6150.000000	103.903	-171.0525
6220.000000	103.761	-170.5439
6300.000000	103.634	-169.9989
6400.000000	103.502	-169.2201
6500.000000	103.411	-168.3110
6600.000000	103.366	-167.4249
6700.000000	103.362	-166.5545
6800.000000	103.396	-165.7046
6900.000000	103.475	-164.8063
7000.000000	103.618	-164.0361
7100.000000	103.805	-163.4620
7200.000000	104.040	-163.0465
7300.000000	104.340	-162.8710
7400.000000	104.710	-163.0765
7500.000000	105.144	-163.8949
7620.000000	105.726	-165.9336
7750.000000	106.377	-169.8061
7880.000000	106.926	-175.7540
8000.000000	107.217	177.2261
8120.000000	107.209	169.2658
8250.000000	106.813	160.6002
8380.000000	106.053	152.9612
8500.000000	105.126	147.4233
8620.000000	104.088	143.5193
8750.000000	102.935	140.9794
8850.000000	102.072	140.0599
9000.000000	100.855	139.9537
9120.000000	99.963	140.7390
9250.000000	99.086	142.2134
9380.000000	98.296	144.1377
9500.000000	97.642	146.2691
9620.000000	97.055	148.6120
9750.000000	96.490	151.3505
9880.000000	95.996	154.2188
10000.000000	95.599	156.9658
10150.000000	95.179	160.4590
10300.000000	94.836	163.9414
10440.000000	94.580	167.1646
10600.000000	94.357	170.7939
10750.000000	94.211	174.0793
10900.000000	94.125	177.2571
11060.000000	94.093	-179.5389
11200.000000	94.114	-176.9753
11380.000000	94.202	-173.9702
11500.000000	94.292	-172.1714
11720.000000	94.513	-169.5394
11800.000000	94.606	-168.8238
12060.000000	94.924	-167.1858
12200.000000	95.087	-166.7502
12410.000000	95.288	-166.7919
12500.000000	95.352	-166.9672
12650.000000	95.426	-167.3451
12800.000000	95.471	-167.8345
13150.000000	95.451	-169.8494
13200.000000	95.410	-170.1908
13400.000000	95.158	-170.7275
13600.000000	94.987	-170.2116
13800.000000	94.918	-169.9623
14000.000000	94.833	-170.0084
14300.000000	94.702	-169.5805
14500.000000	94.680	-168.9479
14750.000000	94.808	-168.0586
15000.000000	95.142	-167.7892
15250.000000	95.675	-168.8004
15500.000000	96.377	-171.9453
15750.000000	97.159	-178.2405
16000.000000	97.777	171.3474
16250.000000	97.837	157.7542
16500.000000	97.084	143.8294
16750.000000	95.626	132.3446
17000.000000	93.775	124.4869
17250.000000	91.815	120.1051
17500.000000	89.917	118.2438
17750.000000	88.105	118.0432
18000.000000	86.359	119.4464
18250.000000	84.727	122.0121
18500.000000	83.182	125.2687
18750.000000	81.688	129.3484
19000.000000	80.246	134.3512
19250.000000	78.869	140.3051
19500.000000	77.585	147.1751
19750.000000	76.479	154.8166
20000.000000	75.820	161.3688
