20.000000	99.163	88.0140
20.299999	99.154	86.6017
20.600000	99.146	85.3671
20.900000	99.148	84.2764
21.200001	99.163	83.2732
21.400000	99.180	82.6251
21.799999	99.222	81.3357
22.000000	99.243	80.6910
22.400000	99.281	79.4263
22.700001	99.306	78.5284
23.000000	99.330	77.6893
23.299999	99.359	76.9035
23.600000	99.393	76.1521
24.000000	99.448	75.1660
24.299999	99.491	74.4222
24.700001	99.550	73.4279
25.000000	99.592	72.6917
25.400000	99.648	71.7372
25.799999	99.706	70.8127
26.200001	99.766	69.9067
26.500000	99.812	69.2337
26.900000	99.875	68.3465
27.200001	99.921	67.6925
27.600000	99.984	66.8387
28.000000	100.049	66.0013
28.500000	100.133	64.9651
29.000000	100.218	63.9341
29.500000	100.304	62.9106
30.000000	100.389	61.8899
30.400000	100.458	61.0671
30.700001	100.507	60.4454
31.100000	100.571	59.6175
31.500000	100.631	58.8045
32.000000	100.705	57.8222
32.500000	100.783	56.8624
33.000000	100.865	55.8876
33.500000	100.944	54.8767
34.000000	101.017	53.8473
34.500000	101.081	52.8349
35.000000	101.142	51.8581
35.500000	101.204	50.9073
36.000000	101.267	49.9625
36.500000	101.328	49.0150
37.000000	101.386	48.0696
37.500000	101.442	47.1332
38.200001	101.518	45.8368
38.700001	101.570	44.9163
39.500000	101.648	43.4550
40.000000	101.693	42.5562
40.599998	101.746	41.4945
41.200001	101.798	40.4421
41.799999	101.847	39.3898
42.500000	101.898	38.1736
43.099998	101.937	37.1622
43.700001	101.977	36.1778
44.400002	102.024	35.0297
45.000000	102.061	34.0313
45.500000	102.088	33.2010
46.200001	102.120	32.0641
46.799999	102.144	31.1141
47.500000	102.171	30.0262
48.200001	102.195	28.9607
48.700001	102.211	28.2111
49.400002	102.232	27.1696
50.000000	102.246	26.2823
50.799999	102.258	25.1077
51.500000	102.263	24.0850
52.200001	102.263	23.0760
53.000000	102.261	21.9507
53.799999	102.257	20.8453
54.500000	102.251	19.8975
55.200001	102.243	18.9789
56.000000	102.235	17.9467
57.000000	102.222	16.6564
58.000000	102.204	15.3874
59.000000	102.182	14.1345
60.000000	102.155	12.9181
60.799999	102.135	11.9656
61.500000	102.116	11.1252
62.200001	102.094	10.2898
63.000000	102.069	9.3634
64.000000	102.043	8.2323
65.000000	102.017	7.1110
66.000000	101.987	6.0233
67.000000	101.957	4.9663
68.000000	101.925	3.9136
69.000000	101.888	2.8776
70.000000	101.847	1.8779
71.000000	101.806	0.8938
72.000000	101.761	-0.0752
73.000000	101.714	-1.0158
74.000000	101.667	-1.9486
75.000000	101.617	-2.8712
76.199997	101.554	-3.9367
77.500000	101.485	-5.0616
78.800003	101.414	-6.1533
80.000000	101.345	-7.1303
81.199997	101.272	-8.0741
82.500000	101.189	-9.0791
83.800003	101.101	-10.0646
85.000000	101.016	-10.9325
86.199997	100.932	-11.7682
87.500000	100.844	-12.6741
88.500000	100.775	-13.3760
90.000000	100.662	-14.4029
91.199997	100.569	-15.1322
92.500000	100.474	-15.8892
93.800003	100.377	-16.6395
95.000000	100.286	-17.3071
96.199997	100.194	-17.9637
97.500000	100.092	-18.6615
98.800003	99.988	-19.3301
100.000000	99.892	-19.9193
101.500000	99.771	-20.6368
103.000000	99.647	-21.3268
104.400002	99.529	-21.9387
106.000000	99.395	-22.6118
107.500000	99.270	-23.2139
109.000000	99.145	-23.7723
110.599998	99.010	-24.3402
112.000000	98.890	-24.8005
113.800003	98.736	-25.3591
115.000000	98.634	-25.7327
117.199997	98.451	-26.3921
118.000000	98.388	-26.6245
120.599998	98.170	-27.3397
122.000000	98.048	-27.6016
124.099998	97.874	-27.9536
125.000000	97.802	-28.1067
126.500000	97.685	-28.3533
128.000000	97.574	-28.5870
131.500000	97.323	-29.0590
132.000000	97.287	-29.1132
134.000000	97.142	-29.3018
136.000000	96.998	-29.4579
138.000000	96.858	-29.5800
140.000000	96.722	-29.6745
143.000000	96.520	-29.7667
145.000000	96.386	-29.7880
147.500000	96.223	-29.7638
150.000000	96.065	-29.6847
152.500000	95.910	-29.5586
155.000000	95.760	-29.4036
157.500000	95.616	-29.2128
160.000000	95.472	-28.9674
162.500000	95.326	-28.6901
165.000000	95.179	-28.3993
167.500000	95.038	-28.0760
170.000000	94.903	-27.7318
172.500000	94.771	-27.3635
175.000000	94.642	-26.9564
177.500000	94.520	-26.5085
180.000000	94.403	-26.0374
182.500000	94.293	-25.5446
185.000000	94.191	-25.0243
187.500000	94.100	-24.5059
190.000000	94.015	-23.9988
192.500000	93.933	-23.4973
195.000000	93.857	-23.0015
197.500000	93.786	-22.5081
200.000000	93.718	-22.0092
203.000000	93.643	-21.4012
206.000000	93.577	-20.8044
209.000000	93.518	-20.2170
212.000000	93.465	-19.6456
214.000000	93.431	-19.2645
218.000000	93.368	-18.5000
220.000000	93.341	-18.1267
224.000000	93.295	-17.3822
227.000000	93.268	-16.8242
230.000000	93.242	-16.2960
233.000000	93.217	-15.7825
236.000000	93.196	-15.2614
240.000000	93.174	-14.5869
243.000000	93.162	-14.1139
247.000000	93.151	-13.4879
250.000000	93.142	-13.0297
254.000000	93.127	-12.4233
258.000000	93.116	-11.7946
262.000000	93.112	-11.1709
265.000000	93.117	-10.7181
269.000000	93.131	-10.1429
272.000000	93.144	-9.7484
276.000000	93.164	-9.2761
280.000000	93.187	-8.8516
285.000000	93.221	-8.3809
290.000000	93.258	-7.9531
295.000000	93.295	-7.5857
300.000000	93.337	-7.2790
304.000000	93.369	-7.0671
307.000000	93.393	-6.9162
311.000000	93.425	-6.7477
315.000000	93.462	-6.6022
320.000000	93.513	-6.4632
325.000000	93.566	-6.3906
330.000000	93.619	-6.3420
335.000000	93.669	-6.2994
340.000000	93.716	-6.2769
345.000000	93.762	-6.2988
350.000000	93.808	-6.3440
355.000000	93.852	-6.4053
360.000000	93.894	-6.5148
365.000000	93.934	-6.6690
370.000000	93.969	-6.8401
375.000000	93.998	-7.0269
382.000000	94.033	-7.3154
387.000000	94.056	-7.5535
395.000000	94.080	-7.9382
400.000000	94.088	-8.1915
406.000000	94.093	-8.5049
412.000000	94.092	-8.8324
418.000000	94.085	-9.1449
425.000000	94.070	-9.5002
431.000000	94.050	-9.7928
437.000000	94.027	-10.0731
444.000000	93.997	-10.3879
450.000000	93.966	-10.6538
455.000000	93.935	-10.8669
462.000000	93.889	-11.1506
468.000000	93.847	-11.3743
475.000000	93.794	-11.6006
482.000000	93.738	-11.8031
487.000000	93.697	-11.9379
494.000000	93.638	-12.1092
500.000000	93.587	-12.2376
508.000000	93.519	-12.3700
515.000000	93.460	-12.4526
522.000000	93.399	-12.5093
530.000000	93.329	-12.5452
538.000000	93.258	-12.5444
545.000000	93.198	-12.5179
552.000000	93.138	-12.4721
560.000000	93.070	-12.3983
570.000000	92.983	-12.2640
580.000000	92.898	-12.0905
590.000000	92.815	-11.8813
600.000000	92.734	-11.6261
608.000000	92.670	-11.3969
615.000000	92.615	-11.1837
622.000000	92.562	-10.9587
630.000000	92.507	-10.6821
640.000000	92.445	-10.3062
650.000000	92.387	-9.9055
660.000000	92.332	-9.4774
670.000000	92.278	-9.0211
680.000000	92.227	-8.5474
690.000000	92.179	-8.0518
700.000000	92.134	-7.5391
710.000000	92.092	-7.0102
720.000000	92.053	-6.4673
730.000000	92.018	-5.9026
740.000000	91.985	-5.3192
750.000000	91.955	-4.7199
762.000000	91.925	-3.9700
775.000000	91.898	-3.1284
788.000000	91.876	-2.2544
800.000000	91.861	-1.4167
812.000000	91.848	-0.5645
825.000000	91.838	0.3809
838.000000	91.835	1.3428
850.000000	91.841	2.2346
862.000000	91.856	3.1165
875.000000	91.882	4.0535
885.000000	91.908	4.7636
900.000000	91.956	5.8074
912.000000	92.004	6.6166
925.000000	92.062	7.4686
938.000000	92.128	8.2881
950.000000	92.195	9.0151
962.000000	92.267	9.7070
975.000000	92.351	10.4213
988.000000	92.436	11.1038
1000.000000	92.511	11.6923
1015.000000	92.591	12.3759
1030.000000	92.666	12.9985
1044.000000	92.739	13.5295
1060.000000	92.826	14.0688
1075.000000	92.910	14.5189
1090.000000	92.996	14.9062
1106.000000	93.089	15.2462
1120.000000	93.169	15.4887
1138.000000	93.271	15.7292
1150.000000	93.339	15.8425
1172.000000	93.459	15.9652
1180.000000	93.501	15.9873
1206.000000	93.630	15.9755
1220.000000	93.695	15.9249
1241.000000	93.792	15.8106
1250.000000	93.837	15.7471
1265.000000	93.917	15.6245
1280.000000	94.000	15.4844
1315.000000	94.184	15.1183
1320.000000	94.209	15.0637
1340.000000	94.308	14.8460
1360.000000	94.400	14.6218
1380.000000	94.488	14.3846
1400.000000	94.571	14.1423
1430.000000	94.690	13.7596
1450.000000	94.766	13.4965
1475.000000	94.855	13.1694
1500.000000	94.942	12.8532
1525.000000	95.027	12.5525
1550.000000	95.109	12.2493
1575.000000	95.189	11.9398
1600.000000	95.274	11.6293
1625.000000	95.365	11.3054
1650.000000	95.457	10.9467
1675.000000	95.546	10.5541
1700.000000	95.629	10.1443
1725.000000	95.710	9.7431
1750.000000	95.790	9.3557
1775.000000	95.871	8.9711
1800.000000	95.955	8.5652
1825.000000	96.041	8.1155
1850.000000	96.125	7.6113
1875.000000	96.203	7.0638
1900.000000	96.276	6.4883
1925.000000	96.342	5.9066
1950.000000	96.405	5.3267
1975.000000	96.466	4.7380
2000.000000	96.522	4.1371
2030.000000	96.587	3.3915
2060.000000	96.648	2.6259
2090.000000	96.704	1.8499
2120.000000	96.755	1.0608
2140.000000	96.785	0.5282
2180.000000	96.838	-0.5557
2200.000000	96.861	-1.1021
2240.000000	96.899	-2.1991
2270.000000	96.920	-3.0327
2300.000000	96.932	-3.8701
2330.000000	96.938	-4.7067
2360.000000	96.938	-5.5286
2400.000000	96.926	-6.6061
2430.000000	96.909	-7.3947
2470.000000	96.879	-8.4033
2500.000000	96.854	-9.1212
2540.000000	96.820	-10.0452
2580.000000	96.785	-10.9824
2620.000000	96.742	-11.9792
2650.000000	96.699	-12.7539
2690.000000	96.621	-13.7679
2720.000000	96.547	-14.4812
2760.000000	96.433	-15.3320
2800.000000	96.311	-16.0042
2850.000000	96.162	-16.5150
2900.000000	96.040	-16.7089
2950.000000	95.965	-16.8014
3000.000000	95.931	-17.0996
3040.000000	95.906	-17.5867
3070.000000	95.875	-18.0634
3110.000000	95.807	-18.7550
3150.000000	95.713	-19.3901
3200.000000	95.578	-19.9855
3250.000000	95.437	-20.3247
3300.000000	95.295	-20.4789
3350.000000	95.159	-20.5084
3400.000000	95.038	-20.4474
3450.000000	94.930	-20.3412
3500.000000	94.823	-20.2511
3550.000000	94.709	-20.1605
3600.000000	94.590	-19.9921
3650.000000	94.471	-19.7079
3700.000000	94.360	-19.3104
3750.000000	94.261	-18.8372
3820.000000	94.141	-18.1506
3870.000000	94.062	-17.6736
3950.000000	93.938	-16.8817
4000.000000	93.853	-16.3523
4060.000000	93.737	-15.6857
4120.000000	93.617	-14.9871
4180.000000	93.501	-14.2477
4250.000000	93.376	-13.3334
4310.000000	93.279	-12.5327
4370.000000	93.189	-11.7414
4440.000000	93.090	-10.8090
4500.000000	93.009	-9.9839
4550.000000	92.943	-9.2842
4620.000000	92.854	-8.2874
4680.000000	92.782	-7.4062
4750.000000	92.706	-6.3307
4820.000000	92.638	-5.2089
4870.000000	92.594	-4.3914
4940.000000	92.539	-3.2255
5000.000000	92.501	-2.2078
5080.000000	92.462	-0.8187
5150.000000	92.440	0.4364
5220.000000	92.428	1.7224
5300.000000	92.426	3.2207
5380.000000	92.438	4.7464
5450.000000	92.461	6.1160
5520.000000	92.496	7.4975
5600.000000	92.549	9.0670
5700.000000	92.636	11.0230
5800.000000	92.745	12.9814
5900.000000	92.880	14.9829
6000.000000	93.041	16.9641
6080.000000	93.194	18.5389
6150.000000	93.347	19.9138
6220.000000	93.518	21.2666
6300.000000	93.732	22.7529
6400.000000	94.021	24.4769
6500.000000	94.346	26.0621
6600.000000	94.717	27.4830
6700.000000	95.132	28.5977
6800.000000	95.592	29.3092
6900.000000	96.094	29.5446
7000.000000	96.621	29.1438
7100.000000	97.142	27.9572
7200.000000	97.608	25.9143
7300.000000	97.958	23.1737
7400.000000	98.154	20.1902
7500.000000	98.201	17.4979
7620.000000	98.154	15.2636
7750.000000	98.168	14.1841
7880.000000	98.367	13.3719
8000.000000	98.664	11.6962
8120.000000	98.938	8.7950
8250.000000	99.065	4.6052
8380.000000	98.954	0.2269
8500.000000	98.672	-3.2094
8620.000000	98.286	-5.7017
8750.000000	97.831	-7.3381
8850.000000	97.493	-7.9673
9000.000000	97.047	-8.0613
9120.000000	96.763	-7.5957
9250.000000	96.533	-6.8629
9380.000000	96.390	-6.0067
9500.000000	96.345	-5.0655
9620.000000	96.389	-4.0933
9750.000000	96.540	-3.2048
9880.000000	96.802	-2.7150
10000.000000	97.142	-2.8405
10150.000000	97.685	-4.1148
10300.000000	98.313	-7.0938
10440.000000	98.885	-11.8715
10600.000000	99.341	-19.9373
10750.000000	99.381	-29.4714
10900.000000	98.911	-39.5818
11060.000000	97.865	-49.2157
11200.000000	96.623	-55.5989
11380.000000	94.819	-60.6432
11500.000000	93.604	-62.2275
11720.000000	91.502	-62.3225
11800.000000	90.794	-61.7023
12060.000000	88.705	-58.1028
12200.000000	87.709	-55.3831
12410.000000	86.363	-50.6006
12500.000000	85.833	-48.3718
12650.000000	85.007	-44.4596
12800.000000	84.249	-40.3411
13150.000000	82.724	-30.2209
13200.000000	82.533	-28.7379
13400.000000	81.824	-22.7432
13600.000000	81.199	-16.6688
13800.000000	80.652	-10.5651
14000.000000	80.184	-4.3768
14300.000000	79.618	5.0529
14500.000000	79.335	11.3566
14750.000000	79.088	19.2628
15000.000000	78.966	27.2517
15250.000000	78.981	35.2212
15500.000000	79.143	42.9067
15750.000000	79.487	50.1860
16000.000000	80.096	57.0937
16250.000000	81.052	63.3371
16500.000000	82.342	68.2274
16750.000000	83.966	70.3838
17000.000000	85.819	67.8903
17250.000000	87.495	59.0703
17500.000000	88.314	44.3818
17750.000000	87.782	27.9795
18000.000000	86.044	15.3674
18250.000000	83.708	9.2606
18500.000000	81.341	9.1320
18750.000000	79.222	13.1219
19000.000000	77.410	19.6414
19250.000000	75.883	27.9355
19500.000000	74.614	37.6373
19750.000000	73.638	48.1496
20000.000000	73.111	56.7733
