20.000000	98.655	90.9119
20.299999	98.690	89.7144
20.600000	98.732	88.5663
20.900000	98.780	87.4346
21.200001	98.828	86.3080
21.400000	98.858	85.5654
21.799999	98.910	84.1308
22.000000	98.934	83.4521
22.400000	98.982	82.1852
22.700001	99.022	81.3040
23.000000	99.068	80.4609
23.299999	99.118	79.6379
23.600000	99.171	78.8264
24.000000	99.241	77.7675
24.299999	99.294	77.0003
24.700001	99.367	76.0179
25.000000	99.425	75.3020
25.400000	99.506	74.3518
25.799999	99.587	73.3896
26.200001	99.665	72.4234
26.500000	99.719	71.7133
26.900000	99.787	70.8070
27.200001	99.840	70.1605
27.600000	99.913	69.3261
28.000000	99.993	68.4923
28.500000	100.094	67.4135
29.000000	100.190	66.2979
29.500000	100.277	65.1899
30.000000	100.359	64.1267
30.400000	100.427	63.3071
30.700001	100.479	62.6991
31.100000	100.552	61.8813
31.500000	100.625	61.0461
32.000000	100.714	59.9843
32.500000	100.798	58.9268
33.000000	100.879	57.8896
33.500000	100.960	56.8646
34.000000	101.040	55.8365
34.500000	101.116	54.8076
35.000000	101.187	53.7946
35.500000	101.256	52.8064
36.000000	101.324	51.8309
36.500000	101.391	50.8516
37.000000	101.454	49.8688
37.500000	101.511	48.8979
38.200001	101.587	47.5768
38.700001	101.641	46.6505
39.500000	101.725	45.1697
40.000000	101.775	44.2422
40.599998	101.832	43.1312
41.200001	101.885	42.0273
41.799999	101.934	40.9412
42.500000	101.988	39.7041
43.099998	102.033	38.6579
43.700001	102.076	37.6130
44.400002	102.121	36.4034
45.000000	102.156	35.3868
45.500000	102.183	34.5533
46.200001	102.220	33.4009
46.799999	102.248	32.4282
47.500000	102.279	31.3155
48.200001	102.309	30.2177
48.700001	102.328	29.4367
49.400002	102.351	28.3502
50.000000	102.366	27.4319
50.799999	102.377	26.2297
51.500000	102.381	25.1978
52.200001	102.383	24.1849
53.000000	102.384	23.0465
53.799999	102.383	21.9210
54.500000	102.380	20.9442
55.200001	102.374	19.9791
56.000000	102.365	18.9072
57.000000	102.354	17.6094
58.000000	102.341	16.3142
59.000000	102.322	15.0577
60.000000	102.304	13.8254
60.799999	102.286	12.8198
61.500000	102.264	11.9548
62.200001	102.241	11.1169
63.000000	102.216	10.1732
64.000000	102.188	9.0085
65.000000	102.162	7.8675
66.000000	102.134	6.7343
67.000000	102.103	5.6289
68.000000	102.070	4.5571
69.000000	102.035	3.5029
70.000000	101.996	2.4686
71.000000	101.954	1.4691
72.000000	101.910	0.5002
73.000000	101.866	-0.4587
74.000000	101.818	-1.4067
75.000000	101.769	-2.3318
76.199997	101.709	-3.4242
77.500000	101.640	-4.5762
78.800003	101.570	-5.6978
80.000000	101.500	-6.7115
81.199997	101.425	-7.6860
82.500000	101.342	-8.7051
83.800003	101.255	-9.7061
85.000000	101.172	-10.5992
86.199997	101.090	-11.4615
87.500000	101.002	-12.3922
88.500000	100.933	-13.1158
90.000000	100.816	-14.1669
91.199997	100.722	-14.8972
92.500000	100.627	-15.6699
93.800003	100.531	-16.4514
95.000000	100.440	-17.1490
96.199997	100.348	-17.8396
97.500000	100.245	-18.5673
98.800003	100.140	-19.2476
100.000000	100.045	-19.8515
101.500000	99.925	-20.5842
103.000000	99.803	-21.3023
104.400002	99.687	-21.9539
106.000000	99.552	-22.6527
107.500000	99.426	-23.2701
109.000000	99.300	-23.8555
110.599998	99.166	-24.4542
112.000000	99.047	-24.9559
113.800003	98.892	-25.5511
115.000000	98.791	-25.9112
117.199997	98.610	-26.5100
118.000000	98.544	-26.7048
120.599998	98.335	-27.3584
122.000000	98.214	-27.7198
124.099998	98.034	-28.1920
125.000000	97.962	-28.3788
126.500000	97.848	-28.6803
128.000000	97.737	-28.9556
131.500000	97.483	-29.4501
132.000000	97.447	-29.5106
134.000000	97.302	-29.7375
136.000000	97.160	-29.9291
138.000000	97.020	-30.1014
140.000000	96.881	-30.2286
143.000000	96.680	-30.3571
145.000000	96.548	-30.4148
147.500000	96.385	-30.4318
150.000000	96.225	-30.3989
152.500000	96.071	-30.3240
155.000000	95.921	-30.2131
157.500000	95.774	-30.0358
160.000000	95.628	-29.8210
162.500000	95.479	-29.5863
165.000000	95.327	-29.3328
167.500000	95.182	-29.0261
170.000000	95.043	-28.6763
172.500000	94.910	-28.2876
175.000000	94.782	-27.8779
177.500000	94.663	-27.4613
180.000000	94.551	-27.0317
182.500000	94.448	-26.5748
185.000000	94.349	-26.1196
187.500000	94.253	-25.6720
190.000000	94.163	-25.2139
192.500000	94.081	-24.7506
195.000000	94.004	-24.3048
197.500000	93.927	-23.8713
200.000000	93.854	-23.4258
203.000000	93.776	-22.8815
206.000000	93.704	-22.3212
209.000000	93.640	-21.7491
212.000000	93.580	-21.1727
214.000000	93.543	-20.7760
218.000000	93.476	-19.9883
220.000000	93.447	-19.6040
224.000000	93.400	-18.8232
227.000000	93.373	-18.2418
230.000000	93.351	-17.6846
233.000000	93.336	-17.1573
236.000000	93.323	-16.6489
240.000000	93.309	-16.0213
243.000000	93.300	-15.5980
247.000000	93.289	-15.0299
250.000000	93.279	-14.5887
254.000000	93.268	-14.0046
258.000000	93.262	-13.4309
262.000000	93.263	-12.8831
265.000000	93.269	-12.4922
269.000000	93.282	-11.9868
272.000000	93.295	-11.6245
276.000000	93.317	-11.1797
280.000000	93.342	-10.7964
285.000000	93.377	-10.3611
290.000000	93.417	-9.9871
295.000000	93.457	-9.6824
300.000000	93.497	-9.4156
304.000000	93.528	-9.2391
307.000000	93.552	-9.1256
311.000000	93.586	-9.0051
315.000000	93.624	-8.9179
320.000000	93.678	-8.8372
325.000000	93.734	-8.7841
330.000000	93.789	-8.7661
335.000000	93.843	-8.7762
340.000000	93.894	-8.8188
345.000000	93.942	-8.8911
350.000000	93.988	-8.9941
355.000000	94.033	-9.1194
360.000000	94.075	-9.2816
365.000000	94.115	-9.4720
370.000000	94.152	-9.6774
375.000000	94.183	-9.8936
382.000000	94.221	-10.2162
387.000000	94.244	-10.4955
395.000000	94.271	-10.9499
400.000000	94.282	-11.2337
406.000000	94.291	-11.5895
412.000000	94.294	-11.9675
418.000000	94.292	-12.3437
425.000000	94.281	-12.7683
431.000000	94.266	-13.1310
437.000000	94.246	-13.4789
444.000000	94.218	-13.8568
450.000000	94.190	-14.1737
455.000000	94.163	-14.4319
462.000000	94.121	-14.7785
468.000000	94.081	-15.0552
475.000000	94.031	-15.3508
482.000000	93.980	-15.6209
487.000000	93.942	-15.7942
494.000000	93.885	-16.0172
500.000000	93.835	-16.1881
508.000000	93.770	-16.3878
515.000000	93.712	-16.5234
522.000000	93.653	-16.6260
530.000000	93.586	-16.7233
538.000000	93.519	-16.7983
545.000000	93.459	-16.8399
552.000000	93.399	-16.8636
560.000000	93.331	-16.8743
570.000000	93.246	-16.8434
580.000000	93.161	-16.7767
590.000000	93.079	-16.6677
600.000000	93.000	-16.5220
608.000000	92.938	-16.3761
615.000000	92.884	-16.2333
622.000000	92.833	-16.0810
630.000000	92.776	-15.8915
640.000000	92.711	-15.6326
650.000000	92.652	-15.3446
660.000000	92.597	-15.0378
670.000000	92.543	-14.7109
680.000000	92.490	-14.3699
690.000000	92.440	-14.0088
700.000000	92.392	-13.6248
710.000000	92.346	-13.2291
720.000000	92.303	-12.8168
730.000000	92.263	-12.3818
740.000000	92.225	-11.9291
750.000000	92.190	-11.4688
762.000000	92.149	-10.8804
775.000000	92.109	-10.2049
788.000000	92.072	-9.5106
800.000000	92.041	-8.8445
812.000000	92.009	-8.1487
825.000000	91.976	-7.3716
838.000000	91.950	-6.5638
850.000000	91.931	-5.7897
862.000000	91.921	-5.0022
875.000000	91.921	-4.1415
885.000000	91.926	-3.4737
900.000000	91.944	-2.4687
912.000000	91.970	-1.6691
925.000000	92.007	-0.8188
938.000000	92.055	0.0164
950.000000	92.107	0.7617
962.000000	92.165	1.4752
975.000000	92.236	2.2086
988.000000	92.311	2.8971
1000.000000	92.377	3.4967
1015.000000	92.449	4.1925
1030.000000	92.516	4.8202
1044.000000	92.583	5.3445
1060.000000	92.664	5.8735
1075.000000	92.742	6.3015
1090.000000	92.820	6.6635
1106.000000	92.904	6.9778
1120.000000	92.979	7.1927
1138.000000	93.074	7.3956
1150.000000	93.136	7.4856
1172.000000	93.246	7.5660
1180.000000	93.285	7.5709
1206.000000	93.401	7.4999
1220.000000	93.459	7.4136
1241.000000	93.543	7.2378
1250.000000	93.582	7.1489
1265.000000	93.653	6.9883
1280.000000	93.726	6.8151
1315.000000	93.889	6.3658
1320.000000	93.911	6.2976
1340.000000	93.993	6.0206
1360.000000	94.069	5.7357
1380.000000	94.141	5.4456
1400.000000	94.207	5.1524
1430.000000	94.299	4.7067
1450.000000	94.356	4.4095
1475.000000	94.424	4.0382
1500.000000	94.487	3.6682
1525.000000	94.546	3.2977
1550.000000	94.602	2.9296
1575.000000	94.656	2.5578
1600.000000	94.709	2.1835
1625.000000	94.762	1.8022
1650.000000	94.816	1.4192
1675.000000	94.868	1.0363
1700.000000	94.917	0.6511
1725.000000	94.965	0.2607
1750.000000	95.010	-0.1378
1775.000000	95.054	-0.5509
1800.000000	95.095	-0.9813
1825.000000	95.134	-1.4313
1850.000000	95.173	-1.8952
1875.000000	95.213	-2.3823
1900.000000	95.248	-2.9165
1925.000000	95.276	-3.4935
1950.000000	95.301	-4.0978
1975.000000	95.324	-4.7073
2000.000000	95.345	-5.3197
2030.000000	95.367	-6.0702
2060.000000	95.385	-6.8336
2090.000000	95.397	-7.6006
2120.000000	95.405	-8.3775
2140.000000	95.407	-8.8979
2180.000000	95.404	-9.9437
2200.000000	95.398	-10.4723
2240.000000	95.379	-11.5350
2270.000000	95.357	-12.3342
2300.000000	95.330	-13.1272
2330.000000	95.296	-13.9120
2360.000000	95.256	-14.6915
2400.000000	95.193	-15.7069
2430.000000	95.139	-16.4417
2470.000000	95.058	-17.3901
2500.000000	94.991	-18.0753
2540.000000	94.896	-18.9431
2580.000000	94.796	-19.7581
2620.000000	94.694	-20.5503
2650.000000	94.613	-21.1492
2690.000000	94.497	-21.9500
2720.000000	94.400	-22.5349
2760.000000	94.257	-23.2667
2800.000000	94.098	-23.9039
2850.000000	93.887	-24.5139
2900.000000	93.671	-24.8757
2950.000000	93.466	-24.9793
3000.000000	93.293	-24.8563
3040.000000	93.191	-24.7079
3070.000000	93.134	-24.6613
3110.000000	93.075	-24.7671
3150.000000	93.015	-25.0825
3200.000000	92.918	-25.6635
3250.000000	92.785	-26.2686
3300.000000	92.621	-26.7621
3350.000000	92.440	-27.0906
3400.000000	92.252	-27.2551
3450.000000	92.063	-27.2919
3500.000000	91.874	-27.2117
3550.000000	91.689	-27.0239
3600.000000	91.507	-26.7424
3650.000000	91.330	-26.3776
3700.000000	91.160	-25.9291
3750.000000	90.997	-25.3955
3820.000000	90.785	-24.5179
3870.000000	90.644	-23.8342
3950.000000	90.431	-22.6796
4000.000000	90.304	-21.9172
4060.000000	90.144	-20.9812
4120.000000	89.983	-20.0286
4180.000000	89.830	-19.0541
4250.000000	89.664	-17.8645
4310.000000	89.534	-16.8190
4370.000000	89.414	-15.7960
4440.000000	89.292	-14.6223
4500.000000	89.198	-13.6367
4550.000000	89.122	-12.8342
4620.000000	89.019	-11.7035
4680.000000	88.933	-10.7252
4750.000000	88.832	-9.5852
4820.000000	88.735	-8.4290
4870.000000	88.670	-7.5833
4940.000000	88.585	-6.3689
5000.000000	88.521	-5.3097
5080.000000	88.448	-3.8772
5150.000000	88.396	-2.5802
5220.000000	88.355	-1.2406
5300.000000	88.319	0.2676
5380.000000	88.293	1.7528
5450.000000	88.284	3.0842
5520.000000	88.285	4.4446
5600.000000	88.299	6.0137
5700.000000	88.336	7.9785
5800.000000	88.395	9.9559
5900.000000	88.477	11.9999
6000.000000	88.585	14.1205
6080.000000	88.693	15.8163
6150.000000	88.806	17.2710
6220.000000	88.936	18.7004
6300.000000	89.104	20.2938
6400.000000	89.339	22.1966
6500.000000	89.608	23.9885
6600.000000	89.918	25.6545
6700.000000	90.273	27.1526
6800.000000	90.676	28.4398
6900.000000	91.130	29.4572
7000.000000	91.636	30.0966
7100.000000	92.189	30.2145
7200.000000	92.776	29.6393
7300.000000	93.367	28.1851
7400.000000	93.912	25.7424
7500.000000	94.352	22.4259
7620.000000	94.672	17.7587
7750.000000	94.750	12.7935
7880.000000	94.644	8.7061
8000.000000	94.503	5.7498
8120.000000	94.374	3.1835
8250.000000	94.221	0.4058
8380.000000	94.000	-2.3804
8500.000000	93.713	-4.6847
8620.000000	93.365	-6.4208
8750.000000	92.965	-7.4745
8850.000000	92.669	-7.7631
9000.000000	92.279	-7.5767
9120.000000	92.037	-6.9518
9250.000000	91.860	-5.9221
9380.000000	91.779	-4.6777
9500.000000	91.798	-3.4780
9620.000000	91.916	-2.3479
9750.000000	92.167	-1.3729
9880.000000	92.552	-0.9103
10000.000000	93.030	-1.1963
10150.000000	93.774	-3.0739
10300.000000	94.607	-7.3868
10440.000000	95.317	-14.1780
10600.000000	95.773	-25.1366
10750.000000	95.603	-37.2064
10900.000000	94.769	-48.8390
11060.000000	93.301	-58.6708
11200.000000	91.754	-64.3644
11380.000000	89.707	-67.9947
11500.000000	88.407	-68.6671
11720.000000	86.247	-67.5129
11800.000000	85.535	-66.5165
12060.000000	83.464	-61.7285
12200.000000	82.489	-58.3399
12410.000000	81.182	-52.5932
12500.000000	80.673	-49.9590
12650.000000	79.881	-45.4081
12800.000000	79.155	-40.6916
13150.000000	77.701	-29.1907
13200.000000	77.518	-27.5184
13400.000000	76.849	-20.7767
13600.000000	76.270	-13.9971
13800.000000	75.772	-7.2489
14000.000000	75.347	-0.5808
14300.000000	74.841	9.5033
14500.000000	74.599	16.4673
14750.000000	74.411	25.1831
15000.000000	74.347	33.5960
15250.000000	74.415	41.8670
15500.000000	74.617	50.0187
15750.000000	74.988	57.9331
16000.000000	75.610	65.4250
16250.000000	76.566	72.2474
16500.000000	77.844	77.9517
16750.000000	79.459	81.5487
17000.000000	81.356	81.2404
17250.000000	83.205	74.8901
17500.000000	84.362	62.1052
17750.000000	84.230	46.3474
18000.000000	82.790	33.3694
18250.000000	80.594	26.7480
18500.000000	78.267	26.4786
18750.000000	76.164	30.8045
19000.000000	74.378	38.1182
19250.000000	72.886	47.3311
19500.000000	71.671	57.8741
19750.000000	70.758	69.1250
20000.000000	70.269	78.2451
