20.000000	99.222	88.4120
20.299999	99.206	86.8761
20.600000	99.185	85.5307
20.900000	99.169	84.3636
21.200001	99.167	83.3320
21.400000	99.173	82.6903
21.799999	99.205	81.4466
22.000000	99.228	80.8228
22.400000	99.275	79.5543
22.700001	99.309	78.5981
23.000000	99.338	77.6613
23.299999	99.364	76.7646
23.600000	99.388	75.9207
24.000000	99.424	74.8805
24.299999	99.455	74.1536
24.700001	99.505	73.2301
25.000000	99.549	72.5542
25.400000	99.612	71.6574
25.799999	99.678	70.7595
26.200001	99.745	69.8663
26.500000	99.795	69.2050
26.900000	99.864	68.3362
27.200001	99.917	67.6906
27.600000	99.989	66.8287
28.000000	100.060	65.9602
28.500000	100.146	64.8717
29.000000	100.228	63.7982
29.500000	100.307	62.7495
30.000000	100.386	61.7212
30.400000	100.448	60.9110
30.700001	100.494	60.3108
31.100000	100.557	59.5189
31.500000	100.621	58.7287
32.000000	100.703	57.7260
32.500000	100.783	56.7007
33.000000	100.856	55.6736
33.500000	100.925	54.6721
34.000000	100.993	53.6992
34.500000	101.062	52.7359
35.000000	101.130	51.7706
35.500000	101.194	50.8110
36.000000	101.257	49.8659
36.500000	101.319	48.9282
37.000000	101.380	47.9861
37.500000	101.437	47.0425
38.200001	101.510	45.7450
38.700001	101.561	44.8369
39.500000	101.641	43.3801
40.000000	101.688	42.4627
40.599998	101.739	41.3742
41.200001	101.788	40.3083
41.799999	101.836	39.2549
42.500000	101.887	38.0338
43.099998	101.927	37.0042
43.700001	101.965	35.9985
44.400002	102.007	34.8485
45.000000	102.043	33.8703
45.500000	102.071	33.0553
46.200001	102.106	31.9163
46.799999	102.132	30.9516
47.500000	102.157	29.8529
48.200001	102.181	28.7824
48.700001	102.197	28.0267
49.400002	102.218	26.9735
50.000000	102.232	26.0769
50.799999	102.244	24.8928
51.500000	102.248	23.8681
52.200001	102.249	22.8651
53.000000	102.249	21.7506
53.799999	102.249	20.6486
54.500000	102.245	19.6934
55.200001	102.238	18.7611
56.000000	102.228	17.7147
57.000000	102.212	16.4213
58.000000	102.192	15.1596
59.000000	102.169	13.9193
60.000000	102.145	12.7124
60.799999	102.127	11.7505
61.500000	102.110	10.8954
62.200001	102.089	10.0449
63.000000	102.063	9.0991
64.000000	102.034	7.9589
65.000000	102.008	6.8488
66.000000	101.981	5.7497
67.000000	101.950	4.6606
68.000000	101.915	3.5831
69.000000	101.875	2.5382
70.000000	101.834	1.5320
71.000000	101.794	0.5415
72.000000	101.751	-0.4331
73.000000	101.707	-1.3884
74.000000	101.660	-2.3273
75.000000	101.609	-3.2421
76.199997	101.545	-4.3015
77.500000	101.475	-5.4073
78.800003	101.404	-6.5035
80.000000	101.333	-7.5044
81.199997	101.258	-8.4756
82.500000	101.175	-9.5038
83.800003	101.090	-10.4972
85.000000	101.009	-11.3876
86.199997	100.926	-12.2462
87.500000	100.834	-13.1307
88.500000	100.764	-13.7955
90.000000	100.657	-14.7977
91.199997	100.566	-15.5752
92.500000	100.467	-16.3801
93.800003	100.367	-17.1610
95.000000	100.275	-17.8530
96.199997	100.184	-18.5271
97.500000	100.082	-19.2482
98.800003	99.976	-19.9302
100.000000	99.878	-20.5280
101.500000	99.755	-21.2532
103.000000	99.633	-21.9516
104.400002	99.519	-22.5868
106.000000	99.387	-23.2737
107.500000	99.262	-23.8906
109.000000	99.134	-24.4698
110.599998	98.998	-25.0552
112.000000	98.878	-25.5535
113.800003	98.724	-26.1477
115.000000	98.621	-26.5083
117.199997	98.433	-27.0841
118.000000	98.365	-27.2698
120.599998	98.153	-27.8896
122.000000	98.034	-28.2638
124.099998	97.855	-28.7495
125.000000	97.783	-28.9352
126.500000	97.670	-29.2162
128.000000	97.563	-29.4724
131.500000	97.309	-29.9835
132.000000	97.273	-30.0472
134.000000	97.125	-30.2736
136.000000	96.981	-30.4565
138.000000	96.841	-30.6052
140.000000	96.705	-30.7280
143.000000	96.503	-30.8447
145.000000	96.372	-30.8645
147.500000	96.213	-30.8815
150.000000	96.055	-30.8678
152.500000	95.899	-30.8030
155.000000	95.749	-30.6782
157.500000	95.601	-30.5117
160.000000	95.452	-30.2903
162.500000	95.305	-30.0494
165.000000	95.159	-29.7891
167.500000	95.021	-29.4914
170.000000	94.888	-29.1741
172.500000	94.759	-28.8456
175.000000	94.633	-28.4911
177.500000	94.508	-28.0891
180.000000	94.387	-27.6563
182.500000	94.273	-27.2162
185.000000	94.168	-26.7589
187.500000	94.075	-26.2609
190.000000	93.988	-25.7582
192.500000	93.905	-25.2797
195.000000	93.826	-24.8284
197.500000	93.754	-24.3647
200.000000	93.690	-23.8851
203.000000	93.621	-23.3049
206.000000	93.556	-22.7593
209.000000	93.494	-22.2073
212.000000	93.437	-21.6481
214.000000	93.403	-21.2727
218.000000	93.346	-20.5496
220.000000	93.322	-20.1966
224.000000	93.276	-19.4904
227.000000	93.245	-18.9697
230.000000	93.221	-18.4660
233.000000	93.200	-17.9910
236.000000	93.183	-17.5464
240.000000	93.163	-16.9559
243.000000	93.150	-16.5048
247.000000	93.138	-15.9573
250.000000	93.131	-15.5753
254.000000	93.117	-15.0430
258.000000	93.100	-14.4860
262.000000	93.089	-13.9283
265.000000	93.089	-13.5225
269.000000	93.094	-13.0091
272.000000	93.103	-12.6402
276.000000	93.121	-12.1711
280.000000	93.145	-11.7380
285.000000	93.178	-11.2852
290.000000	93.214	-10.9015
295.000000	93.252	-10.5533
300.000000	93.292	-10.2462
304.000000	93.323	-10.0789
307.000000	93.347	-9.9772
311.000000	93.382	-9.8450
315.000000	93.419	-9.7406
320.000000	93.470	-9.6524
325.000000	93.523	-9.5895
330.000000	93.576	-9.5840
335.000000	93.625	-9.5977
340.000000	93.672	-9.6136
345.000000	93.718	-9.6849
350.000000	93.763	-9.7980
355.000000	93.803	-9.9221
360.000000	93.841	-10.0634
365.000000	93.879	-10.2259
370.000000	93.914	-10.4175
375.000000	93.944	-10.6406
382.000000	93.977	-11.0031
387.000000	93.995	-11.2722
395.000000	94.019	-11.7339
400.000000	94.029	-12.0314
406.000000	94.034	-12.3963
412.000000	94.032	-12.7655
418.000000	94.023	-13.1357
425.000000	94.005	-13.5537
431.000000	93.986	-13.8972
437.000000	93.963	-14.2256
444.000000	93.929	-14.5963
450.000000	93.895	-14.8977
455.000000	93.863	-15.1374
462.000000	93.815	-15.4634
468.000000	93.771	-15.7261
475.000000	93.717	-16.0045
482.000000	93.661	-16.2641
487.000000	93.619	-16.4332
494.000000	93.557	-16.6331
500.000000	93.501	-16.7786
508.000000	93.430	-16.9397
515.000000	93.368	-17.0602
522.000000	93.306	-17.1714
530.000000	93.234	-17.2543
538.000000	93.163	-17.2955
545.000000	93.099	-17.3072
552.000000	93.034	-17.3002
560.000000	92.961	-17.2758
570.000000	92.872	-17.1991
580.000000	92.784	-17.0750
590.000000	92.699	-16.9192
600.000000	92.614	-16.7314
608.000000	92.548	-16.5536
615.000000	92.491	-16.3769
622.000000	92.436	-16.1829
630.000000	92.376	-15.9457
640.000000	92.310	-15.6341
650.000000	92.247	-15.2919
660.000000	92.187	-14.9307
670.000000	92.130	-14.5482
680.000000	92.076	-14.1414
690.000000	92.024	-13.7061
700.000000	91.974	-13.2431
710.000000	91.928	-12.7637
720.000000	91.884	-12.2687
730.000000	91.844	-11.7513
740.000000	91.806	-11.2129
750.000000	91.772	-10.6529
762.000000	91.735	-9.9486
775.000000	91.703	-9.1663
788.000000	91.677	-8.3541
800.000000	91.653	-7.5856
812.000000	91.629	-6.7968
825.000000	91.612	-5.9238
838.000000	91.604	-5.0308
850.000000	91.605	-4.2004
862.000000	91.613	-3.3731
875.000000	91.632	-2.4874
885.000000	91.653	-1.8187
900.000000	91.693	-0.8320
912.000000	91.733	-0.0614
925.000000	91.784	0.7442
938.000000	91.844	1.5186
950.000000	91.904	2.2004
962.000000	91.969	2.8554
975.000000	92.044	3.5409
988.000000	92.121	4.1908
1000.000000	92.188	4.7610
1015.000000	92.259	5.4240
1030.000000	92.325	6.0295
1044.000000	92.390	6.5394
1060.000000	92.467	7.0501
1075.000000	92.540	7.4572
1090.000000	92.614	7.8023
1106.000000	92.696	8.1103
1120.000000	92.768	8.3277
1138.000000	92.858	8.5361
1150.000000	92.917	8.6296
1172.000000	93.020	8.7097
1180.000000	93.055	8.7139
1206.000000	93.165	8.6585
1220.000000	93.221	8.5878
1241.000000	93.303	8.4368
1250.000000	93.341	8.3573
1265.000000	93.410	8.2107
1280.000000	93.481	8.0523
1315.000000	93.639	7.6646
1320.000000	93.660	7.6102
1340.000000	93.741	7.3905
1360.000000	93.816	7.1601
1380.000000	93.888	6.9205
1400.000000	93.954	6.6754
1430.000000	94.046	6.3129
1450.000000	94.105	6.0785
1475.000000	94.174	5.7865
1500.000000	94.239	5.4730
1525.000000	94.299	5.1270
1550.000000	94.356	4.7617
1575.000000	94.413	4.3911
1600.000000	94.474	4.0350
1625.000000	94.541	3.6814
1650.000000	94.609	3.3024
1675.000000	94.674	2.8847
1700.000000	94.732	2.4537
1725.000000	94.787	2.0278
1750.000000	94.842	1.6173
1775.000000	94.899	1.2147
1800.000000	94.956	0.7869
1825.000000	95.015	0.3053
1850.000000	95.072	-0.2294
1875.000000	95.125	-0.8132
1900.000000	95.171	-1.4268
1925.000000	95.211	-2.0540
1950.000000	95.246	-2.6845
1975.000000	95.279	-3.3120
2000.000000	95.308	-3.9437
2030.000000	95.340	-4.7174
2060.000000	95.368	-5.5028
2090.000000	95.391	-6.3055
2120.000000	95.408	-7.1127
2140.000000	95.416	-7.6555
2180.000000	95.425	-8.7536
2200.000000	95.425	-9.3112
2240.000000	95.415	-10.4354
2270.000000	95.400	-11.2775
2300.000000	95.379	-12.1160
2330.000000	95.351	-12.9410
2360.000000	95.315	-13.7512
2400.000000	95.257	-14.7950
2430.000000	95.206	-15.5499
2470.000000	95.129	-16.5151
2500.000000	95.067	-17.2061
2540.000000	94.982	-18.0924
2580.000000	94.898	-18.9691
2620.000000	94.808	-19.8774
2650.000000	94.732	-20.5817
2690.000000	94.608	-21.5039
2720.000000	94.501	-22.1364
2760.000000	94.344	-22.8528
2800.000000	94.176	-23.4006
2850.000000	93.965	-23.8165
2900.000000	93.781	-23.9302
2950.000000	93.647	-23.9290
3000.000000	93.554	-24.1440
3040.000000	93.488	-24.5634
3070.000000	93.426	-24.9949
3110.000000	93.318	-25.6483
3150.000000	93.183	-26.2827
3200.000000	92.997	-26.9164
3250.000000	92.801	-27.3298
3300.000000	92.606	-27.5406
3350.000000	92.418	-27.5895
3400.000000	92.244	-27.5421
3450.000000	92.084	-27.4592
3500.000000	91.929	-27.3777
3550.000000	91.771	-27.2863
3600.000000	91.607	-27.1300
3650.000000	91.443	-26.8562
3700.000000	91.286	-26.4623
3750.000000	91.141	-25.9918
3820.000000	90.958	-25.3148
3870.000000	90.837	-24.8447
3950.000000	90.649	-24.0881
4000.000000	90.524	-23.5778
4060.000000	90.362	-22.9122
4120.000000	90.195	-22.2015
4180.000000	90.035	-21.4355
4250.000000	89.860	-20.4556
4310.000000	89.720	-19.5723
4370.000000	89.588	-18.6829
4440.000000	89.444	-17.6451
4500.000000	89.323	-16.7621
4550.000000	89.224	-16.0210
4620.000000	89.091	-14.9435
4680.000000	88.984	-13.9854
4750.000000	88.865	-12.8453
4820.000000	88.754	-11.6757
4870.000000	88.680	-10.8137
4940.000000	88.585	-9.5669
5000.000000	88.512	-8.4773
5080.000000	88.430	-7.0148
5150.000000	88.370	-5.7150
5220.000000	88.320	-4.3768
5300.000000	88.277	-2.7927
5380.000000	88.248	-1.1870
5450.000000	88.236	0.2289
5520.000000	88.236	1.6559
5600.000000	88.249	3.2863
5700.000000	88.288	5.3128
5800.000000	88.351	7.3690
5900.000000	88.440	9.4773
6000.000000	88.559	11.5802
6080.000000	88.678	13.2217
6150.000000	88.803	14.6540
6220.000000	88.946	16.0757
6300.000000	89.128	17.6409
6400.000000	89.381	19.4628
6500.000000	89.669	21.1178
6600.000000	90.004	22.6075
6700.000000	90.387	23.8289
6800.000000	90.817	24.6595
6900.000000	91.291	25.0181
7000.000000	91.794	24.7275
7100.000000	92.296	23.6155
7200.000000	92.749	21.6632
7300.000000	93.092	19.0112
7400.000000	93.279	16.0204
7500.000000	93.310	13.2830
7620.000000	93.234	11.0520
7750.000000	93.204	9.9877
7880.000000	93.355	9.2277
8000.000000	93.617	7.6702
8120.000000	93.868	4.9180
8250.000000	93.985	0.8604
8380.000000	93.870	-3.5338
8500.000000	93.590	-7.0178
8620.000000	93.208	-9.5579
8750.000000	92.758	-11.2253
8850.000000	92.423	-11.8849
9000.000000	91.984	-12.0919
9120.000000	91.705	-11.7201
9250.000000	91.483	-10.9290
9380.000000	91.353	-9.7872
9500.000000	91.320	-8.5250
9620.000000	91.376	-7.2462
9750.000000	91.540	-6.0524
9880.000000	91.818	-5.2738
10000.000000	92.173	-5.1166
10150.000000	92.736	-6.0516
10300.000000	93.384	-8.7489
10440.000000	93.974	-13.2850
10600.000000	94.453	-21.0645
10750.000000	94.510	-30.3689
10900.000000	94.057	-40.2235
11060.000000	93.034	-49.4141
11200.000000	91.814	-55.3372
11380.000000	90.043	-59.7705
11500.000000	88.850	-60.9661
11720.000000	86.790	-60.4171
11800.000000	86.097	-59.5582
12060.000000	84.059	-55.1216
12200.000000	83.090	-52.0033
12410.000000	81.783	-46.7015
12500.000000	81.271	-44.2474
12650.000000	80.475	-39.9585
12800.000000	79.747	-35.4590
13150.000000	78.289	-24.4119
13200.000000	78.107	-22.7981
13400.000000	77.436	-16.2724
13600.000000	76.850	-9.6221
13800.000000	76.346	-2.9230
14000.000000	75.917	3.7723
14300.000000	75.411	14.0021
14500.000000	75.165	20.9156
14750.000000	74.971	29.5282
15000.000000	74.908	38.0864
15250.000000	74.979	46.5734
15500.000000	75.201	54.9219
15750.000000	75.610	62.9493
16000.000000	76.287	70.4486
16250.000000	77.312	77.2170
16500.000000	78.675	82.6844
16750.000000	80.380	85.6584
17000.000000	82.314	84.1057
17250.000000	84.055	76.1387
17500.000000	84.925	62.2948
17750.000000	84.442	46.9013
18000.000000	82.768	35.4678
18250.000000	80.520	30.6829
18500.000000	78.263	31.8166
18750.000000	76.266	36.9966
19000.000000	74.582	44.7740
19250.000000	73.184	54.2003
19500.000000	72.053	64.9465
19750.000000	71.214	76.4974
20000.000000	70.773	85.8980
