20.000000	100.280	90.4886
20.299999	100.304	88.9071
20.600000	100.323	87.4568
20.900000	100.343	86.1279
21.200001	100.368	84.8920
21.400000	100.389	84.1025
21.799999	100.436	82.5725
22.000000	100.461	81.8248
22.400000	100.510	80.3680
22.700001	100.546	79.3195
23.000000	100.584	78.3130
23.299999	100.625	77.3415
23.600000	100.671	76.3904
24.000000	100.737	75.1293
24.299999	100.788	74.1803
24.700001	100.854	72.9186
25.000000	100.902	71.9868
25.400000	100.964	70.7764
25.799999	101.028	69.6009
26.200001	101.094	68.4476
26.500000	101.144	67.5899
26.900000	101.212	66.4533
27.200001	101.261	65.6073
27.600000	101.327	64.4889
28.000000	101.392	63.3787
28.500000	101.470	61.9994
29.000000	101.543	60.6359
29.500000	101.612	59.2999
30.000000	101.679	57.9883
30.400000	101.731	56.9443
30.700001	101.770	56.1598
31.100000	101.818	55.1130
31.500000	101.863	54.0721
32.000000	101.916	52.7867
32.500000	101.966	51.5145
33.000000	102.014	50.2476
33.500000	102.056	48.9927
34.000000	102.094	47.7654
34.500000	102.130	46.5670
35.000000	102.165	45.3818
35.500000	102.197	44.2009
36.000000	102.223	43.0380
36.500000	102.244	41.9138
37.000000	102.265	40.8294
37.500000	102.286	39.7649
38.200001	102.311	38.2808
38.700001	102.324	37.2348
39.500000	102.337	35.6119
40.000000	102.344	34.6225
40.599998	102.349	33.4507
41.200001	102.351	32.3018
41.799999	102.351	31.1805
42.500000	102.348	29.8979
43.099998	102.342	28.8162
43.700001	102.334	27.7585
44.400002	102.319	26.5659
45.000000	102.305	25.5848
45.500000	102.294	24.7954
46.200001	102.279	23.7155
46.799999	102.266	22.7927
47.500000	102.245	21.7251
48.200001	102.219	20.7040
48.700001	102.200	20.0090
49.400002	102.174	19.0598
50.000000	102.151	18.2504
50.799999	102.113	17.1837
51.500000	102.075	16.2748
52.200001	102.035	15.3922
53.000000	101.987	14.4257
53.799999	101.939	13.5092
54.500000	101.900	12.7313
55.200001	101.862	11.9565
56.000000	101.814	11.0779
57.000000	101.749	10.0304
58.000000	101.685	9.0387
59.000000	101.622	8.0735
60.000000	101.563	7.1383
60.799999	101.519	6.3892
61.500000	101.479	5.7324
62.200001	101.439	5.0930
63.000000	101.395	4.3845
64.000000	101.345	3.5181
65.000000	101.295	2.6840
66.000000	101.245	1.8760
67.000000	101.193	1.0887
68.000000	101.140	0.3243
69.000000	101.086	-0.4255
70.000000	101.032	-1.1571
71.000000	100.979	-1.8716
72.000000	100.926	-2.5721
73.000000	100.874	-3.2549
74.000000	100.821	-3.9206
75.000000	100.767	-4.5615
76.199997	100.702	-5.2969
77.500000	100.631	-6.0809
78.800003	100.558	-6.8331
80.000000	100.492	-7.5145
81.199997	100.423	-8.2029
82.500000	100.344	-8.9163
83.800003	100.264	-9.5855
85.000000	100.190	-10.1871
86.199997	100.113	-10.7682
87.500000	100.028	-11.3796
88.500000	99.960	-11.8348
90.000000	99.863	-12.4482
91.199997	99.794	-12.9603
92.500000	99.716	-13.5344
93.800003	99.636	-14.0851
95.000000	99.559	-14.5641
96.199997	99.481	-15.0013
97.500000	99.399	-15.4437
98.800003	99.318	-15.8958
100.000000	99.241	-16.3163
101.500000	99.141	-16.8047
103.000000	99.044	-17.2611
104.400002	98.953	-17.6669
106.000000	98.848	-18.0953
107.500000	98.750	-18.4697
109.000000	98.653	-18.8336
110.599998	98.550	-19.2131
112.000000	98.459	-19.5220
113.800003	98.343	-19.8837
115.000000	98.267	-20.1146
117.199997	98.124	-20.5470
118.000000	98.070	-20.7051
120.599998	97.894	-21.0504
122.000000	97.816	-21.2020
124.099998	97.704	-21.4576
125.000000	97.657	-21.5564
126.500000	97.580	-21.7024
128.000000	97.504	-21.8173
131.500000	97.335	-22.0446
132.000000	97.311	-22.0773
134.000000	97.218	-22.1964
136.000000	97.128	-22.2856
138.000000	97.039	-22.3484
140.000000	96.951	-22.3806
143.000000	96.822	-22.3943
145.000000	96.742	-22.3850
147.500000	96.644	-22.3589
150.000000	96.547	-22.3002
152.500000	96.454	-22.2189
155.000000	96.367	-22.1202
157.500000	96.284	-21.9650
160.000000	96.201	-21.7822
162.500000	96.114	-21.5995
165.000000	96.031	-21.4269
167.500000	95.950	-21.2398
170.000000	95.871	-21.0139
172.500000	95.794	-20.7984
175.000000	95.719	-20.5883
177.500000	95.651	-20.3527
180.000000	95.588	-20.1021
182.500000	95.529	-19.8248
185.000000	95.474	-19.5369
187.500000	95.426	-19.2546
190.000000	95.385	-18.9919
192.500000	95.347	-18.7609
195.000000	95.310	-18.5324
197.500000	95.276	-18.3066
200.000000	95.247	-18.1036
203.000000	95.219	-17.8619
206.000000	95.197	-17.6120
209.000000	95.178	-17.3885
212.000000	95.160	-17.1877
214.000000	95.150	-17.0563
218.000000	95.134	-16.8151
220.000000	95.126	-16.7014
224.000000	95.115	-16.4947
227.000000	95.108	-16.3472
230.000000	95.103	-16.2078
233.000000	95.099	-16.1019
236.000000	95.097	-16.0314
240.000000	95.093	-15.9301
243.000000	95.090	-15.8492
247.000000	95.089	-15.7833
250.000000	95.085	-15.7552
254.000000	95.073	-15.7307
258.000000	95.059	-15.6979
262.000000	95.043	-15.6426
265.000000	95.032	-15.5913
269.000000	95.022	-15.5291
272.000000	95.020	-15.4809
276.000000	95.020	-15.4326
280.000000	95.024	-15.4294
285.000000	95.031	-15.4847
290.000000	95.039	-15.5842
295.000000	95.044	-15.7328
300.000000	95.048	-15.9161
304.000000	95.049	-16.0826
307.000000	95.048	-16.2217
311.000000	95.047	-16.4150
315.000000	95.048	-16.6243
320.000000	95.053	-16.9189
325.000000	95.060	-17.2277
330.000000	95.064	-17.5447
335.000000	95.063	-17.8832
340.000000	95.059	-18.2471
345.000000	95.052	-18.6177
350.000000	95.043	-18.9920
355.000000	95.032	-19.3666
360.000000	95.018	-19.7538
365.000000	94.999	-20.1503
370.000000	94.978	-20.5504
375.000000	94.954	-20.9644
382.000000	94.910	-21.5651
387.000000	94.875	-21.9846
395.000000	94.811	-22.6660
400.000000	94.766	-23.0905
406.000000	94.704	-23.5942
412.000000	94.636	-24.0990
418.000000	94.564	-24.5794
425.000000	94.474	-25.1139
431.000000	94.389	-25.5490
437.000000	94.301	-25.9588
444.000000	94.195	-26.4121
450.000000	94.100	-26.7711
455.000000	94.017	-27.0487
462.000000	93.898	-27.4163
468.000000	93.792	-27.6955
475.000000	93.666	-27.9946
482.000000	93.539	-28.2595
487.000000	93.448	-28.4225
494.000000	93.318	-28.6091
500.000000	93.207	-28.7369
508.000000	93.062	-28.8646
515.000000	92.934	-28.9363
522.000000	92.807	-28.9749
530.000000	92.662	-28.9695
538.000000	92.518	-28.9152
545.000000	92.393	-28.8330
552.000000	92.267	-28.7213
560.000000	92.125	-28.5601
570.000000	91.952	-28.3020
580.000000	91.782	-27.9998
590.000000	91.613	-27.6372
600.000000	91.448	-27.2118
608.000000	91.320	-26.8353
615.000000	91.209	-26.4849
622.000000	91.101	-26.1130
630.000000	90.983	-25.6694
640.000000	90.842	-25.0839
650.000000	90.708	-24.4512
660.000000	90.578	-23.7708
670.000000	90.454	-23.0504
680.000000	90.336	-22.2999
690.000000	90.222	-21.5208
700.000000	90.114	-20.7053
710.000000	90.008	-19.8546
720.000000	89.905	-18.9804
730.000000	89.810	-18.0753
740.000000	89.720	-17.1484
750.000000	89.635	-16.1962
762.000000	89.539	-15.0096
775.000000	89.446	-13.6686
788.000000	89.363	-12.2920
800.000000	89.292	-11.0005
812.000000	89.225	-9.6847
825.000000	89.162	-8.2279
838.000000	89.112	-6.7509
850.000000	89.078	-5.3780
862.000000	89.055	-3.9969
875.000000	89.043	-2.5040
885.000000	89.044	-1.3654
900.000000	89.058	0.3183
912.000000	89.079	1.6429
925.000000	89.113	3.0508
938.000000	89.158	4.4224
950.000000	89.207	5.6603
962.000000	89.266	6.8704
975.000000	89.337	8.1390
988.000000	89.415	9.3623
1000.000000	89.483	10.4498
1015.000000	89.559	11.7417
1030.000000	89.634	12.9672
1044.000000	89.710	14.0516
1060.000000	89.805	15.2172
1075.000000	89.899	16.2238
1090.000000	89.996	17.1500
1106.000000	90.105	18.0625
1120.000000	90.202	18.7981
1138.000000	90.330	19.6636
1150.000000	90.417	20.1879
1172.000000	90.574	21.0533
1180.000000	90.630	21.3361
1206.000000	90.808	22.1430
1220.000000	90.903	22.5168
1241.000000	91.047	23.0186
1250.000000	91.112	23.2120
1265.000000	91.228	23.5044
1280.000000	91.348	23.7657
1315.000000	91.623	24.2881
1320.000000	91.662	24.3540
1340.000000	91.812	24.5959
1360.000000	91.958	24.8082
1380.000000	92.102	24.9985
1400.000000	92.243	25.1679
1430.000000	92.448	25.3851
1450.000000	92.582	25.5034
1475.000000	92.746	25.6257
1500.000000	92.908	25.7224
1525.000000	93.066	25.7943
1550.000000	93.223	25.8458
1575.000000	93.380	25.8799
1600.000000	93.540	25.8955
1625.000000	93.707	25.8783
1650.000000	93.876	25.8105
1675.000000	94.042	25.6928
1700.000000	94.205	25.5413
1725.000000	94.362	25.3693
1750.000000	94.518	25.1914
1775.000000	94.676	24.9988
1800.000000	94.836	24.7809
1825.000000	94.999	24.5161
1850.000000	95.160	24.1799
1875.000000	95.315	23.7758
1900.000000	95.464	23.3317
1925.000000	95.609	22.8651
1950.000000	95.749	22.3721
1975.000000	95.883	21.8528
2000.000000	96.015	21.3102
2030.000000	96.171	20.6376
2060.000000	96.322	19.9352
2090.000000	96.467	19.1920
2120.000000	96.606	18.4126
2140.000000	96.696	17.8805
2180.000000	96.867	16.7868
2200.000000	96.948	16.2238
2240.000000	97.101	15.0575
2270.000000	97.207	14.1517
2300.000000	97.304	13.2257
2330.000000	97.395	12.2900
2360.000000	97.477	11.3503
2400.000000	97.575	10.0968
2430.000000	97.640	9.1605
2470.000000	97.716	7.9296
2500.000000	97.767	7.0303
2540.000000	97.833	5.8583
2580.000000	97.897	4.6622
2620.000000	97.952	3.3900
2650.000000	97.983	2.3953
2690.000000	98.001	1.0652
2720.000000	97.997	0.1196
2760.000000	97.976	-1.0061
2800.000000	97.943	-1.9399
2850.000000	97.898	-2.8435
2900.000000	97.872	-3.4930
2950.000000	97.889	-4.0549
3000.000000	97.946	-4.8198
3040.000000	97.995	-5.6927
3070.000000	98.018	-6.4714
3110.000000	98.020	-7.5906
3150.000000	97.992	-8.7000
3200.000000	97.932	-9.9437
3250.000000	97.859	-10.9768
3300.000000	97.777	-11.8307
3350.000000	97.698	-12.5255
3400.000000	97.628	-13.0954
3450.000000	97.565	-13.6184
3500.000000	97.503	-14.1415
3550.000000	97.431	-14.6642
3600.000000	97.347	-15.1357
3650.000000	97.258	-15.5052
3700.000000	97.168	-15.7710
3750.000000	97.085	-15.9597
3820.000000	96.980	-16.1702
3870.000000	96.909	-16.3079
3950.000000	96.791	-16.4979
4000.000000	96.702	-16.5979
4060.000000	96.577	-16.6576
4120.000000	96.443	-16.6333
4180.000000	96.307	-16.5456
4250.000000	96.153	-16.3748
4310.000000	96.024	-16.1879
4370.000000	95.899	-15.9653
4440.000000	95.757	-15.6716
4500.000000	95.634	-15.3943
4550.000000	95.531	-15.1234
4620.000000	95.387	-14.6739
4680.000000	95.264	-14.2310
4750.000000	95.125	-13.6378
4820.000000	94.991	-12.9669
4870.000000	94.898	-12.4554
4940.000000	94.774	-11.7113
5000.000000	94.672	-11.0459
5080.000000	94.550	-10.0573
5150.000000	94.455	-9.0711
5220.000000	94.367	-8.0177
5300.000000	94.276	-6.7617
5380.000000	94.202	-5.4442
5450.000000	94.149	-4.2877
5520.000000	94.104	-3.1263
5600.000000	94.070	-1.7163
5700.000000	94.050	0.1567
5800.000000	94.053	2.0911
5900.000000	94.082	4.0955
6000.000000	94.142	6.1768
6080.000000	94.216	7.8689
6150.000000	94.302	9.3295
6220.000000	94.406	10.7448
6300.000000	94.545	12.3050
6400.000000	94.747	14.1699
6500.000000	94.987	15.9043
6600.000000	95.274	17.4598
6700.000000	95.612	18.7611
6800.000000	96.002	19.7236
6900.000000	96.438	20.2634
7000.000000	96.908	20.2296
7100.000000	97.379	19.3737
7200.000000	97.804	17.6206
7300.000000	98.122	15.1722
7400.000000	98.287	12.4507
7500.000000	98.300	10.0143
7620.000000	98.201	8.0864
7750.000000	98.140	7.2933
7880.000000	98.263	6.8650
8000.000000	98.505	5.6824
8120.000000	98.741	3.3505
8250.000000	98.851	-0.0741
8380.000000	98.736	-3.6815
8500.000000	98.456	-6.4978
8620.000000	98.075	-8.4493
8750.000000	97.630	-9.5090
8850.000000	97.302	-9.6973
9000.000000	96.874	-9.2319
9120.000000	96.606	-8.3875
9250.000000	96.399	-7.1846
9380.000000	96.286	-5.7556
9500.000000	96.270	-4.3022
9620.000000	96.345	-2.8608
9750.000000	96.532	-1.5532
9880.000000	96.833	-0.7124
10000.000000	97.212	-0.5284
10150.000000	97.807	-1.4480
10300.000000	98.488	-4.1443
10440.000000	99.109	-8.7329
10600.000000	99.622	-16.5964
10750.000000	99.713	-25.9322
10900.000000	99.296	-35.8161
11060.000000	98.310	-45.2079
11200.000000	97.123	-51.4457
11380.000000	95.397	-56.3075
11500.000000	94.236	-57.7787
11720.000000	92.236	-57.7406
11800.000000	91.564	-57.0918
12060.000000	89.597	-53.4049
12200.000000	88.665	-50.6882
12410.000000	87.413	-46.0048
12500.000000	86.924	-43.8287
12650.000000	86.165	-40.0355
12800.000000	85.473	-36.0640
13150.000000	84.100	-26.2896
13200.000000	83.930	-24.8535
13400.000000	83.305	-19.0472
13600.000000	82.761	-13.1489
13800.000000	82.294	-7.1083
14000.000000	81.901	-0.9611
14300.000000	81.444	8.3987
14500.000000	81.228	14.6842
14750.000000	81.062	22.4833
15000.000000	81.019	30.2509
15250.000000	81.101	37.5869
15500.000000	81.326	44.5151
15750.000000	81.732	51.1927
16000.000000	82.395	57.1456
16250.000000	83.395	61.9180
16500.000000	84.721	65.1310
16750.000000	86.376	65.8154
17000.000000	88.250	62.1222
17250.000000	89.926	52.1507
17500.000000	90.725	36.2968
17750.000000	90.165	18.9720
18000.000000	88.400	5.6714
18250.000000	86.040	-1.0327
18500.000000	83.643	-1.8605
18750.000000	81.484	1.3055
19000.000000	79.618	7.0882
19250.000000	78.023	14.6998
19500.000000	76.678	23.6924
19750.000000	75.623	33.4912
20000.000000	75.033	41.5517
