20.000000	98.740	92.7736
20.299999	98.786	91.5090
20.600000	98.832	90.2993
20.900000	98.876	89.1424
21.200001	98.918	88.0414
21.400000	98.946	87.3400
21.799999	99.002	86.0159
22.000000	99.031	85.3904
22.400000	99.093	84.1988
22.700001	99.143	83.3443
23.000000	99.195	82.5135
23.299999	99.249	81.7022
23.600000	99.303	80.9110
24.000000	99.375	79.8924
24.299999	99.431	79.1581
24.700001	99.508	78.2135
25.000000	99.569	77.5210
25.400000	99.655	76.6011
25.799999	99.742	75.6721
26.200001	99.827	74.7351
26.500000	99.889	74.0359
26.900000	99.969	73.1226
27.200001	100.028	72.4572
27.600000	100.108	71.5943
28.000000	100.190	70.7471
28.500000	100.296	69.6881
29.000000	100.402	68.6157
29.500000	100.504	67.5345
30.000000	100.603	66.4587
30.400000	100.679	65.6103
30.700001	100.735	64.9828
31.100000	100.809	64.1567
31.500000	100.884	63.3381
32.000000	100.977	62.3169
32.500000	101.069	61.2925
33.000000	101.159	60.2656
33.500000	101.246	59.2388
34.000000	101.330	58.2128
34.500000	101.410	57.1889
35.000000	101.486	56.1738
35.500000	101.559	55.1755
36.000000	101.630	54.1947
36.500000	101.701	53.2207
37.000000	101.772	52.2417
37.500000	101.838	51.2554
38.200001	101.924	49.8848
38.700001	101.981	48.9324
39.500000	102.071	47.4518
40.000000	102.129	46.5299
40.599998	102.196	45.4102
41.200001	102.258	44.2878
41.799999	102.313	43.1857
42.500000	102.374	41.9346
43.099998	102.424	40.8848
43.700001	102.472	39.8509
44.400002	102.526	38.6572
45.000000	102.571	37.6341
45.500000	102.606	36.7812
46.200001	102.650	35.5972
46.799999	102.685	34.5955
47.500000	102.722	33.4361
48.200001	102.754	32.2901
48.700001	102.775	31.4869
49.400002	102.801	30.3814
50.000000	102.821	29.4412
50.799999	102.840	28.1942
51.500000	102.850	27.1203
52.200001	102.858	26.0648
53.000000	102.864	24.8737
53.799999	102.866	23.7051
54.500000	102.865	22.7078
55.200001	102.864	21.7270
56.000000	102.860	20.6201
57.000000	102.850	19.2659
58.000000	102.837	17.9455
59.000000	102.822	16.6554
60.000000	102.807	15.3611
60.799999	102.789	14.3182
61.500000	102.770	13.4233
62.200001	102.750	12.5463
63.000000	102.728	11.5532
64.000000	102.702	10.3249
65.000000	102.674	9.1178
66.000000	102.641	7.9534
67.000000	102.609	6.8392
68.000000	102.577	5.7358
69.000000	102.542	4.6316
70.000000	102.500	3.5536
71.000000	102.454	2.5181
72.000000	102.408	1.5112
73.000000	102.361	0.5169
74.000000	102.311	-0.4636
75.000000	102.259	-1.4268
76.199997	102.194	-2.5551
77.500000	102.120	-3.7404
78.800003	102.043	-4.8803
80.000000	101.970	-5.8928
81.199997	101.892	-6.8854
82.500000	101.803	-7.9330
83.800003	101.712	-8.9375
85.000000	101.627	-9.8462
86.199997	101.540	-10.7409
87.500000	101.442	-11.6804
88.500000	101.364	-12.3652
90.000000	101.250	-13.3384
91.199997	101.159	-14.1237
92.500000	101.054	-14.9439
93.800003	100.950	-15.7299
95.000000	100.853	-16.4353
96.199997	100.756	-17.1244
97.500000	100.650	-17.8488
98.800003	100.542	-18.5410
100.000000	100.440	-19.1520
101.500000	100.311	-19.8719
103.000000	100.182	-20.5548
104.400002	100.062	-21.1673
106.000000	99.923	-21.8420
107.500000	99.792	-22.4349
109.000000	99.660	-23.0131
110.599998	99.517	-23.5961
112.000000	99.394	-24.0731
113.800003	99.238	-24.6486
115.000000	99.135	-24.9959
117.199997	98.944	-25.5719
118.000000	98.873	-25.7571
120.599998	98.651	-26.3147
122.000000	98.530	-26.6555
124.099998	98.350	-27.0913
125.000000	98.278	-27.2548
126.500000	98.162	-27.5115
128.000000	98.048	-27.7454
131.500000	97.781	-28.1888
132.000000	97.744	-28.2439
134.000000	97.596	-28.4514
136.000000	97.451	-28.6251
138.000000	97.308	-28.7295
140.000000	97.170	-28.7854
143.000000	96.966	-28.8510
145.000000	96.831	-28.8555
147.500000	96.666	-28.7988
150.000000	96.508	-28.7072
152.500000	96.352	-28.5909
155.000000	96.198	-28.4333
157.500000	96.047	-28.2156
160.000000	95.899	-27.9413
162.500000	95.749	-27.6365
165.000000	95.596	-27.3096
167.500000	95.449	-26.9414
170.000000	95.311	-26.5416
172.500000	95.181	-26.0962
175.000000	95.058	-25.6348
177.500000	94.940	-25.1556
180.000000	94.829	-24.6611
182.500000	94.723	-24.1591
185.000000	94.623	-23.6489
187.500000	94.529	-23.1481
190.000000	94.442	-22.6456
192.500000	94.361	-22.1602
195.000000	94.283	-21.6770
197.500000	94.210	-21.1644
200.000000	94.143	-20.6378
203.000000	94.066	-19.9978
206.000000	93.996	-19.3754
209.000000	93.934	-18.7809
212.000000	93.875	-18.1578
214.000000	93.838	-17.7272
218.000000	93.772	-16.8463
220.000000	93.746	-16.4053
224.000000	93.703	-15.5488
227.000000	93.678	-14.9308
230.000000	93.659	-14.3368
233.000000	93.645	-13.7452
236.000000	93.637	-13.1730
240.000000	93.632	-12.4967
243.000000	93.627	-12.0269
247.000000	93.620	-11.3996
250.000000	93.615	-10.9299
254.000000	93.609	-10.2896
258.000000	93.607	-9.6429
262.000000	93.613	-9.0197
265.000000	93.623	-8.5789
269.000000	93.641	-8.0183
272.000000	93.658	-7.6229
276.000000	93.684	-7.1472
280.000000	93.715	-6.7133
285.000000	93.760	-6.2106
290.000000	93.806	-5.7671
295.000000	93.853	-5.3840
300.000000	93.900	-5.0709
304.000000	93.939	-4.8571
307.000000	93.969	-4.7050
311.000000	94.011	-4.5248
315.000000	94.055	-4.3816
320.000000	94.114	-4.2485
325.000000	94.174	-4.1572
330.000000	94.235	-4.0984
335.000000	94.295	-4.0791
340.000000	94.353	-4.0977
345.000000	94.409	-4.1481
350.000000	94.464	-4.2280
355.000000	94.515	-4.3293
360.000000	94.563	-4.4594
365.000000	94.607	-4.6245
370.000000	94.649	-4.8190
375.000000	94.688	-5.0325
382.000000	94.734	-5.3532
387.000000	94.761	-5.5844
395.000000	94.798	-5.9762
400.000000	94.816	-6.2484
406.000000	94.831	-6.5833
412.000000	94.839	-6.9246
418.000000	94.840	-7.2717
425.000000	94.836	-7.6868
431.000000	94.828	-8.0363
437.000000	94.813	-8.3613
444.000000	94.789	-8.7251
450.000000	94.764	-9.0264
455.000000	94.741	-9.2679
462.000000	94.703	-9.5818
468.000000	94.668	-9.8356
475.000000	94.622	-10.1121
482.000000	94.572	-10.3641
487.000000	94.535	-10.5200
494.000000	94.481	-10.7081
500.000000	94.434	-10.8574
508.000000	94.373	-11.0267
515.000000	94.318	-11.1501
522.000000	94.261	-11.2422
530.000000	94.195	-11.3065
538.000000	94.129	-11.3508
545.000000	94.072	-11.3717
552.000000	94.013	-11.3655
560.000000	93.945	-11.3195
570.000000	93.862	-11.2300
580.000000	93.780	-11.1017
590.000000	93.698	-10.9307
600.000000	93.618	-10.7167
608.000000	93.556	-10.5248
615.000000	93.502	-10.3451
622.000000	93.449	-10.1523
630.000000	93.392	-9.9140
640.000000	93.327	-9.5919
650.000000	93.269	-9.2435
660.000000	93.213	-8.8597
670.000000	93.159	-8.4515
680.000000	93.107	-8.0298
690.000000	93.058	-7.5875
700.000000	93.011	-7.1221
710.000000	92.965	-6.6376
720.000000	92.922	-6.1284
730.000000	92.883	-5.6023
740.000000	92.846	-5.0570
750.000000	92.810	-4.4861
762.000000	92.770	-3.7819
775.000000	92.732	-3.0055
788.000000	92.698	-2.1907
800.000000	92.667	-1.4061
812.000000	92.636	-0.6036
825.000000	92.606	0.3106
838.000000	92.583	1.2627
850.000000	92.569	2.1691
862.000000	92.562	3.0931
875.000000	92.563	4.1123
885.000000	92.572	4.9059
900.000000	92.597	6.0898
912.000000	92.626	7.0281
925.000000	92.668	8.0339
938.000000	92.720	9.0282
950.000000	92.776	9.9208
962.000000	92.841	10.7819
975.000000	92.917	11.6770
988.000000	92.999	12.5326
1000.000000	93.071	13.2816
1015.000000	93.150	14.1565
1030.000000	93.226	14.9622
1044.000000	93.300	15.6528
1060.000000	93.390	16.3679
1075.000000	93.478	16.9664
1090.000000	93.568	17.4894
1106.000000	93.664	17.9761
1120.000000	93.749	18.3439
1138.000000	93.858	18.7438
1150.000000	93.929	18.9670
1172.000000	94.054	19.2872
1180.000000	94.098	19.3781
1206.000000	94.237	19.5896
1220.000000	94.308	19.6587
1241.000000	94.412	19.7128
1250.000000	94.459	19.7213
1265.000000	94.543	19.7201
1280.000000	94.631	19.7015
1315.000000	94.827	19.6075
1320.000000	94.853	19.5900
1340.000000	94.954	19.5151
1360.000000	95.051	19.4308
1380.000000	95.144	19.3407
1400.000000	95.232	19.2476
1430.000000	95.358	19.0950
1450.000000	95.438	18.9867
1475.000000	95.534	18.8377
1500.000000	95.626	18.6694
1525.000000	95.714	18.4908
1550.000000	95.801	18.3092
1575.000000	95.885	18.1210
1600.000000	95.969	17.9266
1625.000000	96.056	17.7200
1650.000000	96.142	17.5065
1675.000000	96.227	17.2911
1700.000000	96.311	17.0706
1725.000000	96.393	16.8452
1750.000000	96.473	16.6058
1775.000000	96.552	16.3575
1800.000000	96.629	16.1031
1825.000000	96.705	15.8346
1850.000000	96.780	15.5465
1875.000000	96.854	15.2362
1900.000000	96.925	14.9047
1925.000000	96.993	14.5533
1950.000000	97.057	14.1869
1975.000000	97.118	13.8065
2000.000000	97.177	13.4156
2030.000000	97.245	12.9323
2060.000000	97.309	12.4307
2090.000000	97.368	11.9103
2120.000000	97.423	11.3908
2140.000000	97.458	11.0460
2180.000000	97.520	10.3416
2200.000000	97.546	9.9755
2240.000000	97.592	9.1921
2270.000000	97.619	8.5703
2300.000000	97.640	7.9219
2330.000000	97.655	7.2585
2360.000000	97.664	6.5934
2400.000000	97.667	5.7138
2430.000000	97.662	5.0723
2470.000000	97.647	4.2433
2500.000000	97.629	3.6440
2540.000000	97.599	2.8754
2580.000000	97.565	2.1418
2620.000000	97.529	1.4275
2650.000000	97.499	0.8802
2690.000000	97.447	0.1301
2720.000000	97.398	-0.4286
2760.000000	97.317	-1.1190
2800.000000	97.223	-1.7145
2850.000000	97.092	-2.2943
2900.000000	96.954	-2.6541
2950.000000	96.828	-2.7477
3000.000000	96.733	-2.6302
3040.000000	96.692	-2.5096
3070.000000	96.681	-2.4938
3110.000000	96.680	-2.6573
3150.000000	96.678	-3.0433
3200.000000	96.651	-3.7105
3250.000000	96.585	-4.4022
3300.000000	96.490	-4.9828
3350.000000	96.376	-5.4050
3400.000000	96.253	-5.6808
3450.000000	96.127	-5.8284
3500.000000	96.000	-5.8531
3550.000000	95.876	-5.7625
3600.000000	95.755	-5.5828
3650.000000	95.637	-5.3442
3700.000000	95.523	-5.0525
3750.000000	95.415	-4.6947
3820.000000	95.276	-4.0828
3870.000000	95.186	-3.5841
3950.000000	95.054	-2.7075
4000.000000	94.973	-2.1271
4060.000000	94.868	-1.4136
4120.000000	94.761	-0.6811
4180.000000	94.660	0.0693
4250.000000	94.552	0.9795
4310.000000	94.470	1.7915
4370.000000	94.399	2.6191
4440.000000	94.329	3.5583
4500.000000	94.277	4.3154
4550.000000	94.236	4.9260
4620.000000	94.180	5.7766
4680.000000	94.133	6.5057
4750.000000	94.078	7.3591
4820.000000	94.025	8.2305
4870.000000	93.990	8.8759
4940.000000	93.946	9.8085
5000.000000	93.916	10.6325
5080.000000	93.888	11.7661
5150.000000	93.874	12.7883
5220.000000	93.868	13.8315
5300.000000	93.873	15.0548
5380.000000	93.890	16.3267
5450.000000	93.914	17.4749
5520.000000	93.947	18.6540
5600.000000	93.999	20.0330
5700.000000	94.082	21.7379
5800.000000	94.184	23.4231
5900.000000	94.308	25.1744
6000.000000	94.459	26.9614
6080.000000	94.598	28.3303
6150.000000	94.737	29.4884
6220.000000	94.895	30.6447
6300.000000	95.094	31.9525
6400.000000	95.364	33.5082
6500.000000	95.666	34.9881
6600.000000	96.009	36.3843
6700.000000	96.395	37.6230
6800.000000	96.829	38.6013
6900.000000	97.310	39.2153
7000.000000	97.840	39.4091
7100.000000	98.418	39.1018
7200.000000	99.028	38.1301
7300.000000	99.639	36.3061
7400.000000	100.202	33.5052
7500.000000	100.656	29.8074
7620.000000	100.993	24.7212
7750.000000	101.088	19.3152
7880.000000	101.000	14.7351
8000.000000	100.871	11.2979
8120.000000	100.754	8.2446
8250.000000	100.611	4.9637
8380.000000	100.395	1.7172
8500.000000	100.110	-0.9656
8620.000000	99.763	-3.1036
8750.000000	99.359	-4.6714
8850.000000	99.059	-5.3496
9000.000000	98.664	-5.6575
9120.000000	98.415	-5.4050
9250.000000	98.228	-4.7629
9380.000000	98.135	-3.9324
9500.000000	98.141	-3.1105
9620.000000	98.245	-2.3525
9750.000000	98.478	-1.7828
9880.000000	98.846	-1.7117
10000.000000	99.307	-2.3491
10150.000000	100.029	-4.6591
10300.000000	100.838	-9.3972
10440.000000	101.523	-16.5298
10600.000000	101.952	-27.8297
10750.000000	101.758	-40.2089
10900.000000	100.899	-52.1754
11060.000000	99.401	-62.3822
11200.000000	97.829	-68.3925
11380.000000	95.746	-72.4463
11500.000000	94.422	-73.3636
11720.000000	92.219	-72.5821
11800.000000	91.492	-71.7438
12060.000000	89.367	-67.5930
12200.000000	88.362	-64.6319
12410.000000	87.010	-59.5731
12500.000000	86.480	-57.2360
12650.000000	85.657	-53.1458
12800.000000	84.901	-48.9166
13150.000000	83.376	-38.9093
13200.000000	83.183	-37.4614
13400.000000	82.471	-31.5681
13600.000000	81.848	-25.5419
13800.000000	81.305	-19.4035
14000.000000	80.837	-13.0961
14300.000000	80.263	-3.3917
14500.000000	79.977	3.1715
14750.000000	79.728	11.3466
15000.000000	79.605	19.4663
15250.000000	79.607	27.3885
15500.000000	79.741	35.0452
15750.000000	80.039	42.4631
16000.000000	80.584	49.4322
16250.000000	81.457	55.7271
16500.000000	82.648	61.0158
16750.000000	84.172	64.3043
17000.000000	85.969	63.5776
17250.000000	87.724	56.7863
17500.000000	88.796	43.6551
17750.000000	88.581	27.5599
18000.000000	87.048	14.1303
18250.000000	84.743	6.9893
18500.000000	82.286	6.2317
18750.000000	80.035	10.1261
19000.000000	78.088	17.0192
19250.000000	76.429	25.8916
19500.000000	75.035	36.1304
19750.000000	73.944	47.1590
20000.000000	73.335	56.2882
