20.000000	101.088	102.4187
20.299999	101.134	101.0883
20.600000	101.190	99.8607
20.900000	101.254	98.6893
21.200001	101.323	97.5441
21.400000	101.368	96.7912
21.799999	101.457	95.3244
22.000000	101.499	94.6201
22.400000	101.582	93.2862
22.700001	101.646	92.3491
23.000000	101.715	91.4523
23.299999	101.787	90.5790
23.600000	101.863	89.7161
24.000000	101.964	88.5749
24.299999	102.040	87.7314
24.700001	102.140	86.6358
25.000000	102.216	85.8405
25.400000	102.319	84.8102
25.799999	102.427	83.7987
26.200001	102.539	82.7882
26.500000	102.624	82.0241
26.900000	102.738	80.9945
27.200001	102.822	80.2155
27.600000	102.932	79.1722
28.000000	103.040	78.1295
28.500000	103.169	76.8364
29.000000	103.296	75.5630
29.500000	103.420	74.3099
30.000000	103.543	73.0680
30.400000	103.640	72.0741
30.700001	103.712	71.3254
31.100000	103.807	70.3228
31.500000	103.898	69.3189
32.000000	104.009	68.0703
32.500000	104.117	66.8333
33.000000	104.222	65.6046
33.500000	104.325	64.3762
34.000000	104.425	63.1453
34.500000	104.520	61.9170
35.000000	104.611	60.6992
35.500000	104.698	59.4955
36.000000	104.783	58.3045
36.500000	104.865	57.1236
37.000000	104.944	55.9518
37.500000	105.020	54.7893
38.200001	105.122	53.1751
38.700001	105.190	52.0309
39.500000	105.292	50.2214
40.000000	105.352	49.1089
40.599998	105.422	47.7914
41.200001	105.489	46.4849
41.799999	105.553	45.1853
42.500000	105.622	43.6856
43.099998	105.677	42.4221
43.700001	105.730	41.1768
44.400002	105.789	39.7387
45.000000	105.837	38.5137
45.500000	105.875	37.4967
46.200001	105.924	36.0807
46.799999	105.961	34.8818
47.500000	106.000	33.5095
48.200001	106.036	32.1607
48.700001	106.059	31.2057
49.400002	106.089	29.8804
50.000000	106.109	28.7567
50.799999	106.128	27.2709
51.500000	106.138	25.9822
52.200001	106.143	24.7164
53.000000	106.146	23.3014
53.799999	106.148	21.9012
54.500000	106.147	20.6799
55.200001	106.141	19.4728
56.000000	106.131	18.1235
57.000000	106.115	16.4739
58.000000	106.095	14.8506
59.000000	106.070	13.2557
60.000000	106.042	11.6765
60.799999	106.015	10.4254
61.500000	105.988	9.3486
62.200001	105.960	8.2878
63.000000	105.927	7.0899
64.000000	105.887	5.6150
65.000000	105.843	4.1714
66.000000	105.796	2.7684
67.000000	105.746	1.4005
68.000000	105.694	0.0524
69.000000	105.636	-1.2635
70.000000	105.577	-2.5439
71.000000	105.516	-3.8061
72.000000	105.450	-5.0391
73.000000	105.383	-6.2371
74.000000	105.313	-7.4147
75.000000	105.239	-8.5648
76.199997	105.148	-9.8988
77.500000	105.046	-11.2980
78.800003	104.939	-12.6555
80.000000	104.837	-13.8602
81.199997	104.732	-15.0310
82.500000	104.614	-16.2653
83.800003	104.494	-17.4567
85.000000	104.381	-18.5280
86.199997	104.266	-19.5647
87.500000	104.140	-20.6424
88.500000	104.044	-21.4485
90.000000	103.897	-22.6320
91.199997	103.777	-23.5244
92.500000	103.647	-24.4630
93.800003	103.515	-25.3719
95.000000	103.392	-26.1760
96.199997	103.269	-26.9584
97.500000	103.135	-27.7838
98.800003	103.000	-28.5715
100.000000	102.874	-29.2697
101.500000	102.715	-30.1012
103.000000	102.555	-30.8901
104.400002	102.406	-31.6011
106.000000	102.235	-32.3739
107.500000	102.075	-33.0613
109.000000	101.915	-33.7037
110.599998	101.744	-34.3492
112.000000	101.595	-34.8886
113.800003	101.403	-35.5585
115.000000	101.276	-35.9864
117.199997	101.046	-36.7153
118.000000	100.965	-36.9596
120.599998	100.694	-37.7120
122.000000	100.545	-38.0272
124.099998	100.327	-38.4592
125.000000	100.236	-38.6387
126.500000	100.090	-38.9221
128.000000	99.949	-39.1948
131.500000	99.627	-39.7230
132.000000	99.582	-39.7841
134.000000	99.402	-40.0046
136.000000	99.224	-40.1849
138.000000	99.048	-40.3347
140.000000	98.875	-40.4453
143.000000	98.620	-40.5501
145.000000	98.451	-40.5736
147.500000	98.246	-40.5287
150.000000	98.048	-40.4412
152.500000	97.853	-40.2999
155.000000	97.663	-40.0968
157.500000	97.477	-39.8641
160.000000	97.293	-39.5964
162.500000	97.109	-39.2791
165.000000	96.929	-38.9304
167.500000	96.752	-38.5529
170.000000	96.579	-38.1407
172.500000	96.413	-37.6964
175.000000	96.254	-37.2303
177.500000	96.098	-36.7418
180.000000	95.949	-36.2042
182.500000	95.810	-35.6440
185.000000	95.679	-35.0709
187.500000	95.555	-34.4685
190.000000	95.438	-33.8672
192.500000	95.327	-33.2758
195.000000	95.222	-32.6888
197.500000	95.123	-32.0986
200.000000	95.031	-31.5096
203.000000	94.930	-30.7859
206.000000	94.836	-30.0458
209.000000	94.749	-29.3132
212.000000	94.669	-28.6035
214.000000	94.620	-28.1426
218.000000	94.532	-27.2200
220.000000	94.491	-26.7527
224.000000	94.416	-25.8386
227.000000	94.364	-25.1746
230.000000	94.318	-24.5088
233.000000	94.276	-23.8588
236.000000	94.236	-23.2250
240.000000	94.190	-22.4001
243.000000	94.161	-21.7987
247.000000	94.126	-21.0074
250.000000	94.100	-20.4432
254.000000	94.063	-19.7106
258.000000	94.030	-18.9434
262.000000	94.005	-18.1676
265.000000	93.991	-17.5914
269.000000	93.983	-16.8386
272.000000	93.983	-16.3065
276.000000	93.989	-15.6522
280.000000	93.999	-15.0497
285.000000	94.013	-14.3672
290.000000	94.033	-13.7352
295.000000	94.058	-13.1484
300.000000	94.085	-12.6249
304.000000	94.106	-12.2573
307.000000	94.122	-12.0006
311.000000	94.144	-11.6752
315.000000	94.169	-11.3819
320.000000	94.208	-11.0644
325.000000	94.253	-10.7670
330.000000	94.299	-10.5056
335.000000	94.341	-10.2925
340.000000	94.380	-10.1186
345.000000	94.421	-9.9709
350.000000	94.460	-9.8613
355.000000	94.496	-9.7777
360.000000	94.530	-9.7208
365.000000	94.564	-9.6947
370.000000	94.595	-9.7074
375.000000	94.622	-9.7499
382.000000	94.653	-9.8220
387.000000	94.671	-9.8955
395.000000	94.690	-10.0619
400.000000	94.696	-10.1814
406.000000	94.697	-10.3262
412.000000	94.695	-10.4761
418.000000	94.688	-10.6319
425.000000	94.673	-10.8068
431.000000	94.655	-10.9497
437.000000	94.634	-11.0844
444.000000	94.604	-11.2192
450.000000	94.574	-11.3426
455.000000	94.545	-11.4340
462.000000	94.501	-11.5234
468.000000	94.461	-11.5883
475.000000	94.411	-11.6342
482.000000	94.357	-11.6630
487.000000	94.318	-11.6778
494.000000	94.264	-11.6785
500.000000	94.216	-11.6573
508.000000	94.152	-11.6028
515.000000	94.097	-11.5286
522.000000	94.043	-11.4264
530.000000	93.980	-11.2795
538.000000	93.916	-11.1008
545.000000	93.861	-10.9348
552.000000	93.808	-10.7469
560.000000	93.748	-10.5047
570.000000	93.671	-10.1792
580.000000	93.596	-9.8195
590.000000	93.525	-9.4244
600.000000	93.456	-9.0140
608.000000	93.400	-8.6658
615.000000	93.354	-8.3433
622.000000	93.309	-8.0094
630.000000	93.262	-7.6179
640.000000	93.212	-7.1134
650.000000	93.167	-6.5924
660.000000	93.123	-6.0458
670.000000	93.083	-5.4777
680.000000	93.045	-4.8932
690.000000	93.011	-4.2851
700.000000	92.980	-3.6578
710.000000	92.951	-3.0215
720.000000	92.925	-2.3676
730.000000	92.903	-1.6937
740.000000	92.883	-1.0054
750.000000	92.868	-0.3040
762.000000	92.854	0.5594
775.000000	92.845	1.5197
788.000000	92.842	2.5049
800.000000	92.843	3.4280
812.000000	92.844	4.3674
825.000000	92.850	5.3971
838.000000	92.865	6.4396
850.000000	92.887	7.4014
862.000000	92.917	8.3528
875.000000	92.959	9.3746
885.000000	92.999	10.1520
900.000000	93.068	11.2811
912.000000	93.130	12.1547
925.000000	93.205	13.0758
938.000000	93.287	13.9636
950.000000	93.370	14.7524
962.000000	93.457	15.5093
975.000000	93.556	16.2909
988.000000	93.657	17.0232
1000.000000	93.746	17.6597
1015.000000	93.844	18.4038
1030.000000	93.936	19.0884
1044.000000	94.024	19.6698
1060.000000	94.130	20.2601
1075.000000	94.231	20.7451
1090.000000	94.334	21.1721
1106.000000	94.444	21.5621
1120.000000	94.541	21.8444
1138.000000	94.663	22.1264
1150.000000	94.743	22.2715
1172.000000	94.885	22.4506
1180.000000	94.935	22.4918
1206.000000	95.092	22.5552
1220.000000	95.172	22.5420
1241.000000	95.292	22.4707
1250.000000	95.345	22.4252
1265.000000	95.440	22.3329
1280.000000	95.539	22.2289
1315.000000	95.761	21.9686
1320.000000	95.791	21.9290
1340.000000	95.909	21.7659
1360.000000	96.022	21.5872
1380.000000	96.129	21.3948
1400.000000	96.231	21.1913
1430.000000	96.379	20.8593
1450.000000	96.473	20.6306
1475.000000	96.587	20.3335
1500.000000	96.696	20.0295
1525.000000	96.802	19.7296
1550.000000	96.906	19.4385
1575.000000	97.010	19.1416
1600.000000	97.116	18.8331
1625.000000	97.227	18.4998
1650.000000	97.340	18.1345
1675.000000	97.451	17.7416
1700.000000	97.556	17.3323
1725.000000	97.656	16.9202
1750.000000	97.755	16.5162
1775.000000	97.856	16.1102
1800.000000	97.958	15.6848
1825.000000	98.061	15.2150
1850.000000	98.162	14.7010
1875.000000	98.259	14.1573
1900.000000	98.350	13.5952
1925.000000	98.434	13.0247
1950.000000	98.513	12.4436
1975.000000	98.589	11.8511
2000.000000	98.661	11.2506
2030.000000	98.744	10.5163
2060.000000	98.824	9.7719
2090.000000	98.898	9.0106
2120.000000	98.966	8.2305
2140.000000	99.007	7.6990
2180.000000	99.082	6.6172
2200.000000	99.115	6.0704
2240.000000	99.172	4.9697
2270.000000	99.208	4.1456
2300.000000	99.237	3.3215
2330.000000	99.258	2.5038
2360.000000	99.271	1.6909
2400.000000	99.278	0.6200
2430.000000	99.274	-0.1579
2470.000000	99.263	-1.1445
2500.000000	99.251	-1.8534
2540.000000	99.231	-2.7775
2580.000000	99.212	-3.7049
2620.000000	99.187	-4.6757
2650.000000	99.156	-5.4342
2690.000000	99.094	-6.4285
2720.000000	99.033	-7.1109
2760.000000	98.937	-7.8958
2800.000000	98.831	-8.5214
2850.000000	98.698	-9.0594
2900.000000	98.591	-9.3265
2950.000000	98.532	-9.4770
3000.000000	98.516	-9.8122
3040.000000	98.507	-10.3326
3070.000000	98.487	-10.8444
3110.000000	98.434	-11.5955
3150.000000	98.354	-12.3171
3200.000000	98.235	-13.0801
3250.000000	98.106	-13.6537
3300.000000	97.975	-14.0598
3350.000000	97.853	-14.3113
3400.000000	97.746	-14.4596
3450.000000	97.649	-14.5874
3500.000000	97.553	-14.7190
3550.000000	97.451	-14.7955
3600.000000	97.344	-14.7404
3650.000000	97.236	-14.5370
3700.000000	97.133	-14.2283
3750.000000	97.042	-13.8492
3820.000000	96.937	-13.2822
3870.000000	96.867	-12.9100
3950.000000	96.753	-12.3204
4000.000000	96.673	-11.9032
4060.000000	96.562	-11.3542
4120.000000	96.447	-10.7594
4180.000000	96.336	-10.1260
4250.000000	96.218	-9.3364
4310.000000	96.126	-8.6154
4370.000000	96.041	-7.8782
4440.000000	95.945	-7.0300
4500.000000	95.864	-6.2982
4550.000000	95.799	-5.6743
4620.000000	95.710	-4.7754
4680.000000	95.641	-3.9705
4750.000000	95.568	-2.9985
4820.000000	95.500	-2.0243
4870.000000	95.456	-1.3169
4940.000000	95.400	-0.2826
5000.000000	95.359	0.6387
5080.000000	95.318	1.9196
5150.000000	95.295	3.0925
5220.000000	95.280	4.3050
5300.000000	95.277	5.7410
5380.000000	95.288	7.2150
5450.000000	95.310	8.5137
5520.000000	95.341	9.8094
5600.000000	95.391	11.2932
5700.000000	95.474	13.1521
5800.000000	95.578	14.9891
5900.000000	95.706	16.8564
6000.000000	95.865	18.7863
6080.000000	96.015	20.3364
6150.000000	96.164	21.6702
6220.000000	96.331	22.9678
6300.000000	96.539	24.4044
6400.000000	96.825	26.1205
6500.000000	97.146	27.6520
6600.000000	97.509	28.9305
6700.000000	97.917	29.9371
6800.000000	98.374	30.6167
6900.000000	98.871	30.7963
7000.000000	99.393	30.3029
7100.000000	99.911	29.0253
7200.000000	100.376	26.9141
7300.000000	100.727	24.1118
7400.000000	100.919	21.0074
7500.000000	100.959	18.1814
7620.000000	100.899	15.8300
7750.000000	100.885	14.5709
7880.000000	101.051	13.5919
8000.000000	101.322	11.8413
8120.000000	101.575	8.8921
8250.000000	101.687	4.7362
8380.000000	101.565	0.3740
8500.000000	101.269	-3.1470
8620.000000	100.871	-5.7629
8750.000000	100.401	-7.5112
8850.000000	100.051	-8.1934
9000.000000	99.585	-8.3901
9120.000000	99.282	-8.0175
9250.000000	99.032	-7.2531
9380.000000	98.872	-6.2341
9500.000000	98.809	-5.1962
9620.000000	98.832	-4.2052
9750.000000	98.961	-3.3336
9880.000000	99.201	-2.8644
10000.000000	99.520	-2.9856
10150.000000	100.036	-4.2358
10300.000000	100.637	-7.1837
10440.000000	101.183	-11.9066
10600.000000	101.613	-19.8774
10750.000000	101.626	-29.4167
10900.000000	101.130	-39.5917
11060.000000	100.059	-49.3307
11200.000000	98.792	-55.9051
11380.000000	96.959	-61.1785
11500.000000	95.724	-62.9104
11720.000000	93.584	-63.3044
11800.000000	92.862	-62.7598
12060.000000	90.732	-59.3453
12200.000000	89.712	-56.7915
12410.000000	88.330	-52.3301
12500.000000	87.786	-50.2122
12650.000000	86.937	-46.4310
12800.000000	86.155	-42.3680
13150.000000	84.578	-32.1049
13200.000000	84.379	-30.5966
13400.000000	83.641	-24.5060
13600.000000	82.987	-18.3685
13800.000000	82.412	-12.1713
14000.000000	81.915	-5.8661
14300.000000	81.305	3.7209
14500.000000	80.993	10.1189
14750.000000	80.713	18.1364
15000.000000	80.558	26.1190
15250.000000	80.537	34.0319
15500.000000	80.665	41.7545
15750.000000	80.978	49.2434
16000.000000	81.554	56.2264
16250.000000	82.474	62.4157
16500.000000	83.727	67.2573
16750.000000	85.318	69.6492
17000.000000	87.138	67.5391
17250.000000	88.776	59.0865
17500.000000	89.555	44.8569
17750.000000	88.985	29.1106
18000.000000	87.209	17.2568
18250.000000	84.833	11.8253
18500.000000	82.423	12.2124
18750.000000	80.260	16.7424
19000.000000	78.403	24.0031
19250.000000	76.826	33.0829
19500.000000	75.506	43.5179
19750.000000	74.482	54.7511
20000.000000	73.923	63.9012
