20.000000	99.573	96.4070
20.299999	99.729	95.1351
20.600000	99.876	93.8179
20.900000	100.010	92.4800
21.200001	100.128	91.1613
21.400000	100.199	90.3129
21.799999	100.332	88.7217
22.000000	100.397	87.9802
22.400000	100.533	86.5743
22.700001	100.642	85.5457
23.000000	100.755	84.5043
23.299999	100.866	83.4354
23.600000	100.973	82.3432
24.000000	101.105	80.8815
24.299999	101.195	79.8065
24.700001	101.309	78.4222
25.000000	101.392	77.4187
25.400000	101.502	76.1095
25.799999	101.610	74.8132
26.200001	101.715	73.5208
26.500000	101.790	72.5568
26.900000	101.886	71.2857
27.200001	101.955	70.3459
27.600000	102.044	69.1104
28.000000	102.130	67.8906
28.500000	102.233	66.3813
29.000000	102.331	64.8892
29.500000	102.422	63.4204
30.000000	102.509	61.9801
30.400000	102.576	60.8473
30.700001	102.625	60.0067
31.100000	102.688	58.8946
31.500000	102.749	57.7918
32.000000	102.821	56.4304
32.500000	102.889	55.0949
33.000000	102.953	53.7869
33.500000	103.015	52.4994
34.000000	103.073	51.2247
34.500000	103.126	49.9632
35.000000	103.174	48.7222
35.500000	103.218	47.5074
36.000000	103.259	46.3176
36.500000	103.298	45.1474
37.000000	103.335	43.9924
37.500000	103.368	42.8514
38.200001	103.411	41.2794
38.700001	103.438	40.1759
39.500000	103.477	38.4456
40.000000	103.499	37.3875
40.599998	103.522	36.1433
41.200001	103.543	34.9271
41.799999	103.562	33.7363
42.500000	103.580	32.3761
43.099998	103.592	31.2350
43.700001	103.601	30.1181
44.400002	103.608	28.8441
45.000000	103.611	27.7757
45.500000	103.611	26.9039
46.200001	103.611	25.7123
46.799999	103.611	24.7064
47.500000	103.611	23.5318
48.200001	103.605	22.3633
48.700001	103.597	21.5496
49.400002	103.585	20.4461
50.000000	103.573	19.5178
50.799999	103.550	18.2906
51.500000	103.522	17.2441
52.200001	103.492	16.2321
53.000000	103.455	15.1008
53.799999	103.416	13.9896
54.500000	103.377	13.0435
55.200001	103.338	12.1289
56.000000	103.294	11.1108
57.000000	103.238	9.8607
58.000000	103.181	8.6704
59.000000	103.129	7.5178
60.000000	103.074	6.3824
60.799999	103.030	5.5320
61.500000	102.997	4.7988
62.200001	102.965	4.0380
63.000000	102.925	3.1555
64.000000	102.873	2.0891
65.000000	102.823	1.0458
66.000000	102.769	0.0138
67.000000	102.712	-0.9827
68.000000	102.654	-1.9463
69.000000	102.593	-2.8777
70.000000	102.533	-3.7703
71.000000	102.473	-4.6619
72.000000	102.409	-5.5551
73.000000	102.342	-6.4343
74.000000	102.271	-7.2845
75.000000	102.201	-8.0791
76.199997	102.123	-9.0173
77.500000	102.035	-10.0286
78.800003	101.945	-10.9769
80.000000	101.860	-11.8301
81.199997	101.771	-12.6748
82.500000	101.671	-13.5599
83.800003	101.572	-14.3911
85.000000	101.482	-15.1188
86.199997	101.391	-15.7986
87.500000	101.289	-16.4828
88.500000	101.209	-16.9451
90.000000	101.101	-17.6734
91.199997	101.004	-18.3627
92.500000	100.893	-19.0879
93.800003	100.784	-19.8162
95.000000	100.685	-20.4537
96.199997	100.589	-21.0351
97.500000	100.487	-21.6175
98.800003	100.383	-22.1633
100.000000	100.284	-22.6456
101.500000	100.156	-23.2384
103.000000	100.028	-23.8256
104.400002	99.912	-24.3579
106.000000	99.782	-24.9259
107.500000	99.658	-25.4098
109.000000	99.529	-25.8584
110.599998	99.389	-26.3132
112.000000	99.270	-26.7138
113.800003	99.124	-27.2008
115.000000	99.030	-27.4665
117.199997	98.857	-27.7382
118.000000	98.795	-27.7538
120.599998	98.625	-28.1158
122.000000	98.493	-28.5757
124.099998	98.289	-29.0552
125.000000	98.214	-29.2290
126.500000	98.102	-29.4867
128.000000	97.999	-29.6791
131.500000	97.760	-29.9521
132.000000	97.726	-29.9892
134.000000	97.589	-30.1375
136.000000	97.456	-30.2628
138.000000	97.326	-30.3450
140.000000	97.194	-30.3873
143.000000	96.996	-30.4218
145.000000	96.868	-30.4094
147.500000	96.714	-30.3316
150.000000	96.563	-30.2010
152.500000	96.414	-30.0199
155.000000	96.271	-29.7883
157.500000	96.138	-29.5184
160.000000	96.007	-29.2359
162.500000	95.873	-28.9560
165.000000	95.737	-28.6715
167.500000	95.604	-28.3547
170.000000	95.477	-27.9962
172.500000	95.353	-27.6055
175.000000	95.235	-27.1846
177.500000	95.124	-26.7358
180.000000	95.021	-26.2471
182.500000	94.929	-25.7409
185.000000	94.847	-25.2608
187.500000	94.771	-24.8142
190.000000	94.699	-24.4037
192.500000	94.627	-24.0200
195.000000	94.554	-23.6368
197.500000	94.483	-23.2407
200.000000	94.415	-22.8341
203.000000	94.342	-22.3445
206.000000	94.275	-21.8567
209.000000	94.212	-21.3457
212.000000	94.155	-20.8322
214.000000	94.120	-20.4947
218.000000	94.055	-19.8246
220.000000	94.026	-19.4952
224.000000	93.972	-18.8354
227.000000	93.936	-18.3356
230.000000	93.902	-17.8462
233.000000	93.872	-17.3829
236.000000	93.844	-16.9417
240.000000	93.811	-16.3497
243.000000	93.792	-15.8988
247.000000	93.768	-15.3070
250.000000	93.749	-14.8696
254.000000	93.722	-14.2864
258.000000	93.701	-13.6995
262.000000	93.690	-13.1235
265.000000	93.688	-12.7169
269.000000	93.692	-12.2221
272.000000	93.699	-11.8947
276.000000	93.711	-11.5133
280.000000	93.722	-11.2047
285.000000	93.731	-10.8735
290.000000	93.737	-10.5690
295.000000	93.738	-10.2914
300.000000	93.736	-10.0227
304.000000	93.734	-9.8210
307.000000	93.733	-9.6863
311.000000	93.733	-9.5175
315.000000	93.733	-9.3428
320.000000	93.740	-9.1331
325.000000	93.749	-8.9382
330.000000	93.759	-8.7582
335.000000	93.768	-8.5859
340.000000	93.777	-8.4208
345.000000	93.786	-8.2571
350.000000	93.794	-8.1001
355.000000	93.801	-7.9539
360.000000	93.809	-7.8180
365.000000	93.817	-7.6915
370.000000	93.824	-7.5846
375.000000	93.830	-7.4883
382.000000	93.836	-7.3529
387.000000	93.838	-7.2603
395.000000	93.840	-7.1228
400.000000	93.842	-7.0450
406.000000	93.841	-6.9519
412.000000	93.837	-6.8643
418.000000	93.834	-6.7690
425.000000	93.828	-6.6573
431.000000	93.823	-6.5665
437.000000	93.816	-6.4769
444.000000	93.808	-6.3706
450.000000	93.800	-6.2773
455.000000	93.792	-6.1981
462.000000	93.782	-6.0859
468.000000	93.774	-5.9834
475.000000	93.762	-5.8582
482.000000	93.749	-5.7380
487.000000	93.738	-5.6572
494.000000	93.724	-5.5383
500.000000	93.712	-5.4362
508.000000	93.698	-5.2988
515.000000	93.687	-5.1711
522.000000	93.675	-5.0392
530.000000	93.660	-4.8776
538.000000	93.645	-4.7090
545.000000	93.633	-4.5552
552.000000	93.620	-4.3913
560.000000	93.604	-4.1928
570.000000	93.584	-3.9367
580.000000	93.563	-3.6754
590.000000	93.542	-3.4077
600.000000	93.521	-3.1228
608.000000	93.503	-2.8965
615.000000	93.488	-2.6918
622.000000	93.475	-2.4785
630.000000	93.461	-2.2271
640.000000	93.449	-1.9023
650.000000	93.440	-1.5566
660.000000	93.432	-1.1903
670.000000	93.425	-0.8144
680.000000	93.418	-0.4272
690.000000	93.412	-0.0289
700.000000	93.407	0.3854
710.000000	93.403	0.8210
720.000000	93.399	1.2756
730.000000	93.398	1.7411
740.000000	93.398	2.2218
750.000000	93.399	2.7108
762.000000	93.404	3.3241
775.000000	93.412	4.0182
788.000000	93.425	4.7305
800.000000	93.437	5.4076
812.000000	93.447	6.0964
825.000000	93.460	6.8579
838.000000	93.481	7.6384
850.000000	93.507	8.3591
862.000000	93.538	9.0753
875.000000	93.579	9.8509
885.000000	93.615	10.4366
900.000000	93.676	11.2972
912.000000	93.732	11.9706
925.000000	93.797	12.6823
938.000000	93.868	13.3716
950.000000	93.938	13.9833
962.000000	94.012	14.5660
975.000000	94.094	15.1692
988.000000	94.178	15.7489
1000.000000	94.250	16.2579
1015.000000	94.326	16.8524
1030.000000	94.396	17.3976
1044.000000	94.463	17.8585
1060.000000	94.540	18.3319
1075.000000	94.616	18.7295
1090.000000	94.693	19.0691
1106.000000	94.777	19.3843
1120.000000	94.850	19.6206
1138.000000	94.943	19.8634
1150.000000	95.004	19.9904
1172.000000	95.112	20.1505
1180.000000	95.150	20.1860
1206.000000	95.271	20.2169
1220.000000	95.331	20.1813
1241.000000	95.422	20.0760
1250.000000	95.464	20.0143
1265.000000	95.542	19.8958
1280.000000	95.622	19.7665
1315.000000	95.804	19.4154
1320.000000	95.829	19.3589
1340.000000	95.925	19.1246
1360.000000	96.016	18.8785
1380.000000	96.103	18.6251
1400.000000	96.187	18.3754
1430.000000	96.307	18.0082
1450.000000	96.384	17.7611
1475.000000	96.475	17.4482
1500.000000	96.563	17.1285
1525.000000	96.650	16.8127
1550.000000	96.734	16.5060
1575.000000	96.818	16.2015
1600.000000	96.904	15.8951
1625.000000	96.996	15.5712
1650.000000	97.091	15.2186
1675.000000	97.184	14.8377
1700.000000	97.273	14.4424
1725.000000	97.359	14.0421
1750.000000	97.442	13.6397
1775.000000	97.525	13.2280
1800.000000	97.611	12.7988
1825.000000	97.700	12.3392
1850.000000	97.787	11.8302
1875.000000	97.869	11.2769
1900.000000	97.945	10.6888
1925.000000	98.015	10.0859
1950.000000	98.081	9.4774
1975.000000	98.143	8.8594
2000.000000	98.201	8.2283
2030.000000	98.267	7.4518
2060.000000	98.329	6.6593
2090.000000	98.385	5.8516
2120.000000	98.436	5.0299
2140.000000	98.466	4.4752
2180.000000	98.517	3.3578
2200.000000	98.538	2.7987
2240.000000	98.572	1.6669
2270.000000	98.588	0.8059
2300.000000	98.596	-0.0635
2330.000000	98.598	-0.9268
2360.000000	98.592	-1.7759
2400.000000	98.573	-2.8762
2430.000000	98.550	-3.6711
2470.000000	98.511	-4.6831
2500.000000	98.477	-5.3979
2540.000000	98.429	-6.3021
2580.000000	98.382	-7.1943
2620.000000	98.330	-8.1265
2650.000000	98.283	-8.8561
2690.000000	98.202	-9.8191
2720.000000	98.126	-10.4968
2760.000000	98.008	-11.2877
2800.000000	97.879	-11.9105
2850.000000	97.718	-12.4084
2900.000000	97.580	-12.6185
2950.000000	97.489	-12.7034
3000.000000	97.445	-12.9533
3040.000000	97.419	-13.3983
3070.000000	97.389	-13.8556
3110.000000	97.323	-14.5405
3150.000000	97.231	-15.2014
3200.000000	97.095	-15.8789
3250.000000	96.948	-16.3542
3300.000000	96.799	-16.6581
3350.000000	96.655	-16.8092
3400.000000	96.527	-16.8358
3450.000000	96.412	-16.8071
3500.000000	96.302	-16.7880
3550.000000	96.189	-16.7708
3600.000000	96.068	-16.6974
3650.000000	95.946	-16.4980
3700.000000	95.832	-16.1641
3750.000000	95.726	-15.7568
3820.000000	95.597	-15.1617
3870.000000	95.516	-14.7173
3950.000000	95.388	-13.9857
4000.000000	95.301	-13.5121
4060.000000	95.182	-12.9134
4120.000000	95.059	-12.2650
4180.000000	94.941	-11.5634
4250.000000	94.813	-10.6914
4310.000000	94.713	-9.9254
4370.000000	94.621	-9.1683
4440.000000	94.521	-8.2902
4500.000000	94.441	-7.5176
4550.000000	94.377	-6.8585
4620.000000	94.289	-5.9193
4680.000000	94.219	-5.0835
4750.000000	94.145	-4.0627
4820.000000	94.079	-3.0018
4870.000000	94.038	-2.2350
4940.000000	93.985	-1.1686
5000.000000	93.949	-0.2521
5080.000000	93.916	0.9982
5150.000000	93.898	2.1118
5220.000000	93.887	3.2252
5300.000000	93.886	4.5267
5380.000000	93.898	5.8774
5450.000000	93.919	7.0942
5520.000000	93.951	8.3350
5600.000000	93.998	9.7456
5700.000000	94.076	11.5029
5800.000000	94.181	13.2968
5900.000000	94.314	15.1075
6000.000000	94.478	16.9127
6080.000000	94.632	18.3307
6150.000000	94.783	19.5475
6220.000000	94.951	20.7324
6300.000000	95.156	22.0172
6400.000000	95.435	23.5073
6500.000000	95.749	24.8552
6600.000000	96.105	26.0215
6700.000000	96.510	26.9492
6800.000000	96.959	27.4981
6900.000000	97.449	27.5487
7000.000000	97.962	26.9709
7100.000000	98.470	25.6168
7200.000000	98.923	23.4163
7300.000000	99.263	20.5173
7400.000000	99.448	17.3361
7500.000000	99.477	14.4983
7620.000000	99.403	12.3237
7750.000000	99.375	11.4723
7880.000000	99.532	11.0305
8000.000000	99.811	9.8403
8120.000000	100.093	7.4402
8250.000000	100.257	3.7338
8380.000000	100.196	-0.3215
8500.000000	99.956	-3.6371
8620.000000	99.603	-6.1210
8750.000000	99.169	-7.8211
8850.000000	98.838	-8.5400
9000.000000	98.393	-8.8020
9120.000000	98.105	-8.4421
9250.000000	97.874	-7.6647
9380.000000	97.736	-6.6345
9500.000000	97.696	-5.5712
9620.000000	97.743	-4.5099
9750.000000	97.894	-3.5709
9880.000000	98.148	-3.1011
10000.000000	98.476	-3.2267
10150.000000	98.996	-4.4701
10300.000000	99.589	-7.4498
10440.000000	100.119	-12.2517
10600.000000	100.531	-20.2079
10750.000000	100.551	-29.4115
10900.000000	100.097	-39.0684
11060.000000	99.105	-48.3236
11200.000000	97.917	-54.6545
11380.000000	96.173	-59.8800
11500.000000	94.984	-61.6235
11720.000000	92.900	-61.9807
11800.000000	92.193	-61.4166
12060.000000	90.101	-57.8928
12200.000000	89.100	-55.2334
12410.000000	87.751	-50.4845
12500.000000	87.222	-48.2434
12650.000000	86.398	-44.3373
12800.000000	85.640	-40.2606
13150.000000	84.117	-30.1667
13200.000000	83.925	-28.6754
13400.000000	83.218	-22.6437
13600.000000	82.594	-16.5646
13800.000000	82.050	-10.4241
14000.000000	81.583	-4.2218
14300.000000	81.018	5.1768
14500.000000	80.737	11.5140
14750.000000	80.497	19.4211
15000.000000	80.379	27.2615
15250.000000	80.395	35.0200
15500.000000	80.557	42.5300
15750.000000	80.904	49.8055
16000.000000	81.513	56.6637
16250.000000	82.470	62.7295
16500.000000	83.764	67.3926
16750.000000	85.397	69.5301
17000.000000	87.258	67.2668
17250.000000	88.931	58.7440
17500.000000	89.731	44.2192
17750.000000	89.176	28.0872
18000.000000	87.424	16.0161
18250.000000	85.082	10.5475
18500.000000	82.715	11.0488
18750.000000	80.600	15.6270
19000.000000	78.791	22.7090
19250.000000	77.265	31.5240
19500.000000	75.999	41.7164
19750.000000	75.022	52.7003
20000.000000	74.481	61.6456
