20.000000	97.955	81.4621
20.299999	97.898	79.9798
20.600000	97.844	78.7386
20.900000	97.806	77.6839
21.200001	97.789	76.7266
21.400000	97.787	76.1007
21.799999	97.796	74.8227
22.000000	97.800	74.1709
22.400000	97.799	72.8925
22.700001	97.793	72.0049
23.000000	97.787	71.2027
23.299999	97.787	70.4784
23.600000	97.796	69.8055
24.000000	97.820	68.9402
24.299999	97.842	68.2984
24.700001	97.874	67.4589
25.000000	97.899	66.8535
25.400000	97.935	66.0833
25.799999	97.977	65.3393
26.200001	98.021	64.6015
26.500000	98.055	64.0510
26.900000	98.097	63.3339
27.200001	98.129	62.8184
27.600000	98.172	62.1616
28.000000	98.220	61.5242
28.500000	98.284	60.7245
29.000000	98.348	59.9113
29.500000	98.411	59.0990
30.000000	98.475	58.2924
30.400000	98.527	57.6428
30.700001	98.566	57.1497
31.100000	98.616	56.4891
31.500000	98.664	55.8365
32.000000	98.725	55.0469
32.500000	98.790	54.2804
33.000000	98.860	53.5095
33.500000	98.930	52.7120
34.000000	98.998	51.8937
34.500000	99.059	51.0815
35.000000	99.117	50.2984
35.500000	99.176	49.5430
36.000000	99.237	48.7935
36.500000	99.297	48.0311
37.000000	99.355	47.2575
37.500000	99.408	46.4886
38.200001	99.479	45.4370
38.700001	99.529	44.6938
39.500000	99.609	43.4922
40.000000	99.655	42.7357
40.599998	99.708	41.8354
41.200001	99.759	40.9492
41.799999	99.808	40.0742
42.500000	99.862	39.0654
43.099998	99.905	38.2180
43.700001	99.946	37.3931
44.400002	99.994	36.4522
45.000000	100.035	35.6477
45.500000	100.069	34.9695
46.200001	100.112	34.0057
46.799999	100.143	33.1764
47.500000	100.174	32.2288
48.200001	100.203	31.3122
48.700001	100.225	30.6642
49.400002	100.253	29.7498
50.000000	100.271	28.9712
50.799999	100.288	27.9710
51.500000	100.303	27.1121
52.200001	100.316	26.2398
53.000000	100.323	25.2605
53.799999	100.327	24.3384
54.500000	100.332	23.5518
55.200001	100.337	22.7565
56.000000	100.338	21.8500
57.000000	100.333	20.7502
58.000000	100.328	19.6808
59.000000	100.321	18.6331
60.000000	100.315	17.6064
60.799999	100.312	16.7690
61.500000	100.305	16.0194
62.200001	100.293	15.2856
63.000000	100.278	14.4894
64.000000	100.268	13.5143
65.000000	100.255	12.5283
66.000000	100.235	11.5824
67.000000	100.216	10.6861
68.000000	100.199	9.7942
69.000000	100.180	8.9002
70.000000	100.159	8.0223
71.000000	100.135	7.1523
72.000000	100.108	6.2906
73.000000	100.078	5.4580
74.000000	100.047	4.6494
75.000000	100.014	3.8514
76.199997	99.972	2.9092
77.500000	99.923	1.9287
78.800003	99.874	0.9819
80.000000	99.826	0.1206
81.199997	99.774	-0.7286
82.500000	99.714	-1.6290
83.800003	99.648	-2.5001
85.000000	99.585	-3.2609
86.199997	99.521	-3.9956
87.500000	99.450	-4.7838
88.500000	99.391	-5.3815
90.000000	99.301	-6.1946
91.199997	99.237	-6.8537
92.500000	99.164	-7.5936
93.800003	99.087	-8.3035
95.000000	99.015	-8.9283
96.199997	98.943	-9.5284
97.500000	98.862	-10.1556
98.800003	98.780	-10.7518
100.000000	98.702	-11.2832
101.500000	98.602	-11.9235
103.000000	98.501	-12.5421
104.400002	98.405	-13.0878
106.000000	98.295	-13.6914
107.500000	98.190	-14.2422
109.000000	98.083	-14.7498
110.599998	97.971	-15.2617
112.000000	97.872	-15.6825
113.800003	97.744	-16.1724
115.000000	97.659	-16.4941
117.199997	97.497	-17.0816
118.000000	97.437	-17.2917
120.599998	97.242	-17.8484
122.000000	97.152	-18.0960
124.099998	97.021	-18.4838
125.000000	96.963	-18.6311
126.500000	96.869	-18.8410
128.000000	96.777	-19.0127
131.500000	96.572	-19.3866
132.000000	96.543	-19.4360
134.000000	96.427	-19.6030
136.000000	96.313	-19.7245
138.000000	96.200	-19.8278
140.000000	96.086	-19.9069
143.000000	95.924	-19.9467
145.000000	95.820	-19.9471
147.500000	95.689	-19.9215
150.000000	95.556	-19.8302
152.500000	95.431	-19.6881
155.000000	95.313	-19.5289
157.500000	95.197	-19.3499
160.000000	95.080	-19.1090
162.500000	94.961	-18.8385
165.000000	94.840	-18.5453
167.500000	94.726	-18.2225
170.000000	94.621	-17.9061
172.500000	94.518	-17.5636
175.000000	94.416	-17.1801
177.500000	94.318	-16.7847
180.000000	94.225	-16.3761
182.500000	94.141	-15.9108
185.000000	94.065	-15.4286
187.500000	93.991	-14.9672
190.000000	93.923	-14.5070
192.500000	93.862	-14.0609
195.000000	93.808	-13.6135
197.500000	93.759	-13.1554
200.000000	93.713	-12.6943
203.000000	93.666	-12.1456
206.000000	93.625	-11.6133
209.000000	93.587	-11.0876
212.000000	93.553	-10.5751
214.000000	93.534	-10.2340
218.000000	93.506	-9.5283
220.000000	93.495	-9.1852
224.000000	93.479	-8.5537
227.000000	93.470	-8.0898
230.000000	93.462	-7.6125
233.000000	93.456	-7.1603
236.000000	93.453	-6.7340
240.000000	93.455	-6.1685
243.000000	93.459	-5.7689
247.000000	93.469	-5.2704
250.000000	93.474	-4.9209
254.000000	93.478	-4.4732
258.000000	93.485	-3.9886
262.000000	93.493	-3.4780
265.000000	93.503	-3.1095
269.000000	93.524	-2.6353
272.000000	93.546	-2.2916
276.000000	93.579	-1.8820
280.000000	93.613	-1.5085
285.000000	93.660	-1.1187
290.000000	93.713	-0.7806
295.000000	93.767	-0.5079
300.000000	93.820	-0.2708
304.000000	93.862	-0.1254
307.000000	93.895	-0.0499
311.000000	93.940	0.0192
315.000000	93.986	0.0771
320.000000	94.046	0.1185
325.000000	94.110	0.1024
330.000000	94.175	0.0657
335.000000	94.236	0.0081
340.000000	94.293	-0.0889
345.000000	94.347	-0.2173
350.000000	94.398	-0.3602
355.000000	94.444	-0.5261
360.000000	94.490	-0.7148
365.000000	94.536	-0.9322
370.000000	94.578	-1.1799
375.000000	94.614	-1.4325
382.000000	94.656	-1.8175
387.000000	94.682	-2.1312
395.000000	94.715	-2.6671
400.000000	94.729	-3.0020
406.000000	94.740	-3.3993
412.000000	94.744	-3.8149
418.000000	94.742	-4.2292
425.000000	94.731	-4.6827
431.000000	94.716	-5.0636
437.000000	94.694	-5.4484
444.000000	94.665	-5.8787
450.000000	94.635	-6.2253
455.000000	94.607	-6.4878
462.000000	94.563	-6.8428
468.000000	94.522	-7.1448
475.000000	94.469	-7.4508
482.000000	94.413	-7.7200
487.000000	94.372	-7.8997
494.000000	94.313	-8.1232
500.000000	94.263	-8.2974
508.000000	94.196	-8.5121
515.000000	94.135	-8.6570
522.000000	94.075	-8.7740
530.000000	94.005	-8.8793
538.000000	93.933	-8.9470
545.000000	93.869	-8.9691
552.000000	93.805	-8.9684
560.000000	93.734	-8.9391
570.000000	93.645	-8.8715
580.000000	93.557	-8.7667
590.000000	93.471	-8.6038
600.000000	93.387	-8.4084
608.000000	93.320	-8.2252
615.000000	93.263	-8.0444
622.000000	93.208	-7.8488
630.000000	93.148	-7.6097
640.000000	93.081	-7.2769
650.000000	93.020	-6.9142
660.000000	92.960	-6.5273
670.000000	92.903	-6.1168
680.000000	92.850	-5.6725
690.000000	92.800	-5.2076
700.000000	92.752	-4.7181
710.000000	92.707	-4.2046
720.000000	92.664	-3.6766
730.000000	92.624	-3.1234
740.000000	92.589	-2.5515
750.000000	92.557	-1.9625
762.000000	92.522	-1.2246
775.000000	92.491	-0.3950
788.000000	92.467	0.4630
800.000000	92.450	1.2871
812.000000	92.435	2.1486
825.000000	92.422	3.1018
838.000000	92.417	4.0538
850.000000	92.421	4.9340
862.000000	92.435	5.8132
875.000000	92.461	6.7590
885.000000	92.487	7.4843
900.000000	92.535	8.5515
912.000000	92.582	9.3806
925.000000	92.642	10.2511
938.000000	92.708	11.0890
950.000000	92.776	11.8353
962.000000	92.850	12.5485
975.000000	92.935	13.2871
988.000000	93.022	13.9902
1000.000000	93.098	14.6000
1015.000000	93.181	15.3094
1030.000000	93.259	15.9607
1044.000000	93.334	16.5168
1060.000000	93.425	17.0826
1075.000000	93.513	17.5400
1090.000000	93.602	17.9341
1106.000000	93.697	18.2846
1120.000000	93.781	18.5405
1138.000000	93.890	18.8018
1150.000000	93.961	18.9310
1172.000000	94.087	19.0891
1180.000000	94.131	19.1213
1206.000000	94.270	19.1440
1220.000000	94.340	19.1157
1241.000000	94.445	19.0300
1250.000000	94.494	18.9808
1265.000000	94.580	18.8853
1280.000000	94.670	18.7692
1315.000000	94.870	18.4354
1320.000000	94.897	18.3832
1340.000000	95.001	18.1696
1360.000000	95.102	17.9421
1380.000000	95.198	17.7100
1400.000000	95.290	17.4766
1430.000000	95.420	17.1066
1450.000000	95.504	16.8539
1475.000000	95.606	16.5374
1500.000000	95.703	16.2112
1525.000000	95.796	15.8679
1550.000000	95.888	15.5201
1575.000000	95.979	15.1776
1600.000000	96.074	14.8331
1625.000000	96.174	14.4633
1650.000000	96.276	14.0598
1675.000000	96.376	13.6248
1700.000000	96.470	13.1754
1725.000000	96.560	12.7260
1750.000000	96.649	12.2783
1775.000000	96.740	11.8281
1800.000000	96.832	11.3597
1825.000000	96.926	10.8517
1850.000000	97.018	10.2997
1875.000000	97.105	9.7222
1900.000000	97.187	9.1273
1925.000000	97.264	8.5187
1950.000000	97.334	7.8992
1975.000000	97.401	7.2715
2000.000000	97.465	6.6396
2030.000000	97.540	5.8726
2060.000000	97.609	5.0820
2090.000000	97.674	4.2753
2120.000000	97.734	3.4543
2140.000000	97.771	2.8984
2180.000000	97.836	1.7681
2200.000000	97.863	1.1965
2240.000000	97.910	0.0573
2270.000000	97.940	-0.7954
2300.000000	97.960	-1.6663
2330.000000	97.972	-2.5575
2360.000000	97.978	-3.4446
2400.000000	97.978	-4.5903
2430.000000	97.968	-5.4196
2470.000000	97.947	-6.4779
2500.000000	97.927	-7.2281
2540.000000	97.899	-8.1899
2580.000000	97.871	-9.1591
2620.000000	97.837	-10.1797
2650.000000	97.801	-10.9756
2690.000000	97.733	-12.0219
2720.000000	97.667	-12.7507
2760.000000	97.563	-13.6022
2800.000000	97.449	-14.2900
2850.000000	97.308	-14.8851
2900.000000	97.191	-15.1820
2950.000000	97.124	-15.2988
3000.000000	97.101	-15.5339
3040.000000	97.087	-15.9508
3070.000000	97.063	-16.3760
3110.000000	97.006	-16.9980
3150.000000	96.923	-17.5784
3200.000000	96.800	-18.1470
3250.000000	96.669	-18.5179
3300.000000	96.535	-18.7270
3350.000000	96.407	-18.7972
3400.000000	96.293	-18.7578
3450.000000	96.192	-18.6838
3500.000000	96.095	-18.6210
3550.000000	95.996	-18.5361
3600.000000	95.891	-18.3932
3650.000000	95.782	-18.1677
3700.000000	95.679	-17.8545
3750.000000	95.585	-17.4770
3820.000000	95.474	-16.8822
3870.000000	95.406	-16.4518
3950.000000	95.298	-15.7702
4000.000000	95.225	-15.2931
4060.000000	95.122	-14.6644
4120.000000	95.012	-14.0143
4180.000000	94.905	-13.3540
4250.000000	94.790	-12.5410
4310.000000	94.701	-11.7970
4370.000000	94.624	-11.0201
4440.000000	94.541	-10.1276
4500.000000	94.470	-9.3915
4550.000000	94.412	-8.7595
4620.000000	94.335	-7.7868
4680.000000	94.275	-6.8860
4750.000000	94.211	-5.8298
4820.000000	94.153	-4.7874
4870.000000	94.117	-4.0363
4940.000000	94.074	-2.9603
5000.000000	94.046	-2.0123
5080.000000	94.021	-0.7231
5150.000000	94.010	0.4344
5220.000000	94.008	1.6300
5300.000000	94.019	3.0325
5380.000000	94.044	4.4546
5450.000000	94.079	5.7220
5520.000000	94.125	7.0028
5600.000000	94.191	8.4666
5700.000000	94.292	10.3256
5800.000000	94.415	12.2484
5900.000000	94.564	14.2334
6000.000000	94.741	16.2492
6080.000000	94.908	17.8484
6150.000000	95.071	19.2175
6220.000000	95.252	20.5504
6300.000000	95.475	22.0266
6400.000000	95.781	23.7869
6500.000000	96.119	25.3076
6600.000000	96.500	26.5598
6700.000000	96.929	27.5845
6800.000000	97.406	28.2971
6900.000000	97.923	28.5263
7000.000000	98.463	28.1160
7100.000000	99.001	26.9502
7200.000000	99.486	24.9362
7300.000000	99.860	22.2007
7400.000000	100.076	19.1333
7500.000000	100.135	16.3156
7620.000000	100.093	13.9662
7750.000000	100.097	12.7421
7880.000000	100.278	11.8392
8000.000000	100.567	10.2242
8120.000000	100.839	7.4064
8250.000000	100.971	3.3126
8380.000000	100.872	-0.9480
8500.000000	100.602	-4.3420
8620.000000	100.227	-6.8665
8750.000000	99.780	-8.5487
8850.000000	99.449	-9.1711
9000.000000	99.010	-9.3044
9120.000000	98.727	-8.8976
9250.000000	98.502	-8.0618
9380.000000	98.366	-6.9756
9500.000000	98.325	-5.8702
9620.000000	98.370	-4.7967
9750.000000	98.522	-3.8356
9880.000000	98.784	-3.2917
10000.000000	99.123	-3.3531
10150.000000	99.666	-4.5278
10300.000000	100.293	-7.4659
10440.000000	100.860	-12.2546
10600.000000	101.313	-20.2484
10750.000000	101.348	-29.6627
10900.000000	100.873	-39.6534
11060.000000	99.824	-49.1562
11200.000000	98.578	-55.4568
11380.000000	96.772	-60.3018
11500.000000	95.556	-61.7159
11720.000000	93.450	-61.6083
11800.000000	92.740	-60.9340
12060.000000	90.647	-57.0855
12200.000000	89.647	-54.2517
12410.000000	88.295	-49.3906
12500.000000	87.763	-47.1360
12650.000000	86.934	-43.1624
12800.000000	86.173	-38.9330
13150.000000	84.637	-28.4612
13200.000000	84.443	-26.9257
13400.000000	83.728	-20.7043
13600.000000	83.097	-14.3873
13800.000000	82.543	-8.0111
14000.000000	82.067	-1.5753
14300.000000	81.487	8.1652
14500.000000	81.195	14.7493
14750.000000	80.937	22.9443
15000.000000	80.801	31.1223
15250.000000	80.800	39.1765
15500.000000	80.945	47.0136
15750.000000	81.275	54.6953
16000.000000	81.867	61.8683
16250.000000	82.800	68.2461
16500.000000	84.066	73.2986
16750.000000	85.668	75.9195
17000.000000	87.498	74.0681
17250.000000	89.143	65.5984
17500.000000	89.918	50.8192
17750.000000	89.343	34.3414
18000.000000	87.564	21.7266
18250.000000	85.185	15.4902
18500.000000	82.774	15.2212
18750.000000	80.609	19.1480
19000.000000	78.745	25.7711
19250.000000	77.158	34.1846
19500.000000	75.830	43.8891
19750.000000	74.794	54.3662
20000.000000	74.221	63.0220
