20.000000	103.913	167.7062
20.299999	103.891	167.1953
20.600000	103.871	166.7094
20.900000	103.854	166.2336
21.200001	103.839	165.7422
21.400000	103.829	165.4070
21.799999	103.806	164.7341
22.000000	103.793	164.3988
22.400000	103.765	163.7188
22.700001	103.741	163.2282
23.000000	103.718	162.7549
23.299999	103.695	162.2816
23.600000	103.672	161.8195
24.000000	103.644	161.2155
24.299999	103.623	160.7534
24.700001	103.596	160.1432
25.000000	103.574	159.6921
25.400000	103.545	159.0830
25.799999	103.515	158.4878
26.200001	103.485	157.8987
26.500000	103.461	157.4603
26.900000	103.429	156.8902
27.200001	103.405	156.4692
27.600000	103.372	155.9201
28.000000	103.339	155.3869
28.500000	103.299	154.7253
29.000000	103.258	154.0724
29.500000	103.216	153.4159
30.000000	103.173	152.7711
30.400000	103.138	152.2593
30.700001	103.111	151.8819
31.100000	103.075	151.3844
31.500000	103.040	150.8872
32.000000	102.996	150.2795
32.500000	102.953	149.6700
33.000000	102.912	149.0623
33.500000	102.869	148.4442
34.000000	102.823	147.8329
34.500000	102.775	147.2388
35.000000	102.727	146.6772
35.500000	102.682	146.1327
36.000000	102.639	145.5916
36.500000	102.596	145.0426
37.000000	102.552	144.4984
37.500000	102.506	143.9641
38.200001	102.442	143.2369
38.700001	102.397	142.7207
39.500000	102.323	141.9020
40.000000	102.276	141.4007
40.599998	102.220	140.8019
41.200001	102.165	140.2099
41.799999	102.108	139.6205
42.500000	102.041	138.9423
43.099998	101.982	138.3788
43.700001	101.923	137.8277
44.400002	101.855	137.1933
45.000000	101.796	136.6537
45.500000	101.746	136.2076
46.200001	101.674	135.5902
46.799999	101.609	135.0692
47.500000	101.527	134.5129
48.200001	101.449	134.0490
48.700001	101.402	133.7456
49.400002	101.346	133.2816
50.000000	101.300	132.8218
50.799999	101.226	132.1572
51.500000	101.153	131.5667
52.200001	101.076	130.9829
53.000000	100.981	130.3448
53.799999	100.885	129.7605
54.500000	100.805	129.2696
55.200001	100.725	128.7722
56.000000	100.631	128.2260
57.000000	100.517	127.5425
58.000000	100.382	126.8419
59.000000	100.239	126.4831
60.000000	100.156	126.2053
60.799999	100.098	125.7771
61.500000	100.037	125.3965
62.200001	99.982	125.0370
63.000000	99.925	124.5471
64.000000	99.840	123.8711
65.000000	99.744	123.2582
66.000000	99.641	122.7023
67.000000	99.532	122.2470
68.000000	99.429	121.9082
69.000000	99.336	121.6469
70.000000	99.260	121.4334
71.000000	99.200	121.1951
72.000000	99.148	120.9072
73.000000	99.103	120.5760
74.000000	99.064	120.1879
75.000000	99.026	119.7285
76.199997	98.977	119.0660
77.500000	98.909	118.2650
78.800003	98.821	117.4474
80.000000	98.725	116.7286
81.199997	98.617	116.0710
82.500000	98.490	115.4346
83.800003	98.355	114.8903
85.000000	98.227	114.5099
86.199997	98.100	114.2663
87.500000	97.978	114.1919
88.500000	97.905	114.2330
90.000000	97.847	114.2787
91.199997	97.828	114.1191
92.500000	97.811	113.7181
93.800003	97.780	113.1632
95.000000	97.736	112.5913
96.199997	97.679	112.0193
97.500000	97.607	111.4373
98.800003	97.531	110.8959
100.000000	97.457	110.4245
101.500000	97.362	109.8920
103.000000	97.266	109.3932
104.400002	97.178	108.9523
106.000000	97.078	108.4795
107.500000	96.985	108.0619
109.000000	96.896	107.6742
110.599998	96.805	107.2701
112.000000	96.726	106.9277
113.800003	96.627	106.5061
115.000000	96.563	106.2276
117.199997	96.448	105.7325
118.000000	96.408	105.5629
120.599998	96.281	105.0153
122.000000	96.215	104.7369
124.099998	96.120	104.3387
125.000000	96.083	104.1668
126.500000	96.026	103.8805
128.000000	95.974	103.5983
131.500000	95.858	102.9471
132.000000	95.842	102.8578
134.000000	95.777	102.5163
136.000000	95.715	102.1903
138.000000	95.657	101.8731
140.000000	95.601	101.5697
143.000000	95.521	101.1352
145.000000	95.471	100.8649
147.500000	95.413	100.5468
150.000000	95.361	100.2604
152.500000	95.317	99.9770
155.000000	95.279	99.6605
157.500000	95.245	99.3092
160.000000	95.208	98.9401
162.500000	95.161	98.5907
165.000000	95.109	98.2569
167.500000	95.059	97.9440
170.000000	95.016	97.6686
172.500000	94.981	97.4106
175.000000	94.954	97.1472
177.500000	94.935	96.8444
180.000000	94.922	96.4952
182.500000	94.910	96.0937
185.000000	94.898	95.6556
187.500000	94.881	95.1794
190.000000	94.860	94.6904
192.500000	94.836	94.2040
195.000000	94.811	93.7301
197.500000	94.784	93.2667
200.000000	94.759	92.8305
203.000000	94.731	92.3063
206.000000	94.705	91.7941
209.000000	94.680	91.2841
212.000000	94.656	90.7828
214.000000	94.640	90.4577
218.000000	94.612	89.8293
220.000000	94.598	89.5152
224.000000	94.573	88.8912
227.000000	94.555	88.4245
230.000000	94.538	87.9620
233.000000	94.522	87.5083
236.000000	94.506	87.0562
240.000000	94.487	86.4604
243.000000	94.473	86.0146
247.000000	94.454	85.4265
250.000000	94.438	84.9830
254.000000	94.415	84.3887
258.000000	94.391	83.7998
262.000000	94.367	83.2327
265.000000	94.349	82.8189
269.000000	94.326	82.2551
272.000000	94.308	81.8241
276.000000	94.285	81.2584
280.000000	94.264	80.7127
285.000000	94.238	80.0307
290.000000	94.212	79.3530
295.000000	94.185	78.6897
300.000000	94.159	78.0414
304.000000	94.139	77.5402
307.000000	94.125	77.1591
311.000000	94.107	76.6625
315.000000	94.092	76.1691
320.000000	94.081	75.5598
325.000000	94.073	74.9694
330.000000	94.067	74.3810
335.000000	94.062	73.8017
340.000000	94.056	73.2411
345.000000	94.050	72.6864
350.000000	94.045	72.1363
355.000000	94.041	71.5991
360.000000	94.037	71.0682
365.000000	94.034	70.5297
370.000000	94.028	70.0031
375.000000	94.020	69.4940
382.000000	94.014	68.8339
387.000000	94.015	68.3632
395.000000	94.022	67.5455
400.000000	94.022	66.9475
406.000000	94.005	66.2250
412.000000	93.969	65.5945
418.000000	93.931	65.1211
425.000000	93.901	64.6776
431.000000	93.886	64.3026
437.000000	93.875	63.9252
444.000000	93.864	63.4713
450.000000	93.856	63.0847
455.000000	93.850	62.7595
462.000000	93.841	62.3111
468.000000	93.833	61.9348
475.000000	93.825	61.5169
482.000000	93.816	61.1076
487.000000	93.810	60.8257
494.000000	93.802	60.4345
500.000000	93.796	60.1034
508.000000	93.790	59.6999
515.000000	93.786	59.3526
522.000000	93.782	59.0277
530.000000	93.778	58.6643
538.000000	93.774	58.3187
545.000000	93.770	58.0350
552.000000	93.767	57.7638
560.000000	93.763	57.4730
570.000000	93.757	57.1170
580.000000	93.753	56.7943
590.000000	93.748	56.5056
600.000000	93.743	56.2397
608.000000	93.740	56.0424
615.000000	93.737	55.8836
622.000000	93.736	55.7300
630.000000	93.736	55.5806
640.000000	93.743	55.4127
650.000000	93.752	55.2635
660.000000	93.762	55.1524
670.000000	93.773	55.0543
680.000000	93.785	54.9840
690.000000	93.797	54.9269
700.000000	93.810	54.8978
710.000000	93.824	54.8941
720.000000	93.841	54.9107
730.000000	93.858	54.9526
740.000000	93.877	55.0098
750.000000	93.897	55.0838
762.000000	93.925	55.2081
775.000000	93.956	55.3655
788.000000	93.990	55.5578
800.000000	94.020	55.7600
812.000000	94.048	55.9837
825.000000	94.078	56.2580
838.000000	94.113	56.5549
850.000000	94.149	56.8438
862.000000	94.190	57.1492
875.000000	94.240	57.4980
885.000000	94.282	57.7768
900.000000	94.352	58.2031
912.000000	94.413	58.5453
925.000000	94.485	58.9261
938.000000	94.563	59.3202
950.000000	94.641	59.6671
962.000000	94.725	60.0094
975.000000	94.820	60.3732
988.000000	94.918	60.7216
1000.000000	95.004	61.0384
1015.000000	95.102	61.3937
1030.000000	95.196	61.7074
1044.000000	95.287	61.9732
1060.000000	95.399	62.2251
1075.000000	95.509	62.4281
1090.000000	95.624	62.5703
1106.000000	95.750	62.6541
1120.000000	95.862	62.6777
1138.000000	96.008	62.6215
1150.000000	96.105	62.5625
1172.000000	96.282	62.3389
1180.000000	96.345	62.2297
1206.000000	96.547	61.7707
1220.000000	96.652	61.4765
1241.000000	96.809	60.9563
1250.000000	96.879	60.7125
1265.000000	96.999	60.2626
1280.000000	97.121	59.7850
1315.000000	97.383	58.5953
1320.000000	97.417	58.4163
1340.000000	97.548	57.7026
1360.000000	97.668	56.9735
1380.000000	97.776	56.2573
1400.000000	97.874	55.5479
1430.000000	98.004	54.5253
1450.000000	98.080	53.8706
1475.000000	98.163	53.0971
1500.000000	98.233	52.4054
1525.000000	98.291	51.8243
1550.000000	98.347	51.4099
1575.000000	98.416	51.1584
1600.000000	98.524	51.0469
1625.000000	98.678	50.7848
1650.000000	98.845	50.2084
1675.000000	98.987	49.3831
1700.000000	99.094	48.5214
1725.000000	99.178	47.7257
1750.000000	99.252	47.0215
1775.000000	99.321	46.3727
1800.000000	99.388	45.7811
1825.000000	99.456	45.2276
1850.000000	99.525	44.6781
1875.000000	99.594	44.1627
1900.000000	99.663	43.6542
1925.000000	99.734	43.1486
1950.000000	99.806	42.6461
1975.000000	99.878	42.1244
2000.000000	99.951	41.5800
2030.000000	100.036	40.9125
2060.000000	100.118	40.2291
2090.000000	100.196	39.5553
2120.000000	100.269	38.8593
2140.000000	100.315	38.3992
2180.000000	100.401	37.4942
2200.000000	100.442	37.0453
2240.000000	100.520	36.2184
2270.000000	100.582	35.6342
2300.000000	100.653	35.0773
2330.000000	100.738	34.4855
2360.000000	100.831	33.7674
2400.000000	100.947	32.6040
2430.000000	101.017	31.6296
2470.000000	101.086	30.2773
2500.000000	101.125	29.2428
2540.000000	101.166	27.8588
2580.000000	101.193	26.4066
2620.000000	101.197	24.8683
2650.000000	101.179	23.6695
2690.000000	101.119	22.0730
2720.000000	101.046	20.9176
2760.000000	100.914	19.5332
2800.000000	100.752	18.3888
2850.000000	100.528	17.3233
2900.000000	100.299	16.6553
2950.000000	100.080	16.3102
3000.000000	99.879	16.2272
3040.000000	99.732	16.2887
3070.000000	99.630	16.3935
3110.000000	99.503	16.6017
3150.000000	99.388	16.8800
3200.000000	99.264	17.3451
3250.000000	99.161	17.9556
3300.000000	99.077	18.6670
3350.000000	99.017	19.4552
3400.000000	98.978	20.2958
3450.000000	98.958	21.1590
3500.000000	98.955	22.0382
3550.000000	98.972	22.9666
3600.000000	99.010	23.8984
3650.000000	99.073	24.8237
3700.000000	99.159	25.6904
3750.000000	99.265	26.4514
3820.000000	99.437	27.3621
3870.000000	99.570	27.8810
3950.000000	99.792	28.5461
4000.000000	99.926	28.8648
4060.000000	100.075	29.1848
4120.000000	100.226	29.4627
4180.000000	100.399	29.7132
4250.000000	100.649	29.8217
4310.000000	100.901	29.5643
4370.000000	101.166	28.8384
4440.000000	101.450	27.3376
4500.000000	101.647	25.6230
4550.000000	101.767	23.9527
4620.000000	101.861	21.3936
4680.000000	101.869	19.0794
4750.000000	101.795	16.3843
4820.000000	101.634	13.8205
4870.000000	101.472	12.1394
4940.000000	101.190	10.1001
5000.000000	100.910	8.6595
5080.000000	100.505	7.2613
5150.000000	100.135	6.4975
5220.000000	99.764	6.1517
5300.000000	99.352	6.2046
5380.000000	98.964	6.6850
5450.000000	98.652	7.3714
5520.000000	98.367	8.2570
5600.000000	98.079	9.4286
5700.000000	97.770	11.0570
5800.000000	97.511	12.7611
5900.000000	97.291	14.4364
6000.000000	97.094	16.0673
6080.000000	96.944	17.3609
6150.000000	96.813	18.4873
6220.000000	96.682	19.6640
6300.000000	96.526	21.0799
6400.000000	96.327	23.0627
6500.000000	96.140	25.2579
6600.000000	95.985	27.6762
6700.000000	95.875	30.2652
6800.000000	95.816	32.9933
6900.000000	95.816	35.7729
7000.000000	95.881	38.5477
7100.000000	96.015	41.2323
7200.000000	96.225	43.7220
7300.000000	96.505	45.8543
7400.000000	96.845	47.4648
7500.000000	97.230	48.4647
7620.000000	97.720	48.7068
7750.000000	98.231	47.5831
7880.000000	98.633	45.0331
8000.000000	98.822	41.6328
8120.000000	98.785	37.8231
8250.000000	98.483	33.9215
8380.000000	97.952	30.9355
8500.000000	97.331	29.3179
8620.000000	96.655	28.9202
8750.000000	95.933	29.7572
8850.000000	95.418	31.0959
9000.000000	94.739	33.9987
9120.000000	94.288	36.8373
9250.000000	93.894	40.2886
9380.000000	93.603	43.9364
9500.000000	93.425	47.3247
9620.000000	93.332	50.6441
9750.000000	93.320	53.9599
9880.000000	93.391	56.7702
10000.000000	93.509	58.7701
10150.000000	93.663	60.2042
10300.000000	93.726	60.5255
10440.000000	93.611	60.2491
10600.000000	93.234	60.3402
10750.000000	92.732	61.8776
10900.000000	92.262	64.9957
11060.000000	91.943	69.3382
11200.000000	91.825	73.0868
11380.000000	91.802	77.2910
11500.000000	91.820	79.7333
11720.000000	91.876	83.5821
11800.000000	91.899	84.8070
12060.000000	91.938	88.0683
12200.000000	91.900	89.5156
12410.000000	91.726	91.7621
12500.000000	91.615	92.9676
12650.000000	91.407	95.4607
12800.000000	91.213	98.5901
13150.000000	91.082	108.0702
13200.000000	91.120	109.5626
13400.000000	91.444	115.4580
13600.000000	92.064	120.6713
13800.000000	92.964	124.2416
14000.000000	94.047	125.1580
14300.000000	95.518	120.1609
14500.000000	95.995	113.4458
14750.000000	95.789	104.5541
15000.000000	94.965	98.3486
15250.000000	93.959	95.1927
15500.000000	92.925	94.3505
15750.000000	91.970	96.2356
16000.000000	91.500	100.8184
16250.000000	91.970	105.6511
16500.000000	93.438	107.1762
16750.000000	95.805	101.5253
17000.000000	97.857	83.0174
17250.000000	97.845	55.5627
17500.000000	95.622	29.7420
17750.000000	92.168	9.6592
18000.000000	88.059	-5.3917
18250.000000	83.324	-15.0791
18500.000000	78.034	-18.0499
18750.000000	72.413	-14.1464
19000.000000	66.650	-4.0538
19250.000000	60.785	12.3885
19500.000000	54.761	39.2745
19750.000000	49.091	98.1872
20000.000000	46.014	165.4167
