20.000000	101.566	45.3422
20.144928	101.578	44.8264
20.290907	101.590	44.3084
20.437943	101.600	43.7893
20.586044	101.610	43.2708
20.735220	101.619	42.7521
20.885475	101.626	42.2364
21.036821	101.632	41.7242
21.189262	101.638	41.2163
21.342808	101.642	40.7150
21.497467	101.646	40.2196
21.653246	101.649	39.7304
21.810154	101.653	39.2480
21.968201	101.656	38.7700
22.127390	101.660	38.2957
22.287735	101.663	37.8244
22.449242	101.667	37.3531
22.611917	101.671	36.8825
22.775772	101.674	36.4109
22.940815	101.678	35.9378
23.107054	101.680	35.4648
23.274498	101.682	34.9913
23.443153	101.684	34.5194
23.613033	101.684	34.0501
23.784142	101.684	33.5838
23.956491	101.683	33.1222
24.130091	101.682	32.6645
24.304947	101.680	32.2104
24.481071	101.679	31.7598
24.658470	101.677	31.3107
24.837156	101.675	30.8634
25.017136	101.672	30.4165
25.198421	101.669	29.9705
25.381020	101.665	29.5267
25.564941	101.660	29.0851
25.750195	101.655	28.6489
25.936790	101.648	28.2181
26.124741	101.642	27.7947
26.314051	101.635	27.3781
26.504732	101.628	26.9668
26.696796	101.623	26.5599
26.890253	101.617	26.1530
27.085112	101.612	25.7454
27.281382	101.607	25.3330
27.479073	101.601	24.9170
27.678198	101.595	24.4963
27.878765	101.587	24.0751
28.080786	101.577	23.6545
28.284271	101.566	23.2402
28.489231	101.554	22.8336
28.695675	101.542	22.4372
28.903616	101.529	22.0504
29.113064	101.516	21.6711
29.324028	101.504	21.2966
29.536524	101.493	20.9232
29.750557	101.482	20.5482
29.966141	101.471	20.1704
30.183289	101.460	19.7905
30.402010	101.447	19.4102
30.622314	101.434	19.0323
30.844217	101.420	18.6586
31.067726	101.406	18.2903
31.292856	101.392	17.9264
31.519617	101.378	17.5653
31.748020	101.365	17.2048
31.978081	101.351	16.8441
32.209808	101.337	16.4833
32.443211	101.322	16.1249
32.678310	101.307	15.7723
32.915108	101.291	15.4277
33.153625	101.275	15.0924
33.393871	101.260	14.7632
33.635857	101.246	14.4375
33.879597	101.234	14.1077
34.125103	101.221	13.7720
34.372387	101.208	13.4281
34.621464	101.193	13.0808
34.872345	101.177	12.7360
35.125042	101.159	12.3995
35.379574	101.140	12.0773
35.635948	101.122	11.7664
35.894180	101.105	11.4636
36.154285	101.089	11.1594
36.416275	101.074	10.8477
36.680161	101.058	10.5282
36.945961	101.040	10.2032
37.213688	101.020	9.8851
37.483353	100.998	9.5816
37.754974	100.975	9.2968
38.028561	100.955	9.0293
38.304131	100.936	8.7657
38.581699	100.920	8.4949
38.861279	100.904	8.2094
39.142883	100.887	7.9074
39.426529	100.867	7.6017
39.712231	100.845	7.3058
40.000000	100.822	7.0286
40.289856	100.800	6.7721
40.581814	100.782	6.5243
40.875885	100.766	6.2656
41.172089	100.752	5.9848
41.470440	100.735	5.6813
41.770950	100.715	5.3667
42.073643	100.691	5.0651
42.378525	100.664	4.7968
42.685616	100.639	4.5633
42.994934	100.618	4.3498
43.306492	100.602	4.1317
43.620308	100.590	3.8853
43.936401	100.576	3.6008
44.254780	100.558	3.2939
44.575470	100.534	2.9945
44.898483	100.506	2.7289
45.223835	100.479	2.5067
45.551544	100.455	2.3164
45.881630	100.437	2.1315
46.214108	100.422	1.9238
46.548996	100.408	1.6803
46.886307	100.390	1.4105
47.226067	100.367	1.1404
47.568283	100.340	0.8962
47.912983	100.313	0.6895
48.260181	100.288	0.5131
48.609894	100.267	0.3464
48.962143	100.250	0.1676
49.316940	100.234	-0.0361
49.674313	100.216	-0.2643
50.034271	100.194	-0.5065
50.396843	100.168	-0.7474
50.762039	100.138	-0.9731
51.129883	100.106	-1.1742
51.500389	100.076	-1.3501
51.873581	100.048	-1.5105
52.249481	100.024	-1.6732
52.628101	100.002	-1.8558
53.009464	99.980	-2.0645
53.393593	99.955	-2.2871
53.780506	99.926	-2.5006
54.170223	99.897	-2.6879
54.562763	99.869	-2.8540
54.958145	99.845	-3.0251
55.356396	99.822	-3.2272
55.757530	99.796	-3.4620
56.161572	99.763	-3.7008
56.568542	99.724	-3.9037
56.978462	99.685	-4.0514
57.391350	99.651	-4.1609
57.807232	99.622	-4.2706
58.226128	99.597	-4.4078
58.648056	99.571	-4.5726
59.073048	99.544	-4.7479
59.501114	99.516	-4.9214
59.932281	99.488	-5.0935
60.366577	99.460	-5.2682
60.804020	99.431	-5.4407
61.244629	99.403	-5.6056
61.688435	99.377	-5.7708
62.135452	99.352	-5.9547
62.585712	99.325	-6.1584
63.039234	99.294	-6.3490
63.496040	99.264	-6.4863
63.956161	99.241	-6.5731
64.419617	99.226	-6.6740
64.886421	99.214	-6.8549
65.356621	99.194	-7.1055
65.830215	99.162	-7.3344
66.307251	99.124	-7.4598
66.787743	99.094	-7.5016
67.271713	99.073	-7.5590
67.759193	99.055	-7.6938
68.250206	99.029	-7.8583
68.744774	99.000	-7.9679
69.242928	98.976	-8.0201
69.744690	98.961	-8.1031
70.250084	98.945	-8.2756
70.759148	98.922	-8.4813
71.271896	98.892	-8.6273
71.788361	98.865	-8.7052
72.308571	98.847	-8.7969
72.832550	98.829	-8.9504
73.360321	98.806	-9.1155
73.891922	98.781	-9.2300
74.427376	98.760	-9.3138
74.966705	98.743	-9.4338
75.509949	98.723	-9.6034
76.057121	98.696	-9.7664
76.608261	98.667	-9.8774
77.163399	98.640	-9.9542
77.722557	98.618	-10.0417
78.285767	98.596	-10.1590
78.853058	98.572	-10.2974
79.424461	98.545	-10.4370
80.000000	98.514	-10.5518
80.579712	98.484	-10.6306
81.163628	98.458	-10.6922
81.751770	98.435	-10.7703
82.344177	98.413	-10.8800
82.940880	98.389	-11.0098
83.541901	98.361	-11.1367
84.147285	98.332	-11.2428
84.757050	98.304	-11.3318
85.371231	98.275	-11.4214
85.989868	98.247	-11.5139
86.612984	98.218	-11.5898
87.240616	98.191	-11.6567
87.872803	98.166	-11.7500
88.509560	98.138	-11.8653
89.150940	98.108	-11.9537
89.796967	98.081	-12.0129
90.447670	98.056	-12.0914
91.103088	98.031	-12.1916
91.763260	98.005	-12.2748
92.428215	97.980	-12.3549
93.097992	97.955	-12.4607
93.772614	97.926	-12.5558
94.452133	97.898	-12.6090
95.136566	97.873	-12.6716
95.825966	97.846	-12.7593
96.520363	97.817	-12.8066
97.219788	97.793	-12.8143
97.924286	97.774	-12.8721
98.633881	97.751	-12.9860
99.348625	97.723	-13.0657
100.068542	97.696	-13.0914
100.793686	97.674	-13.1274
101.524078	97.651	-13.2004
102.259766	97.626	-13.2916
103.000778	97.598	-13.3846
103.747162	97.568	-13.4575
104.498962	97.539	-13.5046
105.256203	97.512	-13.5599
106.018929	97.487	-13.6426
106.787186	97.460	-13.7318
107.561012	97.433	-13.8135
108.340446	97.406	-13.8931
109.125526	97.378	-13.9668
109.916290	97.351	-14.0310
110.712791	97.324	-14.0998
111.515060	97.295	-14.1849
112.323143	97.262	-14.2659
113.137085	97.227	-14.3051
113.956924	97.196	-14.3115
114.782700	97.168	-14.3488
115.614464	97.140	-14.4429
116.452255	97.108	-14.5415
117.296112	97.076	-14.6017
118.146095	97.046	-14.6347
119.002228	97.021	-14.6669
119.864563	96.999	-14.7244
120.733154	96.976	-14.8127
121.608040	96.948	-14.8979
122.489258	96.918	-14.9587
123.376869	96.885	-15.0061
124.270905	96.852	-15.0302
125.171425	96.824	-15.0201
126.078468	96.802	-15.0216
126.992081	96.784	-15.0635
127.912323	96.766	-15.1313
128.839233	96.747	-15.2369
129.772842	96.723	-15.3375
130.713242	96.699	-15.3644
131.660431	96.679	-15.3823
132.614502	96.658	-15.4382
133.575485	96.636	-15.4789
134.543427	96.613	-15.5159
135.518387	96.588	-15.5610
136.500412	96.564	-15.5834
137.489548	96.541	-15.5929
138.485855	96.522	-15.6088
139.489380	96.504	-15.6578
140.500168	96.485	-15.7244
141.518295	96.463	-15.7812
142.543793	96.439	-15.8339
143.576721	96.414	-15.8785
144.617142	96.387	-15.9268
145.665100	96.358	-15.9619
146.720642	96.331	-15.9733
147.783844	96.307	-15.9937
148.854752	96.284	-16.0372
149.933411	96.260	-16.0691
151.019897	96.237	-16.0745
152.114243	96.214	-16.1064
153.216522	96.186	-16.1473
154.326797	96.155	-16.1439
155.445114	96.126	-16.1191
156.571533	96.099	-16.1135
157.706116	96.073	-16.1353
158.848923	96.045	-16.1598
160.000000	96.016	-16.1881
161.159424	95.984	-16.2111
162.327255	95.950	-16.2196
163.503540	95.917	-16.2152
164.688354	95.883	-16.2106
165.881760	95.849	-16.2123
167.083801	95.815	-16.2112
168.294571	95.780	-16.2102
169.514099	95.744	-16.2202
170.742462	95.707	-16.2226
171.979736	95.671	-16.2089
173.225967	95.635	-16.2059
174.481232	95.598	-16.2098
175.745605	95.560	-16.2045
177.019119	95.521	-16.1844
178.301880	95.482	-16.1560
179.593933	95.444	-16.1266
180.895340	95.405	-16.0973
182.206177	95.366	-16.0817
183.526520	95.327	-16.0481
184.856430	95.289	-16.0062
186.195984	95.251	-15.9760
187.545227	95.213	-15.9434
188.904266	95.174	-15.8915
190.273132	95.136	-15.8157
191.651932	95.100	-15.7418
193.040726	95.065	-15.6689
194.439575	95.031	-15.5811
195.848572	94.998	-15.5018
197.267761	94.965	-15.4392
198.697250	94.931	-15.3771
200.137085	94.897	-15.3130
201.587372	94.862	-15.2523
203.048157	94.828	-15.1830
204.519531	94.795	-15.1082
206.001556	94.762	-15.0382
207.494324	94.729	-14.9650
208.997925	94.697	-14.8770
210.512405	94.667	-14.7859
212.037857	94.637	-14.7006
213.574371	94.606	-14.6207
215.122025	94.574	-14.5447
216.680893	94.542	-14.4528
218.251053	94.510	-14.3636
219.832581	94.479	-14.3010
221.425583	94.447	-14.2261
223.030121	94.415	-14.1171
224.646286	94.384	-14.0010
226.274170	94.353	-13.9026
227.913849	94.320	-13.8278
229.565399	94.286	-13.7576
231.228928	94.253	-13.6428
232.904510	94.224	-13.4739
234.592224	94.197	-13.2745
236.292191	94.167	-13.1551
238.004456	94.127	-13.0823
239.729126	94.083	-12.9783
241.466309	94.042	-12.8810
243.216080	94.006	-12.7856
244.978516	93.973	-12.6541
246.753738	93.944	-12.4821
248.541809	93.916	-12.3336
250.342850	93.886	-12.2346
252.156937	93.852	-12.1277
253.984161	93.816	-11.9764
255.824646	93.779	-11.7902
257.678467	93.741	-11.5999
259.545685	93.701	-11.4215
261.426483	93.660	-11.2357
263.320862	93.619	-11.0338
265.229004	93.578	-10.8481
267.150970	93.538	-10.6661
269.086853	93.501	-10.4606
271.036774	93.470	-10.2404
273.000824	93.443	-10.0377
274.979095	93.414	-9.8606
276.971710	93.383	-9.6395
278.978760	93.353	-9.4071
281.000336	93.324	-9.1959
283.036591	93.293	-8.9918
285.087585	93.261	-8.8000
287.153442	93.229	-8.5953
289.234283	93.197	-8.3728
291.330200	93.167	-8.1348
293.441284	93.138	-7.8855
295.567688	93.108	-7.6241
297.709503	93.078	-7.3815
299.866821	93.049	-7.1420
302.039795	93.020	-6.9071
304.228485	92.991	-6.6819
306.433044	92.962	-6.4476
308.653595	92.935	-6.1943
310.890228	92.912	-5.9451
313.143066	92.891	-5.6880
315.412231	92.873	-5.4169
317.697845	92.856	-5.1501
320.000000	92.841	-4.9001
322.318848	92.828	-4.6700
324.654510	92.816	-4.4465
327.007080	92.805	-4.1921
329.376709	92.794	-3.9171
331.763519	92.783	-3.6409
334.167603	92.773	-3.3901
336.589142	92.764	-3.1465
339.028198	92.756	-2.8968
341.484924	92.750	-2.6278
343.959473	92.745	-2.3427
346.451935	92.739	-2.0782
348.962463	92.732	-1.8242
351.491211	92.725	-1.5695
354.038239	92.721	-1.2932
356.603760	92.718	-1.0199
359.187866	92.714	-0.7874
361.790680	92.709	-0.5515
364.412354	92.706	-0.2908
367.053040	92.704	-0.0367
369.712860	92.703	0.1870
372.391968	92.702	0.4089
375.090454	92.702	0.6442
377.808533	92.703	0.8663
380.546265	92.704	1.0793
383.303864	92.704	1.3160
386.081451	92.702	1.5410
388.879150	92.699	1.7533
391.697144	92.698	1.9857
394.535522	92.700	2.2177
397.394501	92.702	2.4078
400.274170	92.702	2.5745
403.174744	92.701	2.7889
406.096313	92.699	3.0295
409.039062	92.698	3.2463
412.003113	92.697	3.4299
414.988647	92.697	3.6151
417.995850	92.696	3.8381
421.024811	92.695	4.0681
424.075714	92.695	4.2899
427.148743	92.694	4.4945
430.244049	92.691	4.6845
433.361786	92.688	4.8834
436.502106	92.688	5.0896
439.665161	92.688	5.2913
442.851166	92.686	5.4914
446.060242	92.684	5.6920
449.292572	92.683	5.9088
452.548340	92.683	6.1456
455.827698	92.684	6.3930
459.130798	92.685	6.6169
462.457855	92.686	6.8181
465.809021	92.688	7.0291
469.184448	92.690	7.2644
472.584381	92.691	7.4939
476.008911	92.693	7.6972
479.458252	92.695	7.8922
482.932617	92.695	8.0819
486.432159	92.694	8.2947
489.957031	92.694	8.5177
493.507477	92.695	8.7352
497.083618	92.697	8.9514
500.685699	92.699	9.1699
504.313873	92.702	9.3895
507.968323	92.708	9.6100
511.649292	92.715	9.8429
515.356934	92.721	10.0816
519.091370	92.726	10.2980
522.852966	92.732	10.5210
526.641724	92.739	10.7634
530.458008	92.746	10.9960
534.301941	92.751	11.2025
538.173706	92.754	11.4100
542.073547	92.758	11.6499
546.001648	92.761	11.8811
549.958191	92.764	12.0844
553.943420	92.769	12.2886
557.957520	92.774	12.5145
562.000671	92.779	12.7629
566.073181	92.784	12.9957
570.175171	92.788	13.2053
574.306885	92.793	13.4132
578.468567	92.798	13.6346
582.660400	92.804	13.8665
586.882568	92.809	14.0914
591.135376	92.812	14.3023
595.419006	92.815	14.5339
599.733643	92.819	14.7833
604.079590	92.826	15.0323
608.456970	92.831	15.2697
612.866089	92.833	15.4838
617.307190	92.835	15.7010
621.780457	92.840	15.9478
626.286133	92.846	16.1880
630.824463	92.853	16.3987
635.395691	92.860	16.6224
640.000000	92.868	16.8860
644.637695	92.877	17.1623
649.309021	92.886	17.4082
654.014160	92.896	17.6239
658.753418	92.906	17.8572
663.527039	92.916	18.1248
668.335205	92.925	18.3950
673.178284	92.934	18.6386
678.056396	92.942	18.8838
682.969849	92.949	19.1647
687.918945	92.958	19.4496
692.903870	92.968	19.7040
697.924927	92.978	19.9503
702.982422	92.988	20.2260
708.076477	92.996	20.5032
713.207520	93.005	20.7759
718.375732	93.015	21.0670
723.581360	93.026	21.3607
728.824707	93.035	21.6421
734.106079	93.042	21.9041
739.425720	93.048	22.1866
744.783936	93.057	22.5174
750.180908	93.068	22.8605
755.617065	93.078	23.1649
761.092529	93.089	23.4491
766.607727	93.101	23.7718
772.162903	93.114	24.1351
777.758301	93.128	24.4756
783.394287	93.140	24.7861
789.071045	93.151	25.1198
794.789001	93.161	25.4867
800.548340	93.169	25.8589
806.349487	93.175	26.1890
812.192627	93.180	26.4923
818.078125	93.185	26.8184
824.006226	93.193	27.1703
829.977295	93.201	27.5388
835.991699	93.208	27.8880
842.049622	93.215	28.2356
848.151428	93.223	28.6026
854.297485	93.233	28.9816
860.488098	93.245	29.3661
866.723572	93.255	29.7301
873.004211	93.264	30.0767
879.330322	93.276	30.4542
885.702332	93.288	30.8584
892.120483	93.301	31.2536
898.585144	93.316	31.6203
905.096680	93.332	31.9750
911.655396	93.345	32.3520
918.261597	93.357	32.7672
924.915710	93.371	33.1926
931.618042	93.391	33.6050
938.368896	93.413	34.0097
945.168762	93.433	34.4224
952.017822	93.453	34.8442
958.916504	93.476	35.2653
965.865234	93.501	35.6780
972.864319	93.524	36.0943
979.914062	93.542	36.5158
987.014954	93.561	36.9266
994.167236	93.581	37.3118
1001.371399	93.599	37.6741
1008.627747	93.609	38.0442
1015.936646	93.612	38.4453
1023.298584	93.616	38.8636
1030.713867	93.621	39.2472
1038.182739	93.626	39.5920
1045.705933	93.630	39.9684
1053.283447	93.633	40.3890
1060.916016	93.637	40.7844
1068.603882	93.642	41.1320
1076.347412	93.648	41.4852
1084.147095	93.650	41.8810
1092.003296	93.653	42.2901
1099.916382	93.658	42.6670
1107.886841	93.665	43.0249
1115.915039	93.671	43.4266
1124.001343	93.676	43.8749
1132.146362	93.686	44.3056
1140.350342	93.701	44.6938
1148.613770	93.717	45.0833
1156.937134	93.731	45.4950
1165.320801	93.746	45.8869
1173.765137	93.765	46.2238
1182.270752	93.784	46.5289
1190.838013	93.797	46.8428
1199.467285	93.806	47.1638
1208.159180	93.816	47.4616
1216.913940	93.827	47.7387
1225.732178	93.833	48.0292
1234.614380	93.834	48.3476
1243.560913	93.836	48.6747
1252.572266	93.847	48.9990
1261.648926	93.862	49.3309
1270.791382	93.874	49.6765
1280.000000	93.885	50.0404
1289.275391	93.900	50.4205
1298.618042	93.918	50.8070
1308.028320	93.932	51.1993
1317.506836	93.941	51.6088
1327.054077	93.951	52.0405
1336.670410	93.968	52.4939
1346.356567	93.985	52.9622
1356.112793	93.999	53.4392
1365.939697	94.013	53.9309
1375.837891	94.034	54.4449
1385.807739	94.060	54.9801
1395.849854	94.085	55.5103
1405.964844	94.107	56.0003
1416.152954	94.129	56.4689
1426.415039	94.153	56.9911
1436.751465	94.177	57.5916
1447.162720	94.204	58.1897
1457.649414	94.234	58.7245
1468.212158	94.265	59.2580
1478.851440	94.291	59.8711
1489.567871	94.314	60.5441
1500.361816	94.337	61.1881
1511.234131	94.362	61.7694
1522.185059	94.388	62.3524
1533.215454	94.417	63.0011
1544.325806	94.451	63.7055
1555.516602	94.487	64.4108
1566.788574	94.521	65.0799
1578.142090	94.557	65.7492
1589.578003	94.600	66.4859
1601.096680	94.651	67.2702
1612.698975	94.702	68.0206
1624.385254	94.755	68.7334
1636.156250	94.813	69.4928
1648.012451	94.879	70.3257
1659.954590	94.948	71.1443
1671.983398	95.017	71.8936
1684.099243	95.089	72.6511
1696.302856	95.167	73.4899
1708.594971	95.251	74.3527
1720.976196	95.336	75.1548
1733.447144	95.425	75.9068
1746.008423	95.518	76.6817
1758.660645	95.612	77.5262
1771.404663	95.708	78.4202
1784.240967	95.815	79.3022
1797.170288	95.935	80.1410
1810.193359	96.059	80.9722
1823.310791	96.177	81.8318
1836.523193	96.293	82.7057
1849.831421	96.417	83.5414
1863.236084	96.549	84.2981
1876.737793	96.685	85.0095
1890.337524	96.824	85.7774
1904.035645	96.968	86.6204
1917.833008	97.117	87.4197
1931.730469	97.271	88.1275
1945.728638	97.432	88.8620
1959.828125	97.603	89.7128
1974.029907	97.788	90.5818
1988.334473	97.988	91.3411
2002.742798	98.205	92.0097
2017.255493	98.436	92.6741
2031.873291	98.678	93.2923
2046.597168	98.927	93.6996
2061.427734	99.177	93.8693
2076.365479	99.421	93.9559
2091.411865	99.657	94.0453
2106.566895	99.885	94.0470
2121.832031	100.104	93.8854
2137.207764	100.313	93.6656
2152.694824	100.512	93.5291
2168.294189	100.704	93.4372
2184.006592	100.897	93.2518
2199.832764	101.089	92.9727
2215.773682	101.275	92.7385
2231.830078	101.456	92.5857
2248.002686	101.636	92.3810
2264.292725	101.817	92.0380
2280.700684	101.994	91.6602
2297.227539	102.164	91.3700
2313.874268	102.331	91.1024
2330.641602	102.499	90.7161
2347.530273	102.665	90.2398
2364.541504	102.823	89.8319
2381.676025	102.973	89.5081
2398.934570	103.123	89.1270
2416.318359	103.276	88.6357
2433.827881	103.426	88.1609
2451.464355	103.569	87.7929
2469.228760	103.712	87.4310
2487.121826	103.862	86.9477
2505.144531	104.016	86.3995
2523.297852	104.164	85.9136
2541.582764	104.307	85.4534
2560.000000	104.451	84.8828
2578.550781	104.597	84.1942
2597.236084	104.736	83.5275
2616.056641	104.865	82.9428
2635.013672	104.993	82.3268
2654.108154	105.127	81.5936
2673.340820	105.261	80.8178
2692.713135	105.384	80.0891
2712.225586	105.498	79.3522
2731.879395	105.614	78.5591
2751.675781	105.738	77.7707
2771.615479	105.865	77.0116
2791.699707	105.977	76.1743
2811.929688	106.065	75.2012
2832.305908	106.135	74.1839
2852.830078	106.201	73.1763
2873.502930	106.269	72.1168
2894.325439	106.332	71.0177
2915.298828	106.376	69.9799
2936.424316	106.404	68.9875
2957.702881	106.431	67.9258
2979.135742	106.460	66.7956
3000.723633	106.478	65.7116
3022.468262	106.482	64.7190
3044.370117	106.484	63.7281
3066.430908	106.492	62.6639
3088.651611	106.495	61.5896
3111.033203	106.481	60.5837
3133.577148	106.455	59.6021
3156.284180	106.432	58.5723
3179.156006	106.414	57.5191
3202.193359	106.383	56.5324
3225.397949	106.335	55.6246
3248.770508	106.283	54.7197
3272.312500	106.236	53.7871
3296.024902	106.183	52.9032
3319.909180	106.111	52.0991
3343.966797	106.027	51.3114
3368.198486	105.946	50.5680
3392.605713	105.873	50.0041
3417.189941	105.803	49.5918
3441.952393	105.725	49.1265
3466.894287	105.632	48.5490
3492.016846	105.524	47.9881
3517.321289	105.419	47.4694
3542.809326	105.325	46.9411
3568.481934	105.232	46.4507
3594.340576	105.122	46.0489
3620.386719	105.005	45.6913
3646.621582	104.898	45.3412
3673.046387	104.799	45.0260
3699.662842	104.688	44.7692
3726.472168	104.562	44.5657
3753.475586	104.442	44.3953
3780.675049	104.336	44.2512
3808.071289	104.226	44.1457
3835.666016	104.098	44.0764
3863.460938	103.966	44.0394
3891.457275	103.849	44.0442
3919.656250	103.742	44.1036
3948.059814	103.622	44.2081
3976.668945	103.485	44.3466
4005.485596	103.353	44.5291
4034.510986	103.232	44.7582
4063.746582	103.104	45.0301
4093.194336	102.957	45.3199
4122.855469	102.806	45.6234
4152.730957	102.670	46.0434
4182.823730	102.548	46.7021
4213.133789	102.431	47.5117
4243.664062	102.311	48.2245
4274.415527	102.180	48.7710
4305.389648	102.040	49.2956
4336.588379	101.911	49.8832
4368.013184	101.802	50.5290
4399.665527	101.697	51.2270
4431.547363	101.580	51.9563
4463.660156	101.463	52.7336
4496.005371	101.368	53.6030
4528.585449	101.287	54.5331
4561.401367	101.196	55.4539
4594.455078	101.096	56.3622
4627.748535	101.013	57.3258
4661.283203	100.954	58.3758
4695.060547	100.896	59.4352
4729.083008	100.826	60.4561
4763.352051	100.764	61.5067
4797.869141	100.729	62.6606
4832.636719	100.709	63.8667
4867.655762	100.680	65.0376
4902.928711	100.650	66.1902
4938.457520	100.643	67.4196
4974.243652	100.663	68.7253
5010.289062	100.684	69.9887
5046.595703	100.700	71.1826
5083.165527	100.734	72.4117
5120.000000	100.801	73.7393
5157.101562	100.882	75.0771
5194.472168	100.957	76.2995
5232.113281	101.036	77.4547
5270.027344	101.146	78.6909
5308.216309	101.285	79.9839
5346.681641	101.425	81.1747
5385.426270	101.563	82.2282
5424.451172	101.724	83.2688
5463.758789	101.923	84.3696
5503.351562	102.135	85.3969
5543.230957	102.342	86.2005
5583.399414	102.560	86.8642
5623.859375	102.814	87.5392
5664.611816	103.093	88.1446
5705.660156	103.368	88.4889
5747.005859	103.641	88.5593
5788.650879	103.939	88.5148
5830.597656	104.263	88.4076
5872.848633	104.584	88.0367
5915.405762	104.887	87.2497
5958.271484	105.186	86.1832
6001.447266	105.498	84.9911
6044.936523	105.797	83.5427
6088.740234	106.049	81.6298
6132.861816	106.253	79.3195
6177.303223	106.430	76.8883
6222.066406	106.573	74.4294
6267.154297	106.645	71.7684
6312.568359	106.630	68.8704
6358.312012	106.552	66.0338
6404.386719	106.435	63.5808
6450.795898	106.277	61.5993
6497.541016	106.078	59.8865
6544.625000	105.836	58.1416
6592.049805	105.545	56.3233
6639.818359	105.215	54.6516
6687.933594	104.882	53.4319
6736.396973	104.560	52.7099
6785.211426	104.229	52.1770
6834.379883	103.877	51.6616
6883.904785	103.529	51.3901
6933.788574	103.216	51.5678
6984.033691	102.925	51.9923
7034.642578	102.627	52.3698
7085.618652	102.332	52.7997
7136.963867	102.074	53.5591
7188.681152	101.856	54.5800
7240.773438	101.644	55.5030
7293.243164	101.430	56.2405
7346.092773	101.243	57.1401
7399.325684	101.098	58.3914
7452.944336	100.974	59.7004
7506.951172	100.843	60.7651
7561.350098	100.720	61.7509
7616.142578	100.638	62.9908
7671.332031	100.593	64.4087
7726.921875	100.553	65.6300
7782.914551	100.514	66.5962
7839.312500	100.507	67.6694
7896.119629	100.545	68.9826
7953.337891	100.603	70.1960
8010.971191	100.663	71.0740
8069.021973	100.751	71.8826
8127.493164	100.892	72.9138
8186.388672	101.071	73.9120
8245.710938	101.256	74.4236
8305.461914	101.455	74.4825
8365.647461	101.697	74.4847
8426.267578	101.981	74.4629
8487.328125	102.270	73.9518
8548.831055	102.544	72.7176
8610.779297	102.823	71.0778
8673.176758	103.117	69.3258
8736.026367	103.386	67.1473
8799.331055	103.589	64.1193
8863.094727	103.719	60.4086
8927.320312	103.790	56.5608
8992.010742	103.789	52.7135
9057.170898	103.675	48.5374
9122.802734	103.432	44.0069
9188.910156	103.092	39.6764
9255.497070	102.683	35.9970
9322.566406	102.199	32.7305
9390.121094	101.623	29.4962
9458.166016	100.982	26.5602
9526.704102	100.322	24.4671
9595.738281	99.661	23.1709
9665.273438	98.979	22.1013
9735.311523	98.271	21.0873
9805.857422	97.570	20.6022
9876.915039	96.904	20.9862
9948.487305	96.266	22.0532
10020.578125	95.650	23.3785
10093.191406	95.054	24.5619
10166.331055	94.463	25.4099
10240.000000	93.880	26.2186
10314.203125	93.333	27.5155
10388.944336	92.825	29.2509
10464.226562	92.325	30.8391
10540.054688	91.820	32.1142
10616.432617	91.337	33.6388
10693.363281	90.899	35.7389
10770.852539	90.484	37.9261
10848.902344	90.061	39.6898
10927.517578	89.643	41.3604
11006.703125	89.264	43.5470
11086.461914	88.920	46.0821
11166.798828	88.576	48.2821
11247.718750	88.226	50.1039
11329.223633	87.904	52.2040
11411.320312	87.623	54.8089
11494.011719	87.354	57.3048
11577.301758	87.071	59.2799
11661.195312	86.797	61.2396
11745.697266	86.561	63.7938
11830.811523	86.353	66.6324
11916.542969	86.139	68.9577
12002.894531	85.913	70.7984
12089.873047	85.713	72.9820
12177.480469	85.549	75.8847
12265.723633	85.402	79.1794
12354.606445	85.267	82.4529
12444.132812	85.137	85.4225
12534.308594	85.017	88.1730
12625.136719	84.921	90.7492
12716.624023	84.830	92.9259
12808.773438	84.742	94.8585
12901.591797	84.692	97.2751
12995.082031	84.682	100.1354
13089.250000	84.677	102.6099
13184.099609	84.671	104.4966
13279.636719	84.696	106.5680
13375.867188	84.774	109.2576
13472.793945	84.878	111.9008
13570.422852	84.985	113.8484
13668.759766	85.115	115.5315
13767.809570	85.304	117.7355
13867.577148	85.543	120.2421
13968.067383	85.801	122.1761
14069.285156	86.085	123.5002
14171.237305	86.431	125.0362
14273.927734	86.850	126.9973
14377.362305	87.319	128.5591
14481.546875	87.833	129.1835
14586.486328	88.425	129.4566
14692.185547	89.131	130.0042
14798.651367	89.935	130.2164
14905.888672	90.817	129.0065
15013.902344	91.795	126.3130
15122.700195	92.886	122.7359
15232.285156	94.030	117.8217
15342.664062	95.088	110.0206
15453.843750	95.902	98.6248
15565.829102	96.332	84.8391
15678.625000	96.278	70.7033
15792.239258	95.709	57.5225
15906.675781	94.701	45.8052
16021.942383	93.433	36.2594
16138.043945	92.110	29.6630
16254.986328	90.862	25.6378
16372.777344	89.711	22.6439
16491.421875	88.647	19.8158
16610.923828	87.697	17.7416
16731.294922	86.883	16.8594
16852.535156	86.182	16.2679
16974.656250	85.553	14.9808
17097.662109	84.998	13.4091
17221.558594	84.540	12.5111
17346.353516	84.170	12.0254
17472.052734	83.845	10.7441
17598.662109	83.549	8.4167
17726.189453	83.309	6.1089
17854.640625	83.133	4.2990
17984.021484	82.992	1.9968
18114.341797	82.864	-1.5364
18245.605469	82.778	-5.4644
18377.820312	82.769	-8.6342
18510.994141	82.829	-11.2969
18645.132812	82.947	-14.4490
18780.242188	83.112	-18.8847
18916.332031	83.282	-25.4838
19053.408203	83.424	-34.2484
19191.476562	83.538	-43.7965
19330.546875	83.616	-53.3871
19470.623047	83.627	-63.9347
19611.714844	83.577	-76.2417
19753.830078	83.535	-89.6237
19896.974609	83.557	-103.3597
