20.000000	102.566	52.1049
20.144928	102.580	51.6404
20.290907	102.594	51.1784
20.437943	102.608	50.7188
20.586044	102.621	50.2612
20.735220	102.634	49.8057
20.885475	102.647	49.3517
21.036821	102.659	48.8992
21.189262	102.671	48.4481
21.342808	102.682	47.9984
21.497467	102.693	47.5501
21.653246	102.703	47.1040
21.810154	102.712	46.6598
21.968201	102.721	46.2188
22.127390	102.729	45.7814
22.287735	102.737	45.3478
22.449242	102.744	44.9191
22.611917	102.751	44.4948
22.775772	102.758	44.0752
22.940815	102.764	43.6603
23.107054	102.771	43.2490
23.274498	102.777	42.8412
23.443153	102.784	42.4358
23.613033	102.790	42.0318
23.784142	102.797	41.6292
23.956491	102.803	41.2267
24.130091	102.810	40.8249
24.304947	102.815	40.4236
24.481071	102.821	40.0231
24.658470	102.826	39.6245
24.837156	102.830	39.2281
25.017136	102.834	38.8354
25.198421	102.837	38.4461
25.381020	102.840	38.0611
25.564941	102.842	37.6804
25.750195	102.844	37.3035
25.936790	102.847	36.9302
26.124741	102.849	36.5593
26.314051	102.851	36.1907
26.504732	102.853	35.8234
26.696796	102.855	35.4575
26.890253	102.857	35.0929
27.085112	102.858	34.7301
27.281382	102.858	34.3700
27.479073	102.858	34.0132
27.678198	102.858	33.6606
27.878765	102.857	33.3127
28.080786	102.856	32.9699
28.284271	102.855	32.6317
28.489231	102.853	32.2981
28.695675	102.852	31.9680
28.903616	102.851	31.6411
29.113064	102.850	31.3164
29.324028	102.849	30.9941
29.536524	102.848	30.6736
29.750557	102.847	30.3551
29.966141	102.846	30.0386
30.183289	102.844	29.7242
30.402010	102.843	29.4116
30.622314	102.841	29.1006
30.844217	102.839	28.7910
31.067726	102.837	28.4825
31.292856	102.835	28.1755
31.519617	102.833	27.8705
31.748020	102.830	27.5685
31.978081	102.827	27.2709
32.209808	102.824	26.9783
32.443211	102.821	26.6918
32.678310	102.817	26.4108
32.915108	102.815	26.1349
33.153625	102.812	25.8621
33.393871	102.810	25.5909
33.635857	102.809	25.3203
33.879597	102.807	25.0492
34.125103	102.805	24.7783
34.372387	102.803	24.5081
34.621464	102.801	24.2405
34.872345	102.798	23.9764
35.125042	102.796	23.7169
35.379574	102.793	23.4622
35.635948	102.790	23.2113
35.894180	102.788	22.9637
36.154285	102.786	22.7184
36.416275	102.784	22.4746
36.680161	102.783	22.2321
36.945961	102.781	21.9910
37.213688	102.780	21.7516
37.483353	102.778	21.5135
37.754974	102.777	21.2772
38.028561	102.775	21.0421
38.304131	102.774	20.8086
38.581699	102.772	20.5773
38.861279	102.770	20.3489
39.142883	102.768	20.1246
39.426529	102.766	19.9056
39.712231	102.764	19.6923
40.000000	102.763	19.4844
40.289856	102.762	19.2805
40.581814	102.763	19.0784
40.875885	102.765	18.8752
41.172089	102.767	18.6688
41.470440	102.770	18.4586
41.770950	102.772	18.2452
42.073643	102.773	18.0319
42.378525	102.773	17.8235
42.685616	102.772	17.6244
42.994934	102.772	17.4365
43.306492	102.773	17.2585
43.620308	102.776	17.0862
43.936401	102.780	16.9123
44.254780	102.786	16.7305
44.575470	102.792	16.5386
44.898483	102.798	16.3387
45.223835	102.803	16.1363
45.551544	102.806	15.9373
45.881630	102.810	15.7451
46.214108	102.814	15.5598
46.548996	102.819	15.3782
46.886307	102.824	15.1956
47.226067	102.831	15.0099
47.568283	102.837	14.8219
47.912983	102.843	14.6343
48.260181	102.850	14.4493
48.609894	102.857	14.2675
48.962143	102.864	14.0872
49.316940	102.872	13.9078
49.674313	102.880	13.7303
50.034271	102.887	13.5566
50.396843	102.893	13.3880
50.762039	102.900	13.2214
51.129883	102.908	13.0503
51.500389	102.918	12.8677
51.873581	102.926	12.6723
52.249481	102.934	12.4705
52.628101	102.940	12.2734
53.009464	102.947	12.0887
53.393593	102.954	11.9132
53.780506	102.964	11.7340
54.170223	102.975	11.5385
54.562763	102.985	11.3250
54.958145	102.992	11.1066
55.356396	102.998	10.9010
55.757530	103.004	10.7169
56.161572	103.013	10.5458
56.568542	103.026	10.3684
56.978462	103.040	10.1714
57.391350	103.054	9.9565
57.807232	103.068	9.7357
58.226128	103.082	9.5158
58.648056	103.097	9.2911
59.073048	103.113	9.0519
59.501114	103.128	8.7988
59.932281	103.141	8.5468
60.366577	103.154	8.3116
60.804020	103.168	8.0919
61.244629	103.186	7.8704
61.688435	103.206	7.6299
62.135452	103.226	7.3699
62.585712	103.245	7.1041
63.039234	103.265	6.8404
63.496040	103.288	6.5720
63.956161	103.311	6.2894
64.419617	103.332	5.9996
64.886421	103.353	5.7241
65.356621	103.374	5.4723
65.830215	103.401	5.2223
66.307251	103.431	4.9347
66.787743	103.461	4.5910
67.271713	103.486	4.2124
67.759193	103.506	3.8392
68.250206	103.524	3.4912
68.744774	103.544	3.1571
69.242928	103.565	2.8153
69.744690	103.588	2.4594
70.250084	103.611	2.0955
70.759148	103.635	1.7246
71.271896	103.660	1.3384
71.788361	103.685	0.9315
72.308571	103.710	0.5103
72.832550	103.733	0.0819
73.360321	103.755	-0.3559
73.891922	103.776	-0.8055
74.427376	103.795	-1.2576
74.966705	103.813	-1.6994
75.509949	103.832	-2.1372
76.057121	103.853	-2.5944
76.608261	103.872	-3.0846
77.163399	103.888	-3.5950
77.722557	103.900	-4.1031
78.285767	103.911	-4.6066
78.853058	103.921	-5.1187
79.424461	103.929	-5.6433
80.000000	103.935	-6.1708
80.579712	103.939	-6.6984
81.163628	103.943	-7.2373
81.751770	103.944	-7.7957
82.344177	103.944	-8.3662
82.940880	103.940	-8.9379
83.541901	103.935	-9.5103
84.147285	103.929	-10.0857
84.757050	103.920	-10.6615
85.371231	103.911	-11.2384
85.989868	103.899	-11.8257
86.612984	103.886	-12.4266
87.240616	103.868	-13.0298
87.872803	103.847	-13.6238
88.509560	103.825	-14.2122
89.150940	103.800	-14.8033
89.796967	103.774	-15.3958
90.447670	103.746	-15.9852
91.103088	103.716	-16.5767
91.763260	103.684	-17.1754
92.428215	103.649	-17.7744
93.097992	103.612	-18.3626
93.772614	103.573	-18.9348
94.452133	103.533	-19.4951
95.136566	103.492	-20.0544
95.825966	103.449	-20.6216
96.520363	103.402	-21.1875
97.219788	103.352	-21.7289
97.924286	103.301	-22.2366
98.633881	103.251	-22.7339
99.348625	103.201	-23.2508
100.068542	103.148	-23.7875
100.793686	103.091	-24.3185
101.524078	103.031	-24.8301
102.259766	102.969	-25.3300
103.000778	102.906	-25.8220
103.747162	102.842	-26.3030
104.498962	102.777	-26.7765
105.256203	102.710	-27.2441
106.018929	102.641	-27.6984
106.787186	102.572	-28.1387
107.561012	102.501	-28.5720
108.340446	102.429	-28.9977
109.125526	102.356	-29.4126
109.916290	102.282	-29.8145
110.712791	102.208	-30.2029
111.515060	102.132	-30.5858
112.323143	102.055	-30.9635
113.137085	101.977	-31.3193
113.956924	101.898	-31.6486
114.782700	101.821	-31.9630
115.614464	101.744	-32.2695
116.452255	101.667	-32.5774
117.296112	101.589	-32.8914
118.146095	101.508	-33.1893
119.002228	101.427	-33.4529
119.864563	101.348	-33.7017
120.733154	101.270	-33.9575
121.608040	101.191	-34.2131
122.489258	101.111	-34.4581
123.376869	101.031	-34.6969
124.270905	100.951	-34.9305
125.171425	100.873	-35.1516
126.078468	100.797	-35.3575
126.992081	100.724	-35.5487
127.912323	100.653	-35.7317
128.839233	100.583	-35.9172
129.772842	100.513	-36.0983
130.713242	100.442	-36.2693
131.660431	100.370	-36.4304
132.614502	100.298	-36.5619
133.575485	100.227	-36.6761
134.543427	100.158	-36.8055
135.518387	100.089	-36.9381
136.500412	100.020	-37.0643
137.489548	99.951	-37.1842
138.485855	99.882	-37.2932
139.489380	99.814	-37.3992
140.500168	99.745	-37.5022
141.518295	99.676	-37.5862
142.543793	99.608	-37.6472
143.576721	99.541	-37.7183
144.617142	99.474	-37.8114
145.665100	99.406	-37.9015
146.720642	99.337	-37.9791
147.783844	99.269	-38.0455
148.854752	99.202	-38.1064
149.933411	99.135	-38.1632
151.019897	99.068	-38.2087
152.114243	99.002	-38.2498
153.216522	98.936	-38.2954
154.326797	98.870	-38.3311
155.445114	98.804	-38.3501
156.571533	98.739	-38.3688
157.706116	98.675	-38.3954
158.848923	98.609	-38.4129
160.000000	98.543	-38.4198
161.159424	98.474	-38.4323
162.327255	98.404	-38.4438
163.503540	98.333	-38.4490
164.688354	98.262	-38.4517
165.881760	98.191	-38.4465
167.083801	98.121	-38.4293
168.294571	98.052	-38.4089
169.514099	97.982	-38.3987
170.742462	97.912	-38.3866
171.979736	97.842	-38.3713
173.225967	97.771	-38.3542
174.481232	97.699	-38.3256
175.745605	97.627	-38.2797
177.019119	97.556	-38.2249
178.301880	97.487	-38.1758
179.593933	97.417	-38.1329
180.895340	97.348	-38.0873
182.206177	97.278	-38.0356
183.526520	97.209	-37.9770
184.856430	97.139	-37.9138
186.195984	97.068	-37.8439
187.545227	96.998	-37.7698
188.904266	96.927	-37.6905
190.273132	96.857	-37.5912
191.651932	96.789	-37.4800
193.040726	96.723	-37.3701
194.439575	96.657	-37.2430
195.848572	96.594	-37.1124
197.267761	96.532	-36.9924
198.697250	96.473	-36.8831
200.137085	96.415	-36.7893
201.587372	96.356	-36.6899
203.048157	96.299	-36.5767
204.519531	96.241	-36.4629
206.001556	96.183	-36.3497
207.494324	96.125	-36.2374
208.997925	96.068	-36.1328
210.512405	96.010	-36.0299
212.037857	95.952	-35.9160
213.574371	95.894	-35.7772
215.122025	95.838	-35.6368
216.680893	95.781	-35.5172
218.251053	95.723	-35.4042
219.832581	95.665	-35.2827
221.425583	95.606	-35.1505
223.030121	95.547	-35.0237
224.646286	95.487	-34.9052
226.274170	95.427	-34.7795
227.913849	95.368	-34.6608
229.565399	95.309	-34.5348
231.228928	95.249	-34.3894
232.904510	95.185	-34.2327
234.592224	95.120	-34.0525
236.292191	95.058	-33.8392
238.004456	95.001	-33.6848
239.729126	94.945	-33.5553
241.466309	94.889	-33.4045
243.216080	94.832	-33.2323
244.978516	94.772	-33.0503
246.753738	94.713	-32.8549
248.541809	94.653	-32.6512
250.342850	94.594	-32.4512
252.156937	94.533	-32.2330
253.984161	94.471	-32.0186
255.824646	94.410	-31.8252
257.678467	94.350	-31.6295
259.545685	94.289	-31.4191
261.426483	94.227	-31.1887
263.320862	94.162	-30.9417
265.229004	94.096	-30.6735
267.150970	94.035	-30.3882
269.086853	93.976	-30.1442
271.036774	93.916	-29.9168
273.000824	93.855	-29.6548
274.979095	93.794	-29.3861
276.971710	93.735	-29.1347
278.978760	93.678	-28.8827
281.000336	93.623	-28.6025
283.036591	93.568	-28.3203
285.087585	93.512	-28.0341
287.153442	93.456	-27.7360
289.234283	93.400	-27.4366
291.330200	93.344	-27.1530
293.441284	93.288	-26.8657
295.567688	93.231	-26.5602
297.709503	93.175	-26.2392
299.866821	93.121	-25.9125
302.039795	93.068	-25.6002
304.228485	93.014	-25.2701
306.433044	92.960	-24.9131
308.653595	92.909	-24.5726
310.890228	92.859	-24.2476
313.143066	92.810	-23.9140
315.412231	92.763	-23.5524
317.697845	92.720	-23.1696
320.000000	92.679	-22.7871
322.318848	92.640	-22.4292
324.654510	92.601	-22.0828
327.007080	92.562	-21.7144
329.376709	92.523	-21.3323
331.763519	92.486	-20.9526
334.167603	92.452	-20.5767
336.589142	92.419	-20.1964
339.028198	92.385	-19.8232
341.484924	92.349	-19.4441
343.959473	92.314	-19.0437
346.451935	92.282	-18.6342
348.962463	92.251	-18.2319
351.491211	92.221	-17.8313
354.038239	92.191	-17.4240
356.603760	92.163	-17.0183
359.187866	92.134	-16.6240
361.790680	92.105	-16.2324
364.412354	92.076	-15.8309
367.053040	92.050	-15.4060
369.712860	92.027	-14.9696
372.391968	92.005	-14.5352
375.090454	91.985	-14.1113
377.808533	91.965	-13.6893
380.546265	91.945	-13.2584
383.303864	91.927	-12.8229
386.081451	91.912	-12.3885
388.879150	91.897	-11.9579
391.697144	91.880	-11.5253
394.535522	91.862	-11.1124
397.394501	91.843	-10.6937
400.274170	91.827	-10.2501
403.174744	91.813	-9.8149
406.096313	91.800	-9.4102
409.039062	91.788	-8.9886
412.003113	91.776	-8.5347
414.988647	91.766	-8.0988
417.995850	91.755	-7.6937
421.024811	91.744	-7.2881
424.075714	91.737	-6.8604
427.148743	91.730	-6.4148
430.244049	91.721	-5.9775
433.361786	91.713	-5.5620
436.502106	91.707	-5.1480
439.665161	91.702	-4.7123
442.851166	91.697	-4.2706
446.060242	91.693	-3.8618
449.292572	91.688	-3.4518
452.548340	91.685	-3.0140
455.827698	91.684	-2.5673
459.130798	91.686	-2.1359
462.457855	91.687	-1.7120
465.809021	91.688	-1.2855
469.184448	91.690	-0.8625
472.584381	91.694	-0.4364
476.008911	91.699	0.0065
479.458252	91.706	0.4363
482.932617	91.715	0.8582
486.432159	91.724	1.2939
489.957031	91.735	1.7249
493.507477	91.746	2.1205
497.083618	91.758	2.4966
500.685699	91.771	2.8978
504.313873	91.786	3.3179
507.968323	91.803	3.7138
511.649292	91.820	4.0701
515.356934	91.838	4.4177
519.091370	91.854	4.7954
522.852966	91.871	5.1657
526.641724	91.890	5.5056
530.458008	91.909	5.8445
534.301941	91.928	6.1945
538.173706	91.947	6.5400
542.073547	91.967	6.8692
546.001648	91.989	7.1958
549.958191	92.010	7.5249
553.943420	92.030	7.8511
557.957520	92.050	8.1606
562.000671	92.070	8.4739
566.073181	92.092	8.8029
570.175171	92.114	9.1172
574.306885	92.137	9.3926
578.468567	92.158	9.6557
582.660400	92.176	9.9600
586.882568	92.194	10.2825
591.135376	92.214	10.5779
595.419006	92.236	10.8627
599.733643	92.259	11.1555
604.079590	92.281	11.4540
608.456970	92.303	11.7424
612.866089	92.326	12.0187
617.307190	92.349	12.2968
621.780457	92.370	12.5819
626.286133	92.391	12.8694
630.824463	92.414	13.1449
635.395691	92.439	13.4084
640.000000	92.463	13.6757
644.637695	92.485	13.9412
649.309021	92.509	14.1980
654.014160	92.535	14.4463
658.753418	92.562	14.6928
663.527039	92.587	14.9424
668.335205	92.611	15.1936
673.178284	92.635	15.4513
678.056396	92.659	15.7168
682.969849	92.685	15.9789
687.918945	92.711	16.2235
692.903870	92.734	16.4528
697.924927	92.755	16.6823
702.982422	92.775	16.9335
708.076477	92.798	17.2136
713.207520	92.822	17.4979
718.375732	92.844	17.7532
723.581360	92.867	18.0034
728.824707	92.892	18.2777
734.106079	92.917	18.5706
739.425720	92.941	18.8332
744.783936	92.963	19.0732
750.180908	92.985	19.3418
755.617065	93.007	19.6444
761.092529	93.028	19.9312
766.607727	93.048	20.1720
772.162903	93.069	20.4019
777.758301	93.091	20.6669
783.394287	93.116	20.9578
789.071045	93.139	21.2358
794.789001	93.161	21.4952
800.548340	93.179	21.7620
806.349487	93.196	22.0397
812.192627	93.214	22.3239
818.078125	93.232	22.6109
824.006226	93.247	22.8893
829.977295	93.262	23.1727
835.991699	93.279	23.4762
842.049622	93.298	23.7815
848.151428	93.316	24.0651
854.297485	93.332	24.3417
860.488098	93.351	24.6462
866.723572	93.371	24.9719
873.004211	93.390	25.2715
879.330322	93.408	25.5421
885.702332	93.427	25.8269
892.120483	93.449	26.1541
898.585144	93.472	26.4778
905.096680	93.493	26.7574
911.655396	93.514	27.0345
918.261597	93.538	27.3585
924.915710	93.562	27.7001
931.618042	93.586	28.0016
938.368896	93.610	28.2731
945.168762	93.635	28.5758
952.017822	93.662	28.9160
958.916504	93.689	29.2412
965.865234	93.716	29.5164
972.864319	93.744	29.7888
979.914062	93.772	30.1099
987.014954	93.800	30.4449
994.167236	93.826	30.7311
1001.371399	93.847	30.9884
1008.627747	93.861	31.2837
1015.936646	93.871	31.6162
1023.298584	93.880	31.9177
1030.713867	93.890	32.1619
1038.182739	93.899	32.4162
1045.705933	93.906	32.7190
1053.283447	93.913	33.0209
1060.916016	93.921	33.2861
1068.603882	93.931	33.5382
1076.347412	93.941	33.8084
1084.147095	93.945	34.0806
1092.003296	93.948	34.3540
1099.916382	93.954	34.6641
1107.886841	93.966	35.0150
1115.915039	93.981	35.3607
1124.001343	93.994	35.6629
1132.146362	94.008	35.9645
1140.350342	94.027	36.3170
1148.613770	94.048	36.6769
1156.937134	94.067	36.9707
1165.320801	94.083	37.1908
1173.765137	94.100	37.3925
1182.270752	94.119	37.6054
1190.838013	94.139	37.7957
1199.467285	94.153	37.9570
1208.159180	94.161	38.1323
1216.913940	94.166	38.3193
1225.732178	94.174	38.4935
1234.614380	94.182	38.6665
1243.560913	94.186	38.8605
1252.572266	94.191	39.0744
1261.648926	94.203	39.2884
1270.791382	94.221	39.4996
1280.000000	94.238	39.7324
1289.275391	94.250	39.9953
1298.618042	94.261	40.2626
1308.028320	94.277	40.5331
1317.506836	94.294	40.8299
1327.054077	94.308	41.1358
1336.670410	94.320	41.4223
1346.356567	94.331	41.7315
1356.112793	94.346	42.1312
1365.939697	94.365	42.5987
1375.837891	94.389	43.0367
1385.807739	94.417	43.4098
1395.849854	94.446	43.7965
1405.964844	94.473	44.2506
1416.152954	94.499	44.7060
1426.415039	94.523	45.0854
1436.751465	94.546	45.4020
1447.162720	94.568	45.7376
1457.649414	94.593	46.1327
1468.212158	94.620	46.5628
1478.851440	94.645	46.9817
1489.567871	94.665	47.3786
1500.361816	94.688	47.8076
1511.234131	94.716	48.3031
1522.185059	94.747	48.8151
1533.215454	94.773	49.2905
1544.325806	94.800	49.7684
1555.516602	94.832	50.3080
1566.788574	94.870	50.8914
1578.142090	94.909	51.4460
1589.578003	94.946	51.9648
1601.096680	94.989	52.5314
1612.698975	95.041	53.1791
1624.385254	95.098	53.8230
1636.156250	95.154	54.3995
1648.012451	95.213	54.9794
1659.954590	95.278	55.6360
1671.983398	95.349	56.3324
1684.099243	95.421	56.9601
1696.302856	95.494	57.5231
1708.594971	95.572	58.1461
1720.976196	95.657	58.8540
1733.447144	95.746	59.5264
1746.008423	95.835	60.1070
1758.660645	95.928	60.6985
1771.404663	96.029	61.3877
1784.240967	96.135	62.1051
1797.170288	96.243	62.7296
1810.193359	96.353	63.2900
1823.310791	96.468	63.9102
1836.523193	96.588	64.6039
1849.831421	96.713	65.2465
1863.236084	96.841	65.7888
1876.737793	96.973	66.3484
1890.337524	97.111	67.0068
1904.035645	97.253	67.6712
1917.833008	97.400	68.2404
1931.730469	97.553	68.7839
1945.728638	97.714	69.4248
1959.828125	97.887	70.1320
1974.029907	98.074	70.7537
1988.334473	98.275	71.2600
2002.742798	98.491	71.7598
2017.255493	98.722	72.2563
2031.873291	98.965	72.5981
2046.597168	99.214	72.6954
2061.427734	99.461	72.6390
2076.365479	99.697	72.5284
2091.411865	99.918	72.3737
2106.566895	100.131	72.1671
2121.832031	100.347	71.9265
2137.207764	100.564	71.6713
2152.694824	100.767	71.3791
2168.294189	100.953	71.0553
2184.006592	101.131	70.7299
2199.832764	101.313	70.3635
2215.773682	101.498	69.8940
2231.830078	101.680	69.3822
2248.002686	101.857	68.9417
2264.292725	102.030	68.5297
2280.700684	102.202	67.9996
2297.227539	102.373	67.3566
2313.874268	102.537	66.7459
2330.641602	102.694	66.2126
2347.530273	102.850	65.6379
2364.541504	103.007	64.9496
2381.676025	103.160	64.2449
2398.934570	103.303	63.6388
2416.318359	103.443	63.0738
2433.827881	103.588	62.4153
2451.464355	103.736	61.6768
2469.228760	103.880	60.9938
2487.121826	104.019	60.3886
2505.144531	104.162	59.7115
2523.297852	104.311	58.8900
2541.582764	104.457	58.0373
2560.000000	104.590	57.2256
2578.550781	104.712	56.3948
2597.236084	104.836	55.5537
2616.056641	104.971	54.7791
2635.013672	105.110	54.0353
2654.108154	105.237	53.2166
2673.340820	105.350	52.3091
2692.713135	105.459	51.3728
2712.225586	105.577	50.3756
2731.879395	105.702	49.2501
2751.675781	105.820	48.0569
2771.615479	105.922	46.9003
2791.699707	106.015	45.7320
2811.929688	106.107	44.4420
2832.305908	106.194	43.0778
2852.830078	106.262	41.7615
2873.502930	106.313	40.4976
2894.325439	106.360	39.1797
2915.298828	106.408	37.7918
2936.424316	106.445	36.4461
2957.702881	106.464	35.1808
2979.135742	106.476	33.9240
3000.723633	106.494	32.6097
3022.468262	106.508	31.2776
3044.370117	106.507	30.0135
3066.430908	106.491	28.8066
3088.651611	106.479	27.5737
3111.033203	106.471	26.3097
3133.577148	106.452	25.1019
3156.284180	106.414	23.9706
3179.156006	106.371	22.8311
3202.193359	106.335	21.6575
3225.397949	106.296	20.5244
3248.770508	106.240	19.4796
3272.312500	106.171	18.4811
3296.024902	106.105	17.4658
3319.909180	106.040	16.4355
3343.966797	105.963	15.4575
3368.198486	105.871	14.5685
3392.605713	105.780	13.7150
3417.189941	105.699	12.8567
3441.952393	105.614	12.0316
3466.894287	105.510	11.2789
3492.016846	105.398	10.5648
3517.321289	105.298	9.8511
3542.809326	105.205	9.1648
3568.481934	105.096	8.5488
3594.340576	104.973	7.9850
3620.386719	104.856	7.4367
3646.621582	104.752	6.9127
3673.046387	104.643	6.4388
3699.662842	104.516	6.0221
3726.472168	104.385	5.6421
3753.475586	104.269	5.2834
3780.675049	104.158	4.9659
3808.071289	104.032	4.6921
3835.666016	103.893	4.4409
3863.460938	103.763	4.2167
3891.457275	103.647	4.0421
3919.656250	103.527	3.9264
3948.059814	103.390	3.8480
3976.668945	103.248	3.7855
4005.485596	103.111	3.8260
4034.510986	102.981	4.1013
4063.746582	102.852	4.5032
4093.194336	102.718	4.8018
4122.855469	102.569	4.9853
4152.730957	102.412	5.1723
4182.823730	102.266	5.4146
4213.133789	102.139	5.7131
4243.664062	102.011	6.0541
4274.415527	101.868	6.4122
4305.389648	101.726	6.8105
4336.588379	101.605	7.2733
4368.013184	101.493	7.7865
4399.665527	101.369	8.3131
4431.547363	101.238	8.8501
4463.660156	101.124	9.4764
4496.005371	101.032	10.1892
4528.585449	100.937	10.9054
4561.401367	100.826	11.6034
4594.455078	100.723	12.3445
4627.748535	100.646	13.1766
4661.283203	100.581	14.0672
4695.060547	100.504	14.9336
4729.083008	100.423	15.7867
4763.352051	100.367	16.7236
4797.869141	100.333	17.7369
4832.636719	100.296	18.7190
4867.655762	100.248	19.6518
4902.928711	100.213	20.6284
4938.457520	100.206	21.8075
4974.243652	100.219	23.2487
5010.289062	100.245	24.7260
5046.595703	100.275	25.9808
5083.165527	100.300	27.0342
5120.000000	100.333	28.0458
5157.101562	100.397	29.1385
5194.472168	100.490	30.2991
5232.113281	100.584	31.3826
5270.027344	100.672	32.3360
5308.216309	100.781	33.2972
5346.681641	100.927	34.3513
5385.426270	101.089	35.3642
5424.451172	101.245	36.2067
5463.758789	101.412	36.9391
5503.351562	101.613	37.6908
5543.230957	101.841	38.4380
5583.399414	102.070	38.9972
5623.859375	102.299	39.3318
5664.611816	102.554	39.5977
5705.660156	102.842	39.8239
5747.005859	103.137	39.8365
5788.650879	103.421	39.5119
5830.597656	103.711	38.9679
5872.848633	104.030	38.3471
5915.405762	104.356	37.5255
5958.271484	104.656	36.2759
6001.447266	104.927	34.6023
6044.936523	105.193	32.7342
6088.740234	105.450	30.7306
6132.861816	105.659	28.3938
6177.303223	105.800	25.6523
6222.066406	105.886	22.7101
6267.154297	105.934	19.8352
6312.568359	105.925	17.0127
6358.312012	105.832	14.0992
6404.386719	105.666	11.2148
6450.795898	105.464	8.6453
6497.541016	105.239	6.4542
6544.625000	104.972	4.4161
6592.049805	104.655	2.4482
6639.818359	104.317	0.7831
6687.933594	103.984	-0.3924
6736.396973	103.648	-1.2666
6785.211426	103.291	-2.0899
6834.379883	102.927	-2.7478
6883.904785	102.589	-2.9594
6933.788574	102.281	-2.7938
6984.033691	101.973	-2.5991
7034.642578	101.656	-2.4503
7085.618652	101.365	-2.0685
7136.963867	101.119	-1.3049
7188.681152	100.893	-0.4847
7240.773438	100.664	0.1357
7293.243164	100.449	0.7885
7346.092773	100.278	1.7689
7399.325684	100.140	2.9119
7452.944336	99.998	3.8346
7506.951172	99.852	4.5560
7561.350098	99.736	5.4711
7616.142578	99.659	6.8126
7671.332031	99.609	8.4584
7726.921875	99.580	10.0745
7782.914551	99.566	11.3640
7839.312500	99.553	12.2487
7896.119629	99.560	12.9992
7953.337891	99.613	13.9791
8010.971191	99.707	15.0819
8069.021973	99.813	15.8932
8127.493164	99.928	16.3376
8186.388672	100.084	16.7913
8245.710938	100.292	17.3527
8305.461914	100.523	17.6274
8365.647461	100.756	17.2893
8426.267578	101.006	16.5659
8487.328125	101.294	15.7964
8548.831055	101.597	14.8016
8610.779297	101.877	13.1095
8673.176758	102.123	10.6796
8736.026367	102.353	7.9270
8799.331055	102.558	4.9999
8863.094727	102.691	1.5198
8927.320312	102.718	-2.7201
8992.010742	102.650	-7.2687
9057.170898	102.506	-11.5577
9122.802734	102.269	-15.6747
9188.910156	101.909	-19.9887
9255.497070	101.439	-24.3121
9322.566406	100.906	-27.9983
9390.121094	100.335	-30.8646
9458.166016	99.711	-33.3658
9526.704102	99.032	-35.7152
9595.738281	98.333	-37.5056
9665.273438	97.651	-38.4371
9735.311523	96.978	-38.9117
9805.857422	96.292	-39.4363
9876.915039	95.604	-39.8260
9948.487305	94.955	-39.5544
10020.578125	94.350	-38.7311
10093.191406	93.757	-38.0056
10166.331055	93.160	-37.5221
10240.000000	92.588	-36.7186
10314.203125	92.062	-35.3051
10388.944336	91.555	-33.8085
10464.226562	91.042	-32.6755
10540.054688	90.537	-31.5310
10616.432617	90.075	-29.8256
10693.363281	89.646	-27.8066
10770.852539	89.217	-26.1144
10848.902344	88.784	-24.6948
10927.517578	88.381	-22.9024
11006.703125	88.020	-20.5777
11086.461914	87.672	-18.3538
11166.798828	87.314	-16.6290
11247.718750	86.967	-14.9099
11329.223633	86.663	-12.6421
11411.320312	86.388	-10.1786
11494.011719	86.105	-8.1804
11577.301758	85.817	-6.4708
11661.195312	85.555	-4.3333
11745.697266	85.326	-1.5448
11830.811523	85.113	1.5398
11916.542969	84.913	4.4985
12002.894531	84.716	6.9318
12089.873047	84.515	8.7972
12177.480469	84.329	10.6866
12265.723633	84.182	13.1646
12354.606445	84.061	15.8435
12444.132812	83.932	17.9986
12534.308594	83.801	19.8073
12625.136719	83.702	22.0616
12716.624023	83.643	24.7908
12808.773438	83.588	27.1615
12901.591797	83.525	28.9065
12995.082031	83.487	30.7840
13089.250000	83.497	33.3264
13184.099609	83.534	35.9778
13279.636719	83.571	38.0277
13375.867188	83.622	39.7803
13472.793945	83.722	42.0145
13570.422852	83.868	44.6018
13668.759766	84.030	46.6817
13767.809570	84.204	48.0899
13867.577148	84.426	49.6316
13968.067383	84.714	51.7625
14069.285156	85.043	53.7715
14171.237305	85.395	54.9873
14273.927734	85.795	55.8926
14377.362305	86.279	57.2660
14481.546875	86.845	59.0273
14586.486328	87.489	60.6248
14692.185547	88.220	61.5931
14798.651367	89.043	61.5599
14905.888672	89.976	60.4695
15013.902344	91.012	57.9526
15122.700195	92.110	53.3292
15232.285156	93.230	46.5996
15342.664062	94.265	37.8911
15453.843750	95.025	26.5663
15565.829102	95.322	12.4418
15678.625000	95.075	-2.8076
15792.239258	94.335	-16.3881
15906.675781	93.247	-26.7747
16021.942383	91.969	-34.6664
16138.043945	90.641	-41.0991
16254.986328	89.381	-45.8156
16372.777344	88.256	-48.4753
16491.421875	87.259	-50.0763
16610.923828	86.354	-51.8928
16731.294922	85.542	-53.7550
16852.535156	84.850	-54.7496
16974.656250	84.274	-55.0106
17097.662109	83.773	-55.7328
17221.558594	83.321	-57.3723
17346.353516	82.940	-58.9775
17472.052734	82.646	-59.9742
17598.662109	82.408	-61.2817
17726.189453	82.191	-63.8054
17854.640625	82.006	-66.9602
17984.021484	81.882	-69.6620
18114.341797	81.810	-72.2541
18245.605469	81.761	-76.0392
18377.820312	81.742	-81.1740
18510.994141	81.794	-86.4766
18645.132812	81.927	-91.5800
18780.242188	82.094	-97.7609
18916.332031	82.260	-106.0568
19053.408203	82.416	-115.7233
19191.476562	82.557	-125.6292
19330.546875	82.643	-136.2224
19470.623047	82.644	-148.5424
19611.714844	82.602	-162.2402
19753.830078	82.597	-176.0741
19896.974609	82.653	169.4582
