20.000000	102.066	46.3205
20.144928	102.077	45.8189
20.290907	102.089	45.3180
20.437943	102.099	44.8179
20.586044	102.110	44.3190
20.735220	102.120	43.8208
20.885475	102.129	43.3245
21.036821	102.137	42.8303
21.189262	102.145	42.3385
21.342808	102.152	41.8505
21.497467	102.158	41.3658
21.653246	102.164	40.8849
21.810154	102.170	40.4081
21.968201	102.175	39.9345
22.127390	102.181	39.4638
22.287735	102.186	38.9956
22.449242	102.191	38.5283
22.611917	102.195	38.0621
22.775772	102.200	37.5958
22.940815	102.203	37.1292
23.107054	102.207	36.6627
23.274498	102.209	36.1959
23.443153	102.211	35.7305
23.613033	102.211	35.2670
23.784142	102.211	34.8063
23.956491	102.210	34.3505
24.130091	102.208	33.8994
24.304947	102.206	33.4547
24.481071	102.203	33.0159
24.658470	102.200	32.5829
24.837156	102.197	32.1553
25.017136	102.194	31.7308
25.198421	102.192	31.3094
25.381020	102.189	30.8878
25.564941	102.187	30.4661
25.750195	102.184	30.0424
25.936790	102.181	29.6168
26.124741	102.178	29.1896
26.314051	102.174	28.7613
26.504732	102.168	28.3344
26.696796	102.162	27.9094
26.890253	102.155	27.4894
27.085112	102.147	27.0748
27.281382	102.138	26.6673
27.479073	102.129	26.2662
27.678198	102.121	25.8718
27.878765	102.112	25.4816
28.080786	102.104	25.0950
28.284271	102.096	24.7091
28.489231	102.089	24.3234
28.695675	102.081	23.9368
28.903616	102.072	23.5496
29.113064	102.063	23.1628
29.324028	102.053	22.7782
29.536524	102.043	22.3973
29.750557	102.032	22.0221
29.966141	102.020	21.6533
30.183289	102.009	21.2910
30.402010	101.997	20.9341
30.622314	101.986	20.5812
30.844217	101.975	20.2299
31.067726	101.965	19.8790
31.292856	101.954	19.5267
31.519617	101.943	19.1733
31.748020	101.932	18.8192
31.978081	101.920	18.4667
32.209808	101.907	18.1168
32.443211	101.894	17.7724
32.678310	101.880	17.4339
32.915108	101.866	17.1019
33.153625	101.852	16.7757
33.393871	101.838	16.4537
33.635857	101.824	16.1345
33.879597	101.810	15.8160
34.125103	101.797	15.4978
34.372387	101.783	15.1793
34.621464	101.769	14.8613
34.872345	101.754	14.5449
35.125042	101.739	14.2307
35.379574	101.724	13.9200
35.635948	101.708	13.6125
35.894180	101.692	13.3082
36.154285	101.676	13.0065
36.416275	101.660	12.7067
36.680161	101.644	12.4092
36.945961	101.628	12.1142
37.213688	101.611	11.8226
37.483353	101.594	11.5349
37.754974	101.577	11.2512
38.028561	101.560	10.9712
38.304131	101.544	10.6939
38.581699	101.527	10.4191
38.861279	101.510	10.1465
39.142883	101.493	9.8770
39.426529	101.476	9.6116
39.712231	101.459	9.3503
40.000000	101.443	9.0927
40.289856	101.426	8.8368
40.581814	101.411	8.5803
40.875885	101.394	8.3221
41.172089	101.378	8.0639
41.470440	101.360	7.8091
41.770950	101.341	7.5620
42.073643	101.321	7.3265
42.378525	101.303	7.1019
42.685616	101.285	6.8828
42.994934	101.269	6.6624
43.306492	101.254	6.4343
43.620308	101.238	6.1962
43.936401	101.221	5.9512
44.254780	101.203	5.7078
44.575470	101.182	5.4741
44.898483	101.162	5.2539
45.223835	101.142	5.0455
45.551544	101.124	4.8430
45.881630	101.107	4.6392
46.214108	101.091	4.4290
46.548996	101.075	4.2120
46.886307	101.058	3.9913
47.226067	101.041	3.7720
47.568283	101.022	3.5581
47.912983	101.003	3.3520
48.260181	100.984	3.1548
48.609894	100.966	2.9662
48.962143	100.948	2.7844
49.316940	100.931	2.6062
49.674313	100.914	2.4276
50.034271	100.896	2.2457
50.396843	100.877	2.0601
50.762039	100.855	1.8726
51.129883	100.832	1.6862
51.500389	100.808	1.5040
51.873581	100.783	1.3292
52.249481	100.757	1.1640
52.628101	100.731	1.0097
53.009464	100.707	0.8628
53.393593	100.684	0.7145
53.780506	100.661	0.5542
54.170223	100.638	0.3784
54.562763	100.611	0.1978
54.958145	100.582	0.0346
55.356396	100.551	-0.0915
55.757530	100.525	-0.1801
56.161572	100.505	-0.2561
56.568542	100.491	-0.3567
56.978462	100.479	-0.5060
57.391350	100.465	-0.6970
57.807232	100.445	-0.8979
58.226128	100.422	-1.0748
58.648056	100.397	-1.2147
59.073048	100.375	-1.3285
59.501114	100.357	-1.4391
59.932281	100.340	-1.5612
60.366577	100.322	-1.6931
60.804020	100.304	-1.8230
61.244629	100.285	-1.9420
61.688435	100.267	-2.0511
62.135452	100.251	-2.1600
62.585712	100.235	-2.2778
63.039234	100.219	-2.4030
63.496040	100.203	-2.5226
63.956161	100.188	-2.6222
64.419617	100.174	-2.7021
64.886421	100.165	-2.7834
65.356621	100.157	-2.8915
65.830215	100.146	-3.0310
66.307251	100.131	-3.1719
66.787743	100.113	-3.2736
67.271713	100.096	-3.3224
67.759193	100.086	-3.3508
68.250206	100.081	-3.4069
68.744774	100.078	-3.5081
69.242928	100.071	-3.6248
69.744690	100.061	-3.7172
70.250084	100.055	-3.7798
70.759148	100.052	-3.8480
71.271896	100.051	-3.9542
71.788361	100.048	-4.0906
72.308571	100.040	-4.2161
72.832550	100.032	-4.3000
73.360321	100.027	-4.3527
73.891922	100.027	-4.4135
74.427376	100.029	-4.5140
74.966705	100.029	-4.6459
75.509949	100.024	-4.7671
76.057121	100.017	-4.8428
76.608261	100.014	-4.8773
77.163399	100.016	-4.9078
77.722557	100.022	-4.9684
78.285767	100.028	-5.0580
78.853058	100.032	-5.1531
79.424461	100.036	-5.2401
80.000000	100.040	-5.3236
80.579712	100.046	-5.4122
81.163628	100.051	-5.5084
81.751770	100.057	-5.6097
82.344177	100.064	-5.7135
82.940880	100.073	-5.8170
83.541901	100.083	-5.9227
84.147285	100.096	-6.0400
84.757050	100.111	-6.1753
85.371231	100.125	-6.3217
85.989868	100.139	-6.4651
86.612984	100.154	-6.6032
87.240616	100.172	-6.7474
87.872803	100.191	-6.9066
88.509560	100.210	-7.0769
89.150940	100.230	-7.2567
89.796967	100.250	-7.4482
90.447670	100.269	-7.6411
91.103088	100.291	-7.8224
91.763260	100.317	-8.0145
92.428215	100.346	-8.2563
93.097992	100.372	-8.5439
93.772614	100.396	-8.8342
94.452133	100.421	-9.1136
95.136566	100.449	-9.4166
95.825966	100.477	-9.7747
96.520363	100.502	-10.1792
97.219788	100.522	-10.5869
97.924286	100.541	-10.9635
98.633881	100.565	-11.3362
99.348625	100.592	-11.7665
100.068542	100.618	-12.2671
100.793686	100.639	-12.8018
101.524078	100.656	-13.3505
102.259766	100.669	-13.9171
103.000778	100.679	-14.5004
103.747162	100.685	-15.0978
104.498962	100.688	-15.7119
105.256203	100.687	-16.3426
106.018929	100.682	-16.9893
106.787186	100.671	-17.6504
107.561012	100.655	-18.3195
108.340446	100.633	-18.9951
109.125526	100.607	-19.6810
109.916290	100.575	-20.3743
110.712791	100.536	-21.0647
111.515060	100.493	-21.7406
112.323143	100.446	-22.4025
113.137085	100.395	-23.0682
113.956924	100.339	-23.7357
114.782700	100.278	-24.3801
115.614464	100.214	-25.0101
116.452255	100.145	-25.6458
117.296112	100.070	-26.2594
118.146095	99.991	-26.8286
119.002228	99.910	-27.3644
119.864563	99.827	-27.8668
120.733154	99.743	-28.3374
121.608040	99.658	-28.7902
122.489258	99.572	-29.2286
123.376869	99.483	-29.6528
124.270905	99.393	-30.0538
125.171425	99.303	-30.4266
126.078468	99.214	-30.7771
126.992081	99.126	-31.0981
127.912323	99.041	-31.4022
128.839233	98.957	-31.7115
129.772842	98.871	-32.0113
130.713242	98.784	-32.2871
131.660431	98.696	-32.5189
132.614502	98.611	-32.6993
133.575485	98.529	-32.8768
134.543427	98.447	-33.0685
135.518387	98.364	-33.2470
136.500412	98.281	-33.4003
137.489548	98.199	-33.5308
138.485855	98.119	-33.6548
139.489380	98.040	-33.7775
140.500168	97.960	-33.8740
141.518295	97.883	-33.9432
142.543793	97.808	-34.0309
143.576721	97.730	-34.1367
144.617142	97.651	-34.2145
145.665100	97.573	-34.2744
146.720642	97.497	-34.3360
147.783844	97.422	-34.3958
148.854752	97.348	-34.4562
149.933411	97.275	-34.5126
151.019897	97.203	-34.5557
152.114243	97.132	-34.5831
153.216522	97.062	-34.6052
154.326797	96.992	-34.6340
155.445114	96.921	-34.6621
156.571533	96.850	-34.6798
157.706116	96.779	-34.6885
158.848923	96.707	-34.6877
160.000000	96.635	-34.6863
161.159424	96.561	-34.6841
162.327255	96.485	-34.6802
163.503540	96.409	-34.6757
164.688354	96.333	-34.6760
165.881760	96.255	-34.6765
167.083801	96.178	-34.6602
168.294571	96.102	-34.6394
169.514099	96.026	-34.6292
170.742462	95.950	-34.6211
171.979736	95.873	-34.5979
173.225967	95.797	-34.5670
174.481232	95.721	-34.5342
175.745605	95.644	-34.4938
177.019119	95.567	-34.4478
178.301880	95.488	-34.3943
179.593933	95.409	-34.3453
180.895340	95.329	-34.3099
182.206177	95.247	-34.2672
183.526520	95.165	-34.2075
184.856430	95.084	-34.1330
186.195984	95.004	-34.0467
187.545227	94.923	-33.9512
188.904266	94.841	-33.8387
190.273132	94.758	-33.7166
191.651932	94.675	-33.5969
193.040726	94.592	-33.4633
194.439575	94.510	-33.3035
195.848572	94.431	-33.1394
197.267761	94.353	-32.9880
198.697250	94.276	-32.8529
200.137085	94.197	-32.7235
201.587372	94.119	-32.5714
203.048157	94.044	-32.3970
204.519531	93.969	-32.2219
206.001556	93.893	-32.0469
207.494324	93.815	-31.8547
208.997925	93.735	-31.6543
210.512405	93.654	-31.4558
212.037857	93.574	-31.2539
213.574371	93.495	-31.0306
215.122025	93.418	-30.7996
216.680893	93.340	-30.5617
218.251053	93.260	-30.3022
219.832581	93.179	-30.0262
221.425583	93.099	-29.7469
223.030121	93.019	-29.4589
224.646286	92.939	-29.1556
226.274170	92.857	-28.8505
227.913849	92.774	-28.5334
229.565399	92.697	-28.1938
231.228928	92.627	-27.8499
232.904510	92.562	-27.5261
234.592224	92.491	-27.2237
236.292191	92.406	-26.7740
238.004456	92.318	-26.1816
239.729126	92.232	-25.6425
241.466309	92.152	-25.1519
243.216080	92.078	-24.6805
244.978516	92.008	-24.1854
246.753738	91.940	-23.6194
248.541809	91.871	-23.0344
250.342850	91.802	-22.4644
252.156937	91.734	-21.9298
253.984161	91.672	-21.3939
255.824646	91.613	-20.8336
257.678467	91.557	-20.2308
259.545685	91.501	-19.6052
261.426483	91.445	-18.9908
263.320862	91.393	-18.3564
265.229004	91.348	-17.7013
267.150970	91.307	-17.0626
269.086853	91.264	-16.4340
271.036774	91.220	-15.8015
273.000824	91.181	-15.1378
274.979095	91.150	-14.4679
276.971710	91.128	-13.7788
278.978760	91.111	-13.0636
281.000336	91.097	-12.3597
283.036591	91.082	-11.6925
285.087585	91.067	-11.0498
287.153442	91.052	-10.4043
289.234283	91.040	-9.7573
291.330200	91.031	-9.1353
293.441284	91.027	-8.5337
295.567688	91.026	-7.9257
297.709503	91.028	-7.3203
299.866821	91.032	-6.7203
302.039795	91.038	-6.1530
304.228485	91.046	-5.6199
306.433044	91.055	-5.0757
308.653595	91.065	-4.5048
310.890228	91.079	-3.9352
313.143066	91.093	-3.3925
315.412231	91.111	-2.8744
317.697845	91.132	-2.3586
320.000000	91.157	-1.8519
322.318848	91.185	-1.3749
324.654510	91.214	-0.9130
327.007080	91.242	-0.4583
329.376709	91.272	-0.0125
331.763519	91.304	0.4282
334.167603	91.337	0.8431
336.589142	91.371	1.2346
339.028198	91.402	1.6353
341.484924	91.435	2.0359
343.959473	91.469	2.4048
346.451935	91.502	2.7510
348.962463	91.534	3.0992
351.491211	91.566	3.4490
354.038239	91.599	3.7777
356.603760	91.633	4.0909
359.187866	91.667	4.4050
361.790680	91.700	4.7028
364.412354	91.732	4.9955
367.053040	91.765	5.3049
369.712860	91.797	5.6093
372.391968	91.830	5.8743
375.090454	91.862	6.1089
377.808533	91.894	6.3583
380.546265	91.926	6.6237
383.303864	91.957	6.8765
386.081451	91.989	7.1236
388.879150	92.021	7.3649
391.697144	92.052	7.5845
394.535522	92.079	7.7841
397.394501	92.105	7.9769
400.274170	92.134	8.1825
403.174744	92.163	8.3907
406.096313	92.189	8.5889
409.039062	92.213	8.7834
412.003113	92.236	8.9929
414.988647	92.262	9.2018
417.995850	92.289	9.3882
421.024811	92.314	9.5634
424.075714	92.336	9.7561
427.148743	92.358	9.9575
430.244049	92.380	10.1440
433.361786	92.401	10.3093
436.502106	92.421	10.4805
439.665161	92.440	10.6682
442.851166	92.460	10.8593
446.060242	92.479	11.0334
449.292572	92.497	11.1958
452.548340	92.514	11.3636
455.827698	92.530	11.5504
459.130798	92.547	11.7410
462.457855	92.565	11.9041
465.809021	92.585	12.0598
469.184448	92.603	12.2313
472.584381	92.618	12.4281
476.008911	92.632	12.6347
479.458252	92.649	12.8154
482.932617	92.665	12.9901
486.432159	92.681	13.1777
489.957031	92.697	13.3716
493.507477	92.714	13.5519
497.083618	92.732	13.7162
500.685699	92.749	13.8899
504.313873	92.768	14.0891
507.968323	92.787	14.2759
511.649292	92.805	14.4407
515.356934	92.824	14.6005
519.091370	92.841	14.7806
522.852966	92.858	14.9734
526.641724	92.875	15.1496
530.458008	92.894	15.3141
534.301941	92.912	15.4825
538.173706	92.927	15.6680
542.073547	92.942	15.8600
546.001648	92.960	16.0408
549.958191	92.978	16.2136
553.943420	92.994	16.3899
557.957520	93.008	16.5688
562.000671	93.024	16.7523
566.073181	93.041	16.9416
570.175171	93.056	17.1243
574.306885	93.071	17.3020
578.468567	93.087	17.4888
582.660400	93.103	17.6855
586.882568	93.118	17.8792
591.135376	93.132	18.0529
595.419006	93.146	18.2218
599.733643	93.161	18.4166
604.079590	93.176	18.6403
608.456970	93.191	18.8597
612.866089	93.207	19.0515
617.307190	93.222	19.2225
621.780457	93.235	19.4086
626.286133	93.247	19.6216
630.824463	93.261	19.8442
635.395691	93.279	20.0652
640.000000	93.299	20.2880
644.637695	93.318	20.5154
649.309021	93.337	20.7488
654.014160	93.360	20.9830
658.753418	93.383	21.2172
663.527039	93.406	21.4542
668.335205	93.425	21.6922
673.178284	93.444	21.9396
678.056396	93.464	22.1953
682.969849	93.483	22.4419
687.918945	93.500	22.6703
692.903870	93.517	22.8961
697.924927	93.537	23.1312
702.982422	93.561	23.3721
708.076477	93.583	23.6188
713.207520	93.603	23.8735
718.375732	93.622	24.1414
723.581360	93.644	24.4100
728.824707	93.666	24.6693
734.106079	93.689	24.9292
739.425720	93.710	25.1965
744.783936	93.731	25.4737
750.180908	93.755	25.7628
755.617065	93.781	26.0577
761.092529	93.807	26.3439
766.607727	93.830	26.6199
772.162903	93.854	26.8990
777.758301	93.879	27.1923
783.394287	93.902	27.5046
789.071045	93.925	27.8335
794.789001	93.950	28.1696
800.548340	93.979	28.5121
806.349487	94.008	28.8538
812.192627	94.034	29.1861
818.078125	94.057	29.5229
824.006226	94.084	29.8817
829.977295	94.112	30.2455
835.991699	94.139	30.5955
842.049622	94.163	30.9259
848.151428	94.188	31.2597
854.297485	94.217	31.6032
860.488098	94.250	31.9324
866.723572	94.283	32.2517
873.004211	94.316	32.5884
879.330322	94.350	32.9574
885.702332	94.388	33.3239
892.120483	94.427	33.6565
898.585144	94.465	33.9704
905.096680	94.504	34.3069
911.655396	94.546	34.6730
918.261597	94.590	35.0228
924.915710	94.635	35.3275
931.618042	94.680	35.6384
938.368896	94.729	35.9878
945.168762	94.780	36.3356
952.017822	94.831	36.6330
958.916504	94.883	36.9006
965.865234	94.937	37.1974
972.864319	94.993	37.5231
979.914062	95.050	37.8133
987.014954	95.107	38.0471
994.167236	95.163	38.2812
1001.371399	95.214	38.5501
1008.627747	95.259	38.8116
1015.936646	95.302	39.0147
1023.298584	95.344	39.1814
1030.713867	95.385	39.3777
1038.182739	95.426	39.5879
1045.705933	95.468	39.7475
1053.283447	95.510	39.8522
1060.916016	95.550	39.9677
1068.603882	95.588	40.1169
1076.347412	95.627	40.2470
1084.147095	95.669	40.3172
1092.003296	95.709	40.3646
1099.916382	95.745	40.4414
1107.886841	95.780	40.5284
1115.915039	95.816	40.5720
1124.001343	95.854	40.5740
1132.146362	95.889	40.5853
1140.350342	95.922	40.6090
1148.613770	95.956	40.5928
1156.937134	95.993	40.5292
1165.320801	96.028	40.4483
1173.765137	96.058	40.3384
1182.270752	96.077	40.1782
1190.838013	96.091	40.0110
1199.467285	96.102	39.8957
1208.159180	96.111	39.8080
1216.913940	96.114	39.6724
1225.732178	96.111	39.4960
1234.614380	96.104	39.3672
1243.560913	96.093	39.3198
1252.572266	96.082	39.2823
1261.648926	96.068	39.1891
1270.791382	96.053	39.0829
1280.000000	96.038	39.0346
1289.275391	96.025	39.0411
1298.618042	96.012	39.0654
1308.028320	95.992	39.1097
1317.506836	95.967	39.1914
1327.054077	95.943	39.3048
1336.670410	95.924	39.4547
1346.356567	95.904	39.6456
1356.112793	95.879	39.8574
1365.939697	95.856	40.0879
1375.837891	95.840	40.3547
1385.807739	95.828	40.6432
1395.849854	95.812	40.9222
1405.964844	95.795	41.1951
1416.152954	95.781	41.4839
1426.415039	95.773	41.8009
1436.751465	95.763	42.1190
1447.162720	95.747	42.4168
1457.649414	95.731	42.7394
1468.212158	95.719	43.1265
1478.851440	95.709	43.5427
1489.567871	95.695	43.9438
1500.361816	95.682	44.3572
1511.234131	95.674	44.8362
1522.185059	95.672	45.3753
1533.215454	95.670	45.9094
1544.325806	95.666	46.4149
1555.516602	95.666	46.9559
1566.788574	95.674	47.5692
1578.142090	95.687	48.1979
1589.578003	95.699	48.7861
1601.096680	95.714	49.3736
1612.698975	95.737	50.0369
1624.385254	95.769	50.7526
1636.156250	95.802	51.4242
1648.012451	95.836	52.0494
1659.954590	95.876	52.7229
1671.983398	95.925	53.4788
1684.099243	95.977	54.2318
1696.302856	96.031	54.9041
1708.594971	96.088	55.5691
1720.976196	96.152	56.3227
1733.447144	96.223	57.1117
1746.008423	96.296	57.8342
1758.660645	96.372	58.4986
1771.404663	96.454	59.1880
1784.240967	96.537	59.9440
1797.170288	96.623	60.7472
1810.193359	96.718	61.5427
1823.310791	96.829	62.3006
1836.523193	96.944	63.0490
1849.831421	97.056	63.8213
1863.236084	97.165	64.6111
1876.737793	97.281	65.3666
1890.337524	97.406	66.0485
1904.035645	97.536	66.6829
1917.833008	97.671	67.3696
1931.730469	97.815	68.1535
1945.728638	97.970	68.9226
1959.828125	98.136	69.5906
1974.029907	98.315	70.2365
1988.334473	98.509	70.9511
2002.742798	98.720	71.6332
2017.255493	98.946	72.1137
2031.873291	99.181	72.3923
2046.597168	99.418	72.5998
2061.427734	99.653	72.7592
2076.365479	99.882	72.7567
2091.411865	100.104	72.5672
2106.566895	100.315	72.3321
2121.832031	100.515	72.1604
2137.207764	100.708	71.9782
2152.694824	100.897	71.6758
2168.294189	101.083	71.3086
2184.006592	101.263	71.0240
2199.832764	101.440	70.7943
2215.773682	101.617	70.4669
2231.830078	101.794	70.0260
2248.002686	101.968	69.5933
2264.292725	102.132	69.2091
2280.700684	102.289	68.8102
2297.227539	102.450	68.3930
2313.874268	102.621	67.9955
2330.641602	102.791	67.5842
2347.530273	102.946	67.1068
2364.541504	103.086	66.5951
2381.676025	103.222	66.0861
2398.934570	103.365	65.5335
2416.318359	103.511	64.9051
2433.827881	103.652	64.2980
2451.464355	103.788	63.7841
2469.228760	103.925	63.2604
2487.121826	104.070	62.6140
2505.144531	104.216	61.9096
2523.297852	104.355	61.2605
2541.582764	104.489	60.6231
2560.000000	104.625	59.8649
2578.550781	104.760	58.9906
2597.236084	104.885	58.1522
2616.056641	105.000	57.4072
2635.013672	105.116	56.6313
2654.108154	105.239	55.7481
2673.340820	105.362	54.8449
2692.713135	105.475	54.0096
2712.225586	105.587	53.1618
2731.879395	105.706	52.1773
2751.675781	105.827	51.0661
2771.615479	105.934	49.9551
2791.699707	106.025	48.8716
2811.929688	106.111	47.7101
2832.305908	106.197	46.4390
2852.830078	106.270	45.1616
2873.502930	106.325	43.9624
2894.325439	106.368	42.7764
2915.298828	106.412	41.5176
2936.424316	106.453	40.2243
2957.702881	106.477	38.9930
2979.135742	106.486	37.8231
3000.723633	106.495	36.6267
3022.468262	106.509	35.3802
3044.370117	106.516	34.1721
3066.430908	106.506	33.0337
3088.651611	106.488	31.8872
3111.033203	106.473	30.6702
3133.577148	106.455	29.4297
3156.284180	106.419	28.2470
3179.156006	106.372	27.1176
3202.193359	106.331	25.9825
3225.397949	106.294	24.8423
3248.770508	106.245	23.7534
3272.312500	106.175	22.7396
3296.024902	106.100	21.7455
3319.909180	106.034	20.7280
3343.966797	105.966	19.7471
3368.198486	105.880	18.8527
3392.605713	105.780	17.9938
3417.189941	105.683	17.1804
3441.952393	105.598	16.5390
3466.894287	105.518	16.0596
3492.016846	105.430	15.5464
3517.321289	105.326	14.9103
3542.809326	105.207	14.2522
3568.481934	105.091	13.6467
3594.340576	104.988	13.0626
3620.386719	104.888	12.5016
3646.621582	104.772	11.9935
3673.046387	104.644	11.5265
3699.662842	104.526	11.0717
3726.472168	104.419	10.6420
3753.475586	104.303	10.2628
3780.675049	104.170	9.9310
3808.071289	104.039	9.6368
3835.666016	103.924	9.3805
3863.460938	103.811	9.1658
3891.457275	103.681	8.9900
3919.656250	103.544	8.8513
3948.059814	103.419	8.7552
3976.668945	103.306	8.7008
4005.485596	103.177	8.6881
4034.510986	103.026	8.7109
4063.746582	102.878	8.7682
4093.194336	102.748	8.8781
4122.855469	102.619	9.0404
4152.730957	102.472	9.2278
4182.823730	102.323	9.4449
4213.133789	102.192	9.7219
4243.664062	102.073	10.0508
4274.415527	101.943	10.3931
4305.389648	101.799	10.7239
4336.588379	101.663	11.1057
4368.013184	101.547	11.6982
4399.665527	101.444	12.5421
4431.547363	101.346	13.4163
4463.660156	101.241	14.1216
4496.005371	101.125	14.7100
4528.585449	101.011	15.3208
4561.401367	100.920	16.0208
4594.455078	100.847	16.7864
4627.748535	100.767	17.5594
4661.283203	100.679	18.3212
4695.060547	100.606	19.1346
4729.083008	100.558	20.0410
4763.352051	100.515	20.9620
4797.869141	100.461	21.8389
4832.636719	100.414	22.7416
4867.655762	100.395	23.7416
4902.928711	100.393	24.7943
4938.457520	100.385	25.7927
4974.243652	100.375	26.7253
5010.289062	100.389	27.7115
5046.595703	100.433	28.7835
5083.165527	100.483	29.8255
5120.000000	100.526	30.7976
5157.101562	100.586	31.7897
5194.472168	100.680	32.8676
5232.113281	100.790	33.9411
5270.027344	100.894	34.8865
5308.216309	101.004	35.7493
5346.681641	101.147	36.6632
5385.426270	101.319	37.6085
5424.451172	101.494	38.4203
5463.758789	101.668	39.0451
5503.351562	101.865	39.6457
5543.230957	102.099	40.2996
5583.399414	102.350	40.8387
5623.859375	102.593	41.1178
5664.611816	102.844	41.2066
5705.660156	103.131	41.2487
5747.005859	103.443	41.1978
5788.650879	103.748	40.8517
5830.597656	104.043	40.1734
5872.848633	104.357	39.3248
5915.405762	104.690	38.3486
5958.271484	105.010	37.0483
6001.447266	105.295	35.2906
6044.936523	105.559	33.2063
6088.740234	105.815	30.9803
6132.861816	106.040	28.5665
6177.303223	106.199	25.8053
6222.066406	106.290	22.7546
6267.154297	106.335	19.6820
6312.568359	106.331	16.7103
6358.312012	106.255	13.7214
6404.386719	106.098	10.6816
6450.795898	105.888	7.8531
6497.541016	105.656	5.5333
6544.625000	105.404	3.7646
6592.049805	105.124	2.3362
6639.818359	104.816	0.9645
6687.933594	104.480	-0.4440
6736.396973	104.123	-1.7188
6785.211426	103.777	-2.6095
6834.379883	103.456	-3.0605
6883.904785	103.142	-3.3344
6933.788574	102.818	-3.6440
6984.033691	102.503	-3.8020
7034.642578	102.224	-3.5881
7085.618652	101.973	-3.1378
7136.963867	101.725	-2.7458
7188.681152	101.483	-2.3987
7240.773438	101.276	-1.7905
7293.243164	101.112	-0.9012
7346.092773	100.962	-0.0880
7399.325684	100.805	0.4727
7452.944336	100.663	1.0665
7506.951172	100.565	1.9851
7561.350098	100.495	3.0161
7616.142578	100.424	3.8115
7671.332031	100.360	4.4553
7726.921875	100.335	5.2899
7782.914551	100.351	6.2881
7839.312500	100.375	7.0814
7896.119629	100.400	7.5730
7953.337891	100.458	8.1243
8010.971191	100.568	8.9463
8069.021973	100.706	9.6899
8127.493164	100.848	10.0090
8186.388672	101.011	10.0671
8245.710938	101.221	10.2245
8305.461914	101.472	10.5286
8365.647461	101.750	10.7380
8426.267578	102.048	10.4650
8487.328125	102.345	9.4055
8548.831055	102.629	7.5831
8610.779297	102.920	5.3654
8673.176758	103.218	2.9642
8736.026367	103.481	0.0416
8799.331055	103.670	-3.7332
8863.094727	103.788	-8.0304
8927.320312	103.851	-12.3043
8992.010742	103.837	-16.5187
9057.170898	103.705	-21.0616
9122.802734	103.446	-25.8995
9188.910156	103.094	-30.4258
9255.497070	102.677	-34.2538
9322.566406	102.185	-37.6940
9390.121094	101.607	-41.0963
9458.166016	100.970	-44.1555
9526.704102	100.323	-46.3658
9595.738281	99.677	-47.8465
9665.273438	99.009	-49.1792
9735.311523	98.320	-50.4376
9805.857422	97.647	-51.0975
9876.915039	97.016	-51.0026
9948.487305	96.404	-50.7216
10020.578125	95.789	-50.6723
10093.191406	95.190	-50.4973
10166.331055	94.636	-49.7222
10240.000000	94.115	-48.6212
10314.203125	93.595	-47.7721
10388.944336	93.072	-47.0995
10464.226562	92.580	-46.0057
10540.054688	92.130	-44.4137
10616.432617	91.691	-42.9369
10693.363281	91.244	-41.8416
10770.852539	90.813	-40.5962
10848.902344	90.425	-38.7926
10927.517578	90.061	-36.8587
11006.703125	89.690	-35.3507
11086.461914	89.320	-34.0166
11166.798828	88.985	-32.2269
11247.718750	88.686	-30.0632
11329.223633	88.390	-28.2028
11411.320312	88.086	-26.7860
11494.011719	87.802	-25.1829
11577.301758	87.555	-23.0510
11661.195312	87.322	-20.9116
11745.697266	87.079	-19.2776
11830.811523	86.837	-17.7769
11916.542969	86.631	-15.7756
12002.894531	86.453	-13.4764
12089.873047	86.271	-11.5906
12177.480469	86.081	-10.1196
12265.723633	85.912	-8.3359
12354.606445	85.776	-5.9043
12444.132812	85.658	-3.0789
12534.308594	85.555	-0.2327
12625.136719	85.461	2.2009
12716.624023	85.360	3.9209
12808.773438	85.269	5.3867
12901.591797	85.218	7.3828
12995.082031	85.203	9.7711
13089.250000	85.191	11.7429
13184.099609	85.181	13.2160
13279.636719	85.206	14.9528
13375.867188	85.280	17.2175
13472.793945	85.375	19.3182
13570.422852	85.475	20.7339
13668.759766	85.602	21.9998
13767.809570	85.788	23.8353
13867.577148	86.022	25.9030
13968.067383	86.274	27.3458
14069.285156	86.552	28.2245
14171.237305	86.896	29.3912
14273.927734	87.316	30.9990
14377.362305	87.788	32.1510
14481.546875	88.307	32.2984
14586.486328	88.911	32.0928
14692.185547	89.634	32.1442
14798.651367	90.456	31.7400
14905.888672	91.359	29.8131
15013.902344	92.360	26.3895
15122.700195	93.463	21.9662
15232.285156	94.587	15.9067
15342.664062	95.574	6.7043
15453.843750	96.256	-6.0505
15565.829102	96.501	-20.7650
15678.625000	96.241	-35.1840
15792.239258	95.486	-48.1129
15906.675781	94.341	-59.3364
16021.942383	92.995	-68.3501
16138.043945	91.646	-74.4447
16254.986328	90.403	-78.1812
16372.777344	89.264	-81.1998
16491.421875	88.216	-84.1715
16610.923828	87.282	-86.3397
16731.294922	86.483	-87.2935
16852.535156	85.791	-88.0304
16974.656250	85.168	-89.5192
17097.662109	84.620	-91.2618
17221.558594	84.168	-92.3397
17346.353516	83.801	-93.1503
17472.052734	83.476	-94.8564
17598.662109	83.182	-97.4906
17726.189453	82.947	-99.9779
17854.640625	82.777	-101.9795
17984.021484	82.640	-104.5289
18114.341797	82.517	-108.3267
18245.605469	82.436	-112.5612
18377.820312	82.422	-116.2815
18510.994141	82.473	-119.7689
18645.132812	82.584	-123.7406
18780.242188	82.738	-129.0710
18916.332031	82.892	-136.5819
19053.408203	83.019	-146.0530
19191.476562	83.122	-156.2102
19330.546875	83.189	-166.4553
19470.623047	83.192	-177.7236
19611.714844	83.136	169.2955
19753.830078	83.091	155.2773
19896.974609	83.105	140.8022
