20.000000	105.759	54.4496
20.144928	105.786	53.9000
20.290907	105.812	53.3508
20.437943	105.838	52.8022
20.586044	105.863	52.2549
20.735220	105.888	51.7084
20.885475	105.912	51.1635
21.036821	105.935	50.6203
21.189262	105.958	50.0786
21.342808	105.980	49.5387
21.497467	106.002	49.0003
21.653246	106.024	48.4629
21.810154	106.045	47.9265
21.968201	106.066	47.3906
22.127390	106.086	46.8547
22.287735	106.105	46.3189
22.449242	106.124	45.7834
22.611917	106.143	45.2480
22.775772	106.160	44.7140
22.940815	106.177	44.1810
23.107054	106.193	43.6508
23.274498	106.208	43.1235
23.443153	106.223	42.5995
23.613033	106.238	42.0794
23.784142	106.252	41.5624
23.956491	106.266	41.0480
24.130091	106.281	40.5354
24.304947	106.295	40.0223
24.481071	106.309	39.5087
24.658470	106.323	38.9922
24.837156	106.337	38.4730
25.017136	106.350	37.9506
25.198421	106.362	37.4251
25.381020	106.373	36.8989
25.564941	106.383	36.3719
25.750195	106.391	35.8477
25.936790	106.399	35.3262
26.124741	106.405	34.8103
26.314051	106.411	34.2995
26.504732	106.417	33.7943
26.696796	106.422	33.2939
26.890253	106.427	32.7965
27.085112	106.433	32.3017
27.281382	106.438	31.8069
27.479073	106.444	31.3122
27.678198	106.449	30.8162
27.878765	106.453	30.3200
28.080786	106.457	29.8235
28.284271	106.460	29.3286
28.489231	106.462	28.8356
28.695675	106.464	28.3457
28.903616	106.465	27.8589
29.113064	106.466	27.3751
29.324028	106.467	26.8938
29.536524	106.467	26.4142
29.750557	106.467	25.9355
29.966141	106.467	25.4575
30.183289	106.467	24.9799
30.402010	106.466	24.5030
30.622314	106.464	24.0272
30.844217	106.462	23.5532
31.067726	106.459	23.0812
31.292856	106.456	22.6115
31.519617	106.453	22.1439
31.748020	106.450	21.6784
31.978081	106.446	21.2146
32.209808	106.442	20.7526
32.443211	106.438	20.2921
32.678310	106.433	19.8336
32.915108	106.428	19.3770
33.153625	106.423	18.9225
33.393871	106.417	18.4697
33.635857	106.411	18.0187
33.879597	106.404	17.5687
34.125103	106.398	17.1198
34.372387	106.390	16.6717
34.621464	106.383	16.2248
34.872345	106.374	15.7795
35.125042	106.366	15.3364
35.379574	106.356	14.8962
35.635948	106.347	14.4592
35.894180	106.337	14.0255
36.154285	106.326	13.5949
36.416275	106.316	13.1671
36.680161	106.305	12.7413
36.945961	106.294	12.3172
37.213688	106.283	11.8941
37.483353	106.272	11.4720
37.754974	106.260	11.0511
38.028561	106.247	10.6322
38.304131	106.234	10.2162
38.581699	106.221	9.8036
38.861279	106.207	9.3945
39.142883	106.194	8.9884
39.426529	106.180	8.5834
39.712231	106.167	8.1777
40.000000	106.153	7.7706
40.289856	106.139	7.3616
40.581814	106.124	6.9526
40.875885	106.108	6.5469
41.172089	106.092	6.1467
41.470440	106.075	5.7529
41.770950	106.058	5.3650
42.073643	106.042	4.9795
42.378525	106.026	4.5924
42.685616	106.009	4.2020
42.994934	105.992	3.8090
43.306492	105.974	3.4165
43.620308	105.955	3.0289
43.936401	105.936	2.6500
44.254780	105.916	2.2797
44.575470	105.898	1.9144
44.898483	105.880	1.5484
45.223835	105.863	1.1775
45.551544	105.845	0.8000
45.881630	105.827	0.4182
46.214108	105.807	0.0366
46.548996	105.787	-0.3398
46.886307	105.765	-0.7091
47.226067	105.744	-1.0720
47.568283	105.723	-1.4312
47.912983	105.701	-1.7888
48.260181	105.679	-2.1450
48.609894	105.657	-2.4989
48.962143	105.634	-2.8497
49.316940	105.611	-3.1978
49.674313	105.587	-3.5447
50.034271	105.562	-3.8906
50.396843	105.534	-4.2334
50.762039	105.505	-4.5693
51.129883	105.475	-4.8972
51.500389	105.447	-5.2211
51.873581	105.419	-5.5496
52.249481	105.392	-5.8898
52.628101	105.364	-6.2404
53.009464	105.334	-6.5916
53.393593	105.303	-6.9319
53.780506	105.273	-7.2605
54.170223	105.244	-7.5909
54.562763	105.216	-7.9411
54.958145	105.185	-8.3154
55.356396	105.149	-8.6940
55.757530	105.108	-9.0408
56.161572	105.065	-9.3298
56.568542	105.027	-9.5684
56.978462	104.997	-9.7955
57.391350	104.971	-10.0546
57.807232	104.946	-10.3600
58.226128	104.916	-10.6901
58.648056	104.882	-11.0092
59.073048	104.846	-11.2980
59.501114	104.812	-11.5664
59.932281	104.780	-11.8405
60.366577	104.749	-12.1361
60.804020	104.715	-12.4471
61.244629	104.679	-12.7557
61.688435	104.643	-13.0511
62.135452	104.607	-13.3396
62.585712	104.572	-13.6370
63.039234	104.538	-13.9512
63.496040	104.503	-14.2720
63.956161	104.467	-14.5770
64.419617	104.432	-14.8519
64.886421	104.399	-15.1078
65.356621	104.370	-15.3721
65.830215	104.342	-15.6637
66.307251	104.311	-15.9689
66.787743	104.276	-16.2543
67.271713	104.241	-16.5012
67.759193	104.209	-16.7267
68.250206	104.181	-16.9625
68.744774	104.153	-17.2191
69.242928	104.122	-17.4791
69.744690	104.092	-17.7286
70.250084	104.063	-17.9803
70.759148	104.033	-18.2582
71.271896	103.999	-18.5610
71.788361	103.960	-18.8557
72.308571	103.919	-19.1115
72.832550	103.879	-19.3304
73.360321	103.844	-19.5427
73.891922	103.811	-19.7731
74.427376	103.778	-20.0224
74.966705	103.743	-20.2750
75.509949	103.709	-20.5200
76.057121	103.674	-20.7621
76.608261	103.639	-21.0099
77.163399	103.603	-21.2585
77.722557	103.566	-21.4928
78.285767	103.529	-21.7101
78.853058	103.494	-21.9288
79.424461	103.458	-22.1639
80.000000	103.420	-22.4056
80.579712	103.379	-22.6331
81.163628	103.339	-22.8439
81.751770	103.300	-23.0568
82.344177	103.261	-23.2828
82.940880	103.222	-23.5128
83.541901	103.182	-23.7361
84.147285	103.142	-23.9529
84.757050	103.103	-24.1682
85.371231	103.064	-24.3868
85.989868	103.025	-24.6145
86.612984	102.982	-24.8472
87.240616	102.937	-25.0623
87.872803	102.892	-25.2437
88.509560	102.848	-25.4068
89.150940	102.806	-25.5771
89.796967	102.765	-25.7592
90.447670	102.723	-25.9476
91.103088	102.681	-26.1460
91.763260	102.638	-26.3491
92.428215	102.594	-26.5402
93.097992	102.552	-26.7216
93.772614	102.511	-26.9150
94.452133	102.470	-27.1255
95.136566	102.427	-27.3376
95.825966	102.382	-27.5381
96.520363	102.336	-27.7146
97.219788	102.292	-27.8651
97.924286	102.249	-28.0127
98.633881	102.208	-28.1790
99.348625	102.165	-28.3536
100.068542	102.121	-28.5237
100.793686	102.075	-28.6936
101.524078	102.028	-28.8616
102.259766	101.981	-29.0215
103.000778	101.935	-29.1807
103.747162	101.890	-29.3455
104.498962	101.844	-29.5099
105.256203	101.800	-29.6744
106.018929	101.755	-29.8435
106.787186	101.709	-30.0112
107.561012	101.661	-30.1700
108.340446	101.613	-30.3167
109.125526	101.565	-30.4478
109.916290	101.518	-30.5722
110.712791	101.471	-30.7079
111.515060	101.423	-30.8529
112.323143	101.374	-30.9928
113.137085	101.326	-31.1302
113.956924	101.278	-31.2752
114.782700	101.230	-31.4281
115.614464	101.182	-31.5839
116.452255	101.133	-31.7330
117.296112	101.084	-31.8699
118.146095	101.036	-32.0008
119.002228	100.988	-32.1331
119.864563	100.939	-32.2624
120.733154	100.889	-32.3801
121.608040	100.839	-32.4907
122.489258	100.789	-32.6051
123.376869	100.738	-32.7236
124.270905	100.688	-32.8404
125.171425	100.640	-32.9572
126.078468	100.594	-33.0803
126.992081	100.550	-33.2035
127.912323	100.508	-33.3192
128.839233	100.466	-33.4356
129.772842	100.423	-33.5504
130.713242	100.380	-33.6542
131.660431	100.337	-33.7556
132.614502	100.292	-33.8562
133.575485	100.246	-33.9547
134.543427	100.198	-34.0403
135.518387	100.153	-34.0957
136.500412	100.111	-34.1718
137.489548	100.069	-34.2919
138.485855	100.025	-34.4009
139.489380	99.981	-34.4969
140.500168	99.936	-34.5989
141.518295	99.891	-34.6890
142.543793	99.845	-34.7661
143.576721	99.798	-34.8439
144.617142	99.751	-34.9250
145.665100	99.702	-35.0004
146.720642	99.654	-35.0555
147.783844	99.608	-35.1157
148.854752	99.563	-35.2010
149.933411	99.517	-35.2854
151.019897	99.470	-35.3591
152.114243	99.422	-35.4241
153.216522	99.374	-35.4802
154.326797	99.326	-35.5288
155.445114	99.278	-35.5730
156.571533	99.229	-35.6165
157.706116	99.180	-35.6633
158.848923	99.129	-35.7113
160.000000	99.077	-35.7546
161.159424	99.021	-35.7885
162.327255	98.965	-35.8113
163.503540	98.908	-35.8292
164.688354	98.851	-35.8434
165.881760	98.794	-35.8536
167.083801	98.736	-35.8663
168.294571	98.678	-35.8824
169.514099	98.618	-35.8950
170.742462	98.559	-35.8977
171.979736	98.500	-35.8954
173.225967	98.441	-35.8985
174.481232	98.383	-35.9044
175.745605	98.323	-35.9006
177.019119	98.264	-35.8817
178.301880	98.205	-35.8571
179.593933	98.146	-35.8398
180.895340	98.085	-35.8212
182.206177	98.023	-35.7976
183.526520	97.961	-35.7550
184.856430	97.900	-35.6890
186.195984	97.841	-35.6218
187.545227	97.783	-35.5623
188.904266	97.725	-35.4879
190.273132	97.669	-35.3955
191.651932	97.614	-35.3043
193.040726	97.561	-35.2250
194.439575	97.506	-35.1571
195.848572	97.451	-35.0795
197.267761	97.396	-34.9916
198.697250	97.342	-34.9174
200.137085	97.289	-34.8516
201.587372	97.236	-34.7834
203.048157	97.182	-34.7047
204.519531	97.128	-34.6082
206.001556	97.074	-34.4919
207.494324	97.021	-34.3735
208.997925	96.971	-34.2703
210.512405	96.921	-34.1779
212.037857	96.872	-34.0761
213.574371	96.825	-33.9708
215.122025	96.777	-33.8719
216.680893	96.728	-33.7695
218.251053	96.679	-33.6704
219.832581	96.630	-33.5740
221.425583	96.582	-33.4852
223.030121	96.533	-33.3964
224.646286	96.482	-33.2760
226.274170	96.431	-33.1465
227.913849	96.377	-33.0336
229.565399	96.324	-32.9181
231.228928	96.272	-32.7925
232.904510	96.221	-32.6561
234.592224	96.171	-32.4974
236.292191	96.121	-32.3435
238.004456	96.069	-32.2258
239.729126	96.015	-32.0836
241.466309	95.964	-31.9238
243.216080	95.915	-31.7702
244.978516	95.865	-31.6118
246.753738	95.813	-31.4375
248.541809	95.760	-31.2468
250.342850	95.708	-31.0515
252.156937	95.657	-30.8656
253.984161	95.606	-30.6944
255.824646	95.554	-30.5281
257.678467	95.501	-30.3524
259.545685	95.448	-30.1479
261.426483	95.396	-29.9409
263.320862	95.345	-29.7551
265.229004	95.294	-29.5902
267.150970	95.242	-29.4307
269.086853	95.192	-29.2057
271.036774	95.144	-28.9687
273.000824	95.095	-28.7537
274.979095	95.043	-28.4965
276.971710	94.992	-28.2192
278.978760	94.943	-27.9705
281.000336	94.894	-27.7477
283.036591	94.847	-27.5320
285.087585	94.801	-27.2875
287.153442	94.757	-27.0323
289.234283	94.712	-26.7788
291.330200	94.667	-26.5197
293.441284	94.623	-26.2714
295.567688	94.579	-26.0228
297.709503	94.535	-25.7650
299.866821	94.491	-25.5048
302.039795	94.448	-25.2382
304.228485	94.406	-24.9708
306.433044	94.365	-24.7017
308.653595	94.324	-24.4446
310.890228	94.282	-24.1995
313.143066	94.241	-23.9397
315.412231	94.203	-23.6548
317.697845	94.170	-23.3740
320.000000	94.139	-23.1096
322.318848	94.109	-22.8414
324.654510	94.080	-22.5542
327.007080	94.050	-22.2521
329.376709	94.020	-21.9641
331.763519	93.990	-21.6978
334.167603	93.962	-21.4227
336.589142	93.934	-21.1169
339.028198	93.907	-20.8044
341.484924	93.880	-20.5007
343.959473	93.855	-20.2123
346.451935	93.831	-19.9130
348.962463	93.809	-19.6045
351.491211	93.786	-19.3048
354.038239	93.764	-19.0142
356.603760	93.742	-18.7222
359.187866	93.720	-18.4144
361.790680	93.698	-18.0985
364.412354	93.677	-17.7890
367.053040	93.656	-17.4943
369.712860	93.636	-17.1960
372.391968	93.617	-16.8821
375.090454	93.598	-16.5773
377.808533	93.580	-16.2919
380.546265	93.563	-16.0066
383.303864	93.546	-15.7023
386.081451	93.529	-15.3948
388.879150	93.513	-15.0983
391.697144	93.501	-14.8091
394.535522	93.488	-14.5349
397.394501	93.471	-14.2433
400.274170	93.455	-13.9366
403.174744	93.441	-13.6304
406.096313	93.428	-13.3233
409.039062	93.415	-13.0262
412.003113	93.402	-12.7377
414.988647	93.389	-12.4452
417.995850	93.378	-12.1418
421.024811	93.368	-11.8474
424.075714	93.357	-11.5618
427.148743	93.346	-11.2673
430.244049	93.337	-10.9751
433.361786	93.328	-10.6951
436.502106	93.319	-10.4221
439.665161	93.309	-10.1379
442.851166	93.301	-9.8448
446.060242	93.294	-9.5499
449.292572	93.286	-9.2683
452.548340	93.278	-9.0091
455.827698	93.268	-8.7427
459.130798	93.258	-8.4540
462.457855	93.251	-8.1617
465.809021	93.244	-7.8914
469.184448	93.237	-7.6411
472.584381	93.230	-7.3808
476.008911	93.225	-7.1004
479.458252	93.220	-6.8102
482.932617	93.215	-6.5368
486.432159	93.210	-6.2869
489.957031	93.205	-6.0345
493.507477	93.199	-5.7689
497.083618	93.193	-5.4910
500.685699	93.190	-5.2052
504.313873	93.189	-4.9240
507.968323	93.188	-4.6738
511.649292	93.184	-4.4459
515.356934	93.180	-4.2059
519.091370	93.176	-3.9396
522.852966	93.173	-3.6616
526.641724	93.170	-3.4066
530.458008	93.167	-3.1590
534.301941	93.165	-2.8881
538.173706	93.164	-2.6086
542.073547	93.164	-2.3391
546.001648	93.162	-2.0929
549.958191	93.161	-1.8397
553.943420	93.160	-1.5511
557.957520	93.157	-1.2714
562.000671	93.155	-1.0221
566.073181	93.151	-0.7736
570.175171	93.147	-0.4983
574.306885	93.143	-0.2079
578.468567	93.140	0.0520
582.660400	93.139	0.2841
586.882568	93.138	0.5416
591.135376	93.137	0.8329
595.419006	93.135	1.1142
599.733643	93.133	1.3741
604.079590	93.131	1.6284
608.456970	93.129	1.8853
612.866089	93.128	2.1434
617.307190	93.126	2.4217
621.780457	93.126	2.7053
626.286133	93.127	2.9708
630.824463	93.129	3.2203
635.395691	93.130	3.4681
640.000000	93.130	3.7375
644.637695	93.131	4.0225
649.309021	93.134	4.3040
654.014160	93.139	4.5834
658.753418	93.142	4.8621
663.527039	93.144	5.1465
668.335205	93.149	5.4396
673.178284	93.155	5.7332
678.056396	93.161	6.0231
682.969849	93.164	6.3152
687.918945	93.167	6.6246
692.903870	93.171	6.9451
697.924927	93.174	7.2574
702.982422	93.175	7.5485
708.076477	93.176	7.8326
713.207520	93.180	8.1337
718.375732	93.187	8.4462
723.581360	93.193	8.7545
728.824707	93.196	9.0541
734.106079	93.197	9.3683
739.425720	93.201	9.6876
744.783936	93.207	9.9984
750.180908	93.213	10.3114
755.617065	93.217	10.6306
761.092529	93.221	10.9530
766.607727	93.226	11.2799
772.162903	93.234	11.6134
777.758301	93.241	11.9471
783.394287	93.246	12.2766
789.071045	93.251	12.6050
794.789001	93.256	12.9446
800.548340	93.258	13.2971
806.349487	93.257	13.6632
812.192627	93.256	14.0461
818.078125	93.259	14.4413
824.006226	93.265	14.8293
829.977295	93.269	15.2035
835.991699	93.271	15.5778
842.049622	93.275	15.9753
848.151428	93.281	16.3916
854.297485	93.284	16.7931
860.488098	93.284	17.1628
866.723572	93.283	17.5298
873.004211	93.287	17.9157
879.330322	93.293	18.3010
885.702332	93.299	18.6700
892.120483	93.304	19.0509
898.585144	93.310	19.4637
905.096680	93.317	19.8744
911.655396	93.325	20.2563
918.261597	93.332	20.6226
924.915710	93.338	21.0070
931.618042	93.345	21.4250
938.368896	93.354	21.8408
945.168762	93.360	22.2107
952.017822	93.367	22.5763
958.916504	93.374	22.9944
965.865234	93.382	23.4371
972.864319	93.391	23.8472
979.914062	93.399	24.2362
987.014954	93.406	24.6685
994.167236	93.409	25.1549
1001.371399	93.408	25.6329
1008.627747	93.402	26.0789
1015.936646	93.393	26.5598
1023.298584	93.384	27.1234
1030.713867	93.378	27.7282
1038.182739	93.379	28.3166
1045.705933	93.388	28.9019
1053.283447	93.404	29.5420
1060.916016	93.430	30.2181
1068.603882	93.469	30.8406
1076.347412	93.520	31.3558
1084.147095	93.577	31.7972
1092.003296	93.634	32.1938
1099.916382	93.691	32.5053
1107.886841	93.745	32.6974
1115.915039	93.792	32.8181
1124.001343	93.828	32.9395
1132.146362	93.855	33.0712
1140.350342	93.877	33.1754
1148.613770	93.896	33.2550
1156.937134	93.908	33.3640
1165.320801	93.913	33.5150
1173.765137	93.915	33.6696
1182.270752	93.919	33.8074
1190.838013	93.921	33.9550
1199.467285	93.917	34.1415
1208.159180	93.910	34.3452
1216.913940	93.904	34.5375
1225.732178	93.901	34.7393
1234.614380	93.896	34.9669
1243.560913	93.887	35.1844
1252.572266	93.881	35.3888
1261.648926	93.880	35.6440
1270.791382	93.885	35.9778
1280.000000	93.894	36.3262
1289.275391	93.903	36.6225
1298.618042	93.913	36.9084
1308.028320	93.921	37.2718
1317.506836	93.928	37.6935
1327.054077	93.931	38.0840
1336.670410	93.933	38.4160
1346.356567	93.935	38.7514
1356.112793	93.941	39.1413
1365.939697	93.951	39.5622
1375.837891	93.962	39.9832
1385.807739	93.969	40.4050
1395.849854	93.975	40.8393
1405.964844	93.988	41.3086
1416.152954	94.005	41.7972
1426.415039	94.020	42.2608
1436.751465	94.033	42.7021
1447.162720	94.049	43.1609
1457.649414	94.069	43.6530
1468.212158	94.089	44.1543
1478.851440	94.105	44.6280
1489.567871	94.119	45.0725
1500.361816	94.132	45.5597
1511.234131	94.146	46.1550
1522.185059	94.162	46.8124
1533.215454	94.185	47.4305
1544.325806	94.213	48.0117
1555.516602	94.240	48.6406
1566.788574	94.262	49.3563
1578.142090	94.284	50.0825
1589.578003	94.310	50.7410
1601.096680	94.340	51.3572
1612.698975	94.372	52.0168
1624.385254	94.410	52.7639
1636.156250	94.453	53.5566
1648.012451	94.497	54.3186
1659.954590	94.541	55.0505
1671.983398	94.591	55.8535
1684.099243	94.648	56.7594
1696.302856	94.709	57.6691
1708.594971	94.773	58.5353
1720.976196	94.842	59.4449
1733.447144	94.925	60.4776
1746.008423	95.021	61.5658
1758.660645	95.130	62.5963
1771.404663	95.254	63.5784
1784.240967	95.397	64.6008
1797.170288	95.558	65.6312
1810.193359	95.732	66.5168
1823.310791	95.912	67.1909
1836.523193	96.094	67.7581
1849.831421	96.274	68.3195
1863.236084	96.448	68.8106
1876.737793	96.612	69.1568
1890.337524	96.768	69.4479
1904.035645	96.918	69.8326
1917.833008	97.065	70.3076
1931.730469	97.211	70.7491
1945.728638	97.358	71.1420
1959.828125	97.509	71.6216
1974.029907	97.668	72.2473
1988.334473	97.840	72.8930
2002.742798	98.028	73.4486
2017.255493	98.236	73.9634
2031.873291	98.461	74.5089
2046.597168	98.701	74.9950
2061.427734	98.952	75.2521
2076.365479	99.208	75.2638
2091.411865	99.458	75.1695
2106.566895	99.698	75.0428
2121.832031	99.929	74.7844
2137.207764	100.149	74.3549
2152.694824	100.355	73.8880
2168.294189	100.547	73.5063
2184.006592	100.730	73.1608
2199.832764	100.910	72.7238
2215.773682	101.084	72.2232
2231.830078	101.253	71.8056
2248.002686	101.418	71.4885
2264.292725	101.585	71.1073
2280.700684	101.755	70.6084
2297.227539	101.924	70.1122
2313.874268	102.084	69.6690
2330.641602	102.238	69.2126
2347.530273	102.395	68.7304
2364.541504	102.562	68.2742
2381.676025	102.731	67.8238
2398.934570	102.886	67.3088
2416.318359	103.024	66.7367
2433.827881	103.156	66.1653
2451.464355	103.292	65.5609
2469.228760	103.430	64.8661
2487.121826	103.561	64.1848
2505.144531	103.684	63.6289
2523.297852	103.807	63.1264
2541.582764	103.940	62.5453
2560.000000	104.078	61.9196
2578.550781	104.216	61.3871
2597.236084	104.357	60.9230
2616.056641	104.512	60.3599
2635.013672	104.681	59.6403
2654.108154	104.853	58.8616
2673.340820	105.018	58.0695
2692.713135	105.181	57.1652
2712.225586	105.348	56.0597
2731.879395	105.509	54.8214
2751.675781	105.649	53.5678
2771.615479	105.769	52.3011
2791.699707	105.882	50.9343
2811.929688	105.987	49.4716
2832.305908	106.071	48.0353
2852.830078	106.129	46.6580
2873.502930	106.173	45.2763
2894.325439	106.215	43.9388
2915.298828	106.261	42.7401
2936.424316	106.302	41.6106
2957.702881	106.324	40.4084
2979.135742	106.327	39.1517
3000.723633	106.323	37.9384
3022.468262	106.323	36.7191
3044.370117	106.328	35.4438
3066.430908	106.324	34.2105
3088.651611	106.302	33.0639
3111.033203	106.275	31.9228
3133.577148	106.257	30.7310
3156.284180	106.239	29.5452
3179.156006	106.205	28.4391
3202.193359	106.162	27.3794
3225.397949	106.125	26.3002
3248.770508	106.094	25.2083
3272.312500	106.051	24.1617
3296.024902	105.990	23.1736
3319.909180	105.926	22.1775
3343.966797	105.872	21.1478
3368.198486	105.814	20.1581
3392.605713	105.737	19.2484
3417.189941	105.652	18.3658
3441.952393	105.574	17.4633
3466.894287	105.499	16.5723
3492.016846	105.412	15.7426
3517.321289	105.310	14.9631
3542.809326	105.211	14.1966
3568.481934	105.123	13.4352
3594.340576	105.027	12.7070
3620.386719	104.912	12.0366
3646.621582	104.790	11.3920
3673.046387	104.675	10.8168
3699.662842	104.571	10.4512
3726.472168	104.469	10.2286
3753.475586	104.357	9.9095
3780.675049	104.228	9.4561
3808.071289	104.088	9.0167
3835.666016	103.954	8.6337
3863.460938	103.837	8.2900
3891.457275	103.719	7.9968
3919.656250	103.583	7.7493
3948.059814	103.440	7.5380
3976.668945	103.309	7.3768
4005.485596	103.184	7.2664
4034.510986	103.041	7.1884
4063.746582	102.878	7.1470
4093.194336	102.723	7.1542
4122.855469	102.587	7.2186
4152.730957	102.449	7.3207
4182.823730	102.292	7.4352
4213.133789	102.132	7.5686
4243.664062	101.991	7.7593
4274.415527	101.861	8.0242
4305.389648	101.720	8.3372
4336.588379	101.569	8.6702
4368.013184	101.432	9.0558
4399.665527	101.313	9.5222
4431.547363	101.191	10.0258
4463.660156	101.058	10.5330
4496.005371	100.930	11.0797
4528.585449	100.824	11.7021
4561.401367	100.725	12.3608
4594.455078	100.616	13.0093
4627.748535	100.503	13.6755
4661.283203	100.412	14.4357
4695.060547	100.341	15.2803
4729.083008	100.267	16.1077
4763.352051	100.181	16.9012
4797.869141	100.108	17.7626
4832.636719	100.065	18.7229
4867.655762	100.031	19.6990
4902.928711	99.985	20.6155
4938.457520	99.940	21.5056
4974.243652	99.924	22.4948
5010.289062	99.933	23.5713
5046.595703	99.940	24.6019
5083.165527	99.941	25.5655
5120.000000	99.965	26.5860
5157.101562	100.020	27.7046
5194.472168	100.083	28.8014
5232.113281	100.137	29.7806
5270.027344	100.201	30.7398
5308.216309	100.299	31.8032
5346.681641	100.420	32.9140
5385.426270	100.538	33.9084
5424.451172	100.656	34.7701
5463.758789	100.799	35.6526
5503.351562	100.974	36.7148
5543.230957	101.170	37.9330
5583.399414	101.380	39.0369
5623.859375	101.595	39.8107
5664.611816	101.810	40.3296
5705.660156	102.046	40.7619
5747.005859	102.321	41.2166
5788.650879	102.616	41.5999
5830.597656	102.905	41.6852
5872.848633	103.194	41.4901
5915.405762	103.510	41.2076
5958.271484	103.853	40.8589
6001.447266	104.193	40.2283
6044.936523	104.512	39.1732
6088.740234	104.828	37.8362
6132.861816	105.154	36.3686
6177.303223	105.466	34.6465
6222.066406	105.728	32.4583
6267.154297	105.939	29.8620
6312.568359	106.118	27.1437
6358.312012	106.257	24.3901
6404.386719	106.323	21.4429
6450.795898	106.306	18.2711
6497.541016	106.231	15.1476
6544.625000	106.120	12.3206
6592.049805	105.959	9.6993
6639.818359	105.727	7.1071
6687.933594	105.443	4.6676
6736.396973	105.141	2.6956
6785.211426	104.831	1.3556
6834.379883	104.511	0.5117
6883.904785	104.184	-0.1434
6933.788574	103.844	-0.8534
6984.033691	103.489	-1.6106
7034.642578	103.144	-2.1211
7085.618652	102.836	-2.1548
7136.963867	102.555	-1.9103
7188.681152	102.272	-1.7164
7240.773438	101.993	-1.5380
7293.243164	101.749	-1.0829
7346.092773	101.545	-0.3353
7399.325684	101.350	0.3464
7452.944336	101.149	0.8416
7506.951172	100.969	1.4585
7561.350098	100.832	2.4066
7616.142578	100.719	3.4294
7671.332031	100.606	4.2152
7726.921875	100.504	4.9020
7782.914551	100.442	5.8247
7839.312500	100.417	6.9228
7896.119629	100.401	7.8152
7953.337891	100.388	8.4119
8010.971191	100.407	9.0508
8069.021973	100.473	9.9033
8127.493164	100.561	10.6481
8186.388672	100.651	11.0071
8245.710938	100.763	11.2083
8305.461914	100.925	11.5809
8365.647461	101.123	11.9233
8426.267578	101.326	11.7665
8487.328125	101.533	11.0801
8548.831055	101.773	10.2516
8610.779297	102.047	9.3403
8673.176758	102.313	7.8854
8736.026367	102.545	5.6028
8799.331055	102.756	2.8268
8863.094727	102.951	-0.0912
8927.320312	103.094	-3.3552
8992.010742	103.140	-7.3358
9057.170898	103.082	-11.8333
9122.802734	102.939	-16.2444
9188.910156	102.714	-20.3414
9255.497070	102.379	-24.4440
9322.566406	101.923	-28.6400
9390.121094	101.387	-32.4147
9458.166016	100.810	-35.2881
9526.704102	100.196	-37.5156
9595.738281	99.533	-39.6097
9665.273438	98.832	-41.4821
9735.311523	98.141	-42.6407
9805.857422	97.477	-43.0653
9876.915039	96.816	-43.3542
9948.487305	96.145	-43.7432
10020.578125	95.495	-43.7424
10093.191406	94.892	-43.0360
10166.331055	94.318	-42.0641
10240.000000	93.745	-41.3154
10314.203125	93.181	-40.5608
10388.944336	92.654	-39.2999
10464.226562	92.161	-37.4806
10540.054688	91.690	-35.3870
10616.432617	91.240	-33.3331
10693.363281	90.796	-31.6735
10770.852539	90.347	-30.3782
10848.902344	89.922	-28.8635
10927.517578	89.540	-26.7814
11006.703125	89.179	-24.6444
11086.461914	88.809	-22.9620
11166.798828	88.444	-21.3959
11247.718750	88.118	-19.3182
11329.223633	87.826	-16.9199
11411.320312	87.532	-14.9041
11494.011719	87.230	-13.2999
11577.301758	86.955	-11.3882
11661.195312	86.720	-8.9191
11745.697266	86.498	-6.5509
11830.811523	86.264	-4.7479
11916.542969	86.039	-3.0109
12002.894531	85.854	-0.7055
12089.873047	85.697	1.8506
12177.480469	85.531	3.9043
12265.723633	85.361	5.5851
12354.606445	85.225	7.7189
12444.132812	85.129	10.3949
12534.308594	85.037	12.7879
12625.136719	84.931	14.5244
12716.624023	84.843	16.3130
12808.773438	84.798	18.8320
12901.591797	84.784	21.9103
12995.082031	84.790	25.0432
13089.250000	84.816	27.8416
13184.099609	84.852	29.9412
13279.636719	84.899	31.5093
13375.867188	84.987	33.3425
13472.793945	85.130	35.7351
13570.422852	85.299	37.9430
13668.759766	85.473	39.4077
13767.809570	85.681	40.7145
13867.577148	85.951	42.5716
13968.067383	86.269	44.5630
14069.285156	86.607	45.8304
14171.237305	86.979	46.5424
14273.927734	87.427	47.5953
14377.362305	87.961	48.9729
14481.546875	88.556	49.6525
14586.486328	89.219	49.2495
14692.185547	90.000	48.5139
14798.651367	90.924	47.8435
14905.888672	91.960	46.2116
15013.902344	93.066	42.3139
15122.700195	94.204	35.9519
15232.285156	95.279	27.4663
15342.664062	96.111	16.5563
15453.843750	96.501	2.8999
15565.829102	96.342	-12.2789
15678.625000	95.673	-26.2636
15792.239258	94.641	-37.0383
15906.675781	93.406	-44.9458
16021.942383	92.097	-51.4449
16138.043945	90.831	-56.7803
16254.986328	89.693	-60.2322
16372.777344	88.694	-62.1385
16491.421875	87.794	-63.8930
16610.923828	86.972	-65.9041
16731.294922	86.255	-67.2985
16852.535156	85.657	-67.7784
16974.656250	85.147	-68.3280
17097.662109	84.693	-69.7029
17221.558594	84.308	-71.2758
17346.353516	84.018	-72.1965
17472.052734	83.804	-73.0526
17598.662109	83.627	-74.9982
17726.189453	83.491	-77.8199
17854.640625	83.425	-80.3916
17984.021484	83.430	-82.6625
18114.341797	83.473	-85.7382
18245.605469	83.554	-90.1061
18377.820312	83.704	-94.9588
18510.994141	83.962	-99.5111
18645.132812	84.319	-104.5872
18780.242188	84.754	-111.5891
18916.332031	85.285	-120.5450
19053.408203	85.912	-130.5773
19191.476562	86.555	-142.2103
19330.546875	87.082	-157.1449
19470.623047	87.378	-175.6605
19611.714844	87.381	163.9977
19753.830078	87.089	143.5565
19896.974609	86.641	123.2137
