20.000000	107.976	62.0838
20.144928	108.005	61.6669
20.290907	108.033	61.2525
20.437943	108.062	60.8403
20.586044	108.090	60.4297
20.735220	108.118	60.0208
20.885475	108.146	59.6127
21.036821	108.174	59.2049
21.189262	108.202	58.7973
21.342808	108.229	58.3895
21.497467	108.256	57.9814
21.653246	108.282	57.5734
21.810154	108.308	57.1653
21.968201	108.334	56.7581
22.127390	108.359	56.3522
22.287735	108.383	55.9478
22.449242	108.407	55.5458
22.611917	108.430	55.1461
22.775772	108.453	54.7490
22.940815	108.476	54.3547
23.107054	108.498	53.9625
23.274498	108.520	53.5725
23.443153	108.542	53.1839
23.613033	108.564	52.7966
23.784142	108.586	52.4102
23.956491	108.608	52.0244
24.130091	108.629	51.6393
24.304947	108.650	51.2550
24.481071	108.670	50.8716
24.658470	108.691	50.4894
24.837156	108.710	50.1085
25.017136	108.730	49.7292
25.198421	108.749	49.3517
25.381020	108.768	48.9760
25.564941	108.786	48.6020
25.750195	108.804	48.2298
25.936790	108.822	47.8594
26.124741	108.840	47.4908
26.314051	108.857	47.1239
26.504732	108.875	46.7590
26.696796	108.892	46.3958
26.890253	108.909	46.0345
27.085112	108.926	45.6749
27.281382	108.943	45.3165
27.479073	108.959	44.9593
27.678198	108.976	44.6028
27.878765	108.992	44.2469
28.080786	109.008	43.8913
28.284271	109.024	43.5363
28.489231	109.040	43.1818
28.695675	109.055	42.8284
28.903616	109.070	42.4762
29.113064	109.085	42.1256
29.324028	109.099	41.7765
29.536524	109.113	41.4291
29.750557	109.126	41.0834
29.966141	109.140	40.7393
30.183289	109.153	40.3971
30.402010	109.166	40.0568
30.622314	109.178	39.7189
30.844217	109.190	39.3836
31.067726	109.203	39.0509
31.292856	109.215	38.7202
31.519617	109.228	38.3907
31.748020	109.241	38.0611
31.978081	109.254	37.7299
32.209808	109.268	37.3965
32.443211	109.281	37.0603
32.678310	109.293	36.7229
32.915108	109.304	36.3852
33.153625	109.314	36.0508
33.393871	109.324	35.7213
33.635857	109.333	35.3986
33.879597	109.343	35.0826
34.125103	109.352	34.7718
34.372387	109.363	34.4643
34.621464	109.374	34.1561
34.872345	109.385	33.8456
35.125042	109.396	33.5313
35.379574	109.407	33.2140
35.635948	109.418	32.8960
35.894180	109.427	32.5792
36.154285	109.436	32.2664
36.416275	109.445	31.9578
36.680161	109.454	31.6528
36.945961	109.463	31.3498
37.213688	109.473	31.0461
37.483353	109.482	30.7408
37.754974	109.491	30.4339
38.028561	109.500	30.1265
38.304131	109.508	29.8210
38.581699	109.516	29.5188
38.861279	109.523	29.2202
39.142883	109.531	28.9249
39.426529	109.539	28.6302
39.712231	109.547	28.3346
40.000000	109.555	28.0368
40.289856	109.563	27.7371
40.581814	109.571	27.4368
40.875885	109.578	27.1379
41.172089	109.584	26.8418
41.470440	109.591	26.5491
41.770950	109.597	26.2594
42.073643	109.603	25.9718
42.378525	109.609	25.6854
42.685616	109.615	25.3998
42.994934	109.621	25.1150
43.306492	109.627	24.8313
43.620308	109.633	24.5488
43.936401	109.638	24.2671
44.254780	109.644	23.9857
44.575470	109.649	23.7044
44.898483	109.654	23.4233
45.223835	109.658	23.1431
45.551544	109.663	22.8647
45.881630	109.667	22.5888
46.214108	109.671	22.3152
46.548996	109.676	22.0428
46.886307	109.680	21.7700
47.226067	109.685	21.4954
47.568283	109.689	21.2190
47.912983	109.693	20.9420
48.260181	109.696	20.6661
48.609894	109.699	20.3931
48.962143	109.702	20.1235
49.316940	109.705	19.8566
49.674313	109.707	19.5907
50.034271	109.708	19.3247
50.396843	109.708	19.0583
50.762039	109.706	18.7919
51.129883	109.704	18.5269
51.500389	109.701	18.2639
51.873581	109.698	18.0032
52.249481	109.695	17.7432
52.628101	109.692	17.4825
53.009464	109.689	17.2200
53.393593	109.685	16.9567
53.780506	109.681	16.6957
54.170223	109.676	16.4406
54.562763	109.671	16.1918
54.958145	109.666	15.9459
55.356396	109.663	15.6969
55.757530	109.659	15.4415
56.161572	109.654	15.1820
56.568542	109.649	14.9249
56.978462	109.643	14.6740
57.391350	109.639	14.4254
57.807232	109.634	14.1708
58.226128	109.629	13.9049
58.648056	109.623	13.6331
59.073048	109.614	13.3683
59.501114	109.605	13.1215
59.932281	109.596	12.8929
60.366577	109.589	12.6724
60.804020	109.585	12.4478
61.244629	109.581	12.2123
61.688435	109.576	11.9652
62.135452	109.570	11.7123
62.585712	109.563	11.4653
63.039234	109.555	11.2381
63.496040	109.550	11.0365
63.956161	109.549	10.8489
64.419617	109.551	10.6512
64.886421	109.554	10.4294
65.356621	109.555	10.1926
65.830215	109.554	9.9631
66.307251	109.552	9.7491
66.787743	109.553	9.5359
67.271713	109.553	9.3053
67.759193	109.552	9.0592
68.250206	109.548	8.8163
68.744774	109.543	8.5879
69.242928	109.539	8.3680
69.744690	109.535	8.1484
70.250084	109.532	7.9316
70.759148	109.530	7.7197
71.271896	109.530	7.4989
71.788361	109.529	7.2516
72.308571	109.526	6.9856
72.832550	109.519	6.7350
73.360321	109.512	6.5233
73.891922	109.508	6.3336
74.427376	109.508	6.1266
74.966705	109.508	5.8865
75.509949	109.505	5.6330
76.057121	109.500	5.3917
76.608261	109.494	5.1686
77.163399	109.488	4.9538
77.722557	109.484	4.7410
78.285767	109.479	4.5305
78.853058	109.476	4.3185
79.424461	109.472	4.0978
80.000000	109.467	3.8693
80.579712	109.459	3.6442
81.163628	109.451	3.4310
81.751770	109.444	3.2250
82.344177	109.437	3.0171
82.940880	109.431	2.8028
83.541901	109.424	2.5826
84.147285	109.417	2.3586
84.757050	109.409	2.1367
85.371231	109.400	1.9233
85.989868	109.392	1.7170
86.612984	109.384	1.5082
87.240616	109.377	1.2924
87.872803	109.368	1.0735
88.509560	109.359	0.8569
89.150940	109.350	0.6443
89.796967	109.341	0.4344
90.447670	109.332	0.2227
91.103088	109.322	0.0042
91.763260	109.312	-0.2157
92.428215	109.301	-0.4260
93.097992	109.291	-0.6265
93.772614	109.281	-0.8289
94.452133	109.272	-1.0415
95.136566	109.262	-1.2583
95.825966	109.251	-1.4696
96.520363	109.240	-1.6735
97.219788	109.230	-1.8757
97.924286	109.219	-2.0813
98.633881	109.209	-2.2894
99.348625	109.198	-2.4974
100.068542	109.186	-2.7059
100.793686	109.174	-2.9164
101.524078	109.161	-3.1311
102.259766	109.148	-3.3486
103.000778	109.134	-3.5626
103.747162	109.119	-3.7704
104.498962	109.105	-3.9764
105.256203	109.090	-4.1805
106.018929	109.075	-4.3745
106.787186	109.060	-4.5569
107.561012	109.048	-4.7390
108.340446	109.035	-4.9323
109.125526	109.022	-5.1368
109.916290	109.008	-5.3434
110.712791	108.992	-5.5409
111.515060	108.978	-5.7314
112.323143	108.965	-5.9310
113.137085	108.951	-6.1429
113.956924	108.937	-6.3518
114.782700	108.924	-6.5541
115.614464	108.912	-6.7618
116.452255	108.899	-6.9775
117.296112	108.885	-7.1918
118.146095	108.871	-7.3984
119.002228	108.856	-7.6043
119.864563	108.840	-7.8140
120.733154	108.823	-8.0146
121.608040	108.805	-8.2040
122.489258	108.788	-8.3990
123.376869	108.771	-8.6042
124.270905	108.754	-8.8104
125.171425	108.739	-9.0139
126.078468	108.726	-9.2159
126.992081	108.716	-9.4189
127.912323	108.706	-9.6260
128.839233	108.696	-9.8379
129.772842	108.686	-10.0452
130.713242	108.675	-10.2426
131.660431	108.665	-10.4407
132.614502	108.654	-10.6462
133.575485	108.643	-10.8538
134.543427	108.631	-11.0587
135.518387	108.619	-11.2582
136.500412	108.607	-11.4518
137.489548	108.596	-11.6455
138.485855	108.585	-11.8477
139.489380	108.572	-12.0535
140.500168	108.559	-12.2487
141.518295	108.546	-12.4365
142.543793	108.533	-12.6298
143.576721	108.520	-12.8291
144.617142	108.505	-13.0294
145.665100	108.490	-13.2220
146.720642	108.475	-13.4058
147.783844	108.460	-13.5916
148.854752	108.446	-13.7802
149.933411	108.431	-13.9712
151.019897	108.415	-14.1650
152.114243	108.399	-14.3553
153.216522	108.382	-14.5333
154.326797	108.366	-14.7028
155.445114	108.350	-14.8793
156.571533	108.335	-15.0588
157.706116	108.319	-15.2322
158.848923	108.304	-15.4041
160.000000	108.288	-15.5787
161.159424	108.270	-15.7593
162.327255	108.249	-15.9446
163.503540	108.227	-16.1250
164.688354	108.205	-16.2971
165.881760	108.183	-16.4722
167.083801	108.161	-16.6660
168.294571	108.137	-16.8679
169.514099	108.112	-17.0674
170.742462	108.086	-17.2634
171.979736	108.060	-17.4520
173.225967	108.034	-17.6393
174.481232	108.007	-17.8303
175.745605	107.978	-18.0182
177.019119	107.949	-18.1992
178.301880	107.920	-18.3751
179.593933	107.890	-18.5504
180.895340	107.861	-18.7361
182.206177	107.830	-18.9224
183.526520	107.798	-19.0918
184.856430	107.766	-19.2468
186.195984	107.735	-19.4020
187.545227	107.702	-19.5568
188.904266	107.669	-19.6992
190.273132	107.637	-19.8298
191.651932	107.605	-19.9471
193.040726	107.576	-20.0581
194.439575	107.549	-20.1654
195.848572	107.524	-20.2700
197.267761	107.501	-20.3783
198.697250	107.479	-20.4961
200.137085	107.459	-20.6199
201.587372	107.441	-20.7548
203.048157	107.424	-20.9110
204.519531	107.408	-21.0872
206.001556	107.390	-21.2755
207.494324	107.370	-21.4630
208.997925	107.349	-21.6398
210.512405	107.327	-21.8152
212.037857	107.305	-21.9988
213.574371	107.281	-22.1940
215.122025	107.257	-22.3953
216.680893	107.231	-22.5928
218.251053	107.205	-22.7795
219.832581	107.178	-22.9607
221.425583	107.151	-23.1426
223.030121	107.122	-23.3210
224.646286	107.093	-23.4961
226.274170	107.064	-23.6741
227.913849	107.035	-23.8571
229.565399	107.005	-24.0372
231.228928	106.976	-24.2095
232.904510	106.946	-24.3826
234.592224	106.916	-24.5432
236.292191	106.885	-24.7034
238.004456	106.854	-24.8708
239.729126	106.822	-25.0394
241.466309	106.790	-25.2020
243.216080	106.758	-25.3548
244.978516	106.727	-25.5036
246.753738	106.695	-25.6586
248.541809	106.662	-25.8162
250.342850	106.627	-25.9699
252.156937	106.591	-26.1210
253.984161	106.555	-26.2725
255.824646	106.517	-26.4227
257.678467	106.479	-26.5731
259.545685	106.440	-26.7210
261.426483	106.401	-26.8649
263.320862	106.362	-27.0043
265.229004	106.323	-27.1429
267.150970	106.284	-27.2906
269.086853	106.243	-27.4419
271.036774	106.201	-27.5813
273.000824	106.159	-27.7089
274.979095	106.118	-27.8419
276.971710	106.076	-27.9800
278.978760	106.034	-28.1230
281.000336	105.991	-28.2769
283.036591	105.947	-28.4209
285.087585	105.904	-28.5474
287.153442	105.861	-28.6667
289.234283	105.819	-28.7845
291.330200	105.776	-28.9047
293.441284	105.731	-29.0229
295.567688	105.686	-29.1395
297.709503	105.642	-29.2562
299.866821	105.597	-29.3734
302.039795	105.551	-29.4821
304.228485	105.504	-29.5817
306.433044	105.458	-29.6770
308.653595	105.413	-29.7743
310.890228	105.369	-29.8760
313.143066	105.326	-29.9750
315.412231	105.283	-30.0671
317.697845	105.242	-30.1549
320.000000	105.204	-30.2430
322.318848	105.166	-30.3314
324.654510	105.127	-30.4163
327.007080	105.089	-30.4971
329.376709	105.050	-30.5701
331.763519	105.013	-30.6427
334.167603	104.975	-30.7191
336.589142	104.935	-30.7997
339.028198	104.896	-30.8723
341.484924	104.856	-30.9315
343.959473	104.817	-30.9904
346.451935	104.777	-31.0642
348.962463	104.736	-31.1436
351.491211	104.697	-31.2108
354.038239	104.658	-31.2669
356.603760	104.619	-31.3312
359.187866	104.580	-31.4059
361.790680	104.540	-31.4670
364.412354	104.500	-31.5118
367.053040	104.460	-31.5636
369.712860	104.420	-31.6357
372.391968	104.380	-31.7073
375.090454	104.340	-31.7576
377.808533	104.300	-31.7981
380.546265	104.260	-31.8514
383.303864	104.219	-31.9141
386.081451	104.177	-31.9727
388.879150	104.135	-32.0197
391.697144	104.094	-32.0571
394.535522	104.053	-32.1025
397.394501	104.011	-32.1584
400.274170	103.968	-32.2094
403.174744	103.925	-32.2469
406.096313	103.881	-32.2789
409.039062	103.837	-32.3164
412.003113	103.793	-32.3578
414.988647	103.749	-32.3903
417.995850	103.704	-32.4174
421.024811	103.659	-32.4447
424.075714	103.615	-32.4691
427.148743	103.570	-32.4889
430.244049	103.524	-32.5103
433.361786	103.478	-32.5328
436.502106	103.432	-32.5413
439.665161	103.387	-32.5385
442.851166	103.340	-32.5371
446.060242	103.295	-32.5447
449.292572	103.250	-32.5521
452.548340	103.205	-32.5516
455.827698	103.158	-32.5516
459.130798	103.110	-32.5535
462.457855	103.062	-32.5341
465.809021	103.016	-32.4932
469.184448	102.970	-32.4578
472.584381	102.924	-32.4390
476.008911	102.878	-32.4191
479.458252	102.833	-32.3733
482.932617	102.788	-32.3220
486.432159	102.743	-32.2928
489.957031	102.698	-32.2751
493.507477	102.653	-32.2374
497.083618	102.607	-32.1790
500.685699	102.561	-32.1258
504.313873	102.516	-32.0902
507.968323	102.470	-32.0511
511.649292	102.423	-31.9924
515.356934	102.376	-31.9336
519.091370	102.331	-31.8979
522.852966	102.287	-31.8702
526.641724	102.243	-31.8204
530.458008	102.197	-31.7495
534.301941	102.152	-31.6782
538.173706	102.107	-31.6145
542.073547	102.061	-31.5559
546.001648	102.015	-31.4907
549.958191	101.968	-31.4221
553.943420	101.921	-31.3468
557.957520	101.876	-31.2515
562.000671	101.831	-31.1522
566.073181	101.786	-31.0813
570.175171	101.740	-31.0188
574.306885	101.691	-30.9254
578.468567	101.642	-30.8035
582.660400	101.594	-30.6909
586.882568	101.548	-30.5897
591.135376	101.501	-30.4668
595.419006	101.454	-30.3177
599.733643	101.408	-30.1708
604.079590	101.363	-30.0431
608.456970	101.319	-29.9167
612.866089	101.273	-29.7625
617.307190	101.226	-29.5851
621.780457	101.180	-29.4103
626.286133	101.135	-29.2507
630.824463	101.090	-29.0892
635.395691	101.044	-28.9186
640.000000	101.001	-28.7505
644.637695	100.961	-28.5916
649.309021	100.921	-28.4310
654.014160	100.880	-28.2490
658.753418	100.837	-28.0402
663.527039	100.794	-27.8259
668.335205	100.753	-27.6277
673.178284	100.713	-27.4424
678.056396	100.674	-27.2424
682.969849	100.633	-27.0177
687.918945	100.592	-26.7877
692.903870	100.553	-26.5612
697.924927	100.516	-26.3304
702.982422	100.478	-26.0964
708.076477	100.437	-25.8757
713.207520	100.394	-25.6494
718.375732	100.354	-25.3838
723.581360	100.316	-25.0891
728.824707	100.279	-24.8064
734.106079	100.241	-24.5449
739.425720	100.205	-24.2675
744.783936	100.170	-23.9553
750.180908	100.136	-23.6388
755.617065	100.101	-23.3470
761.092529	100.065	-23.0582
766.607727	100.030	-22.7300
772.162903	99.994	-22.3815
777.758301	99.958	-22.0693
783.394287	99.922	-21.7946
789.071045	99.888	-21.4966
794.789001	99.855	-21.1512
800.548340	99.822	-20.7980
806.349487	99.785	-20.4637
812.192627	99.746	-20.1303
818.078125	99.708	-19.7781
824.006226	99.672	-19.4095
829.977295	99.639	-19.0363
835.991699	99.603	-18.6731
842.049622	99.567	-18.3129
848.151428	99.533	-17.9321
854.297485	99.503	-17.5314
860.488098	99.472	-17.1404
866.723572	99.440	-16.7686
873.004211	99.410	-16.3861
879.330322	99.382	-15.9669
885.702332	99.356	-15.5408
892.120483	99.329	-15.1476
898.585144	99.303	-14.7658
905.096680	99.279	-14.3459
911.655396	99.256	-13.8939
918.261597	99.235	-13.4600
924.915710	99.213	-13.0633
931.618042	99.192	-12.6562
938.368896	99.173	-12.2023
945.168762	99.156	-11.7451
952.017822	99.139	-11.3328
958.916504	99.122	-10.9309
965.865234	99.107	-10.4800
972.864319	99.093	-9.9997
979.914062	99.080	-9.5606
987.014954	99.067	-9.1570
994.167236	99.051	-8.7214
1001.371399	99.031	-8.2375
1008.627747	99.005	-7.7683
1015.936646	98.976	-7.3425
1023.298584	98.945	-6.9086
1030.713867	98.914	-6.4138
1038.182739	98.883	-5.8871
1045.705933	98.856	-5.3873
1053.283447	98.832	-4.8966
1060.916016	98.812	-4.3525
1068.603882	98.794	-3.7551
1076.347412	98.784	-3.1631
1084.147095	98.784	-2.5944
1092.003296	98.793	-2.0345
1099.916382	98.807	-1.5024
1107.886841	98.823	-1.0370
1115.915039	98.842	-0.6262
1124.001343	98.867	-0.2365
1132.146362	98.894	0.1221
1140.350342	98.916	0.3956
1148.613770	98.931	0.5956
1156.937134	98.943	0.8012
1165.320801	98.951	1.0507
1173.765137	98.953	1.2912
1182.270752	98.947	1.4733
1190.838013	98.936	1.6304
1199.467285	98.927	1.8190
1208.159180	98.921	2.0238
1216.913940	98.915	2.2166
1225.732178	98.903	2.4155
1234.614380	98.889	2.6398
1243.560913	98.879	2.8591
1252.572266	98.877	3.0614
1261.648926	98.878	3.2725
1270.791382	98.878	3.5049
1280.000000	98.878	3.7438
1289.275391	98.884	3.9742
1298.618042	98.892	4.2010
1308.028320	98.895	4.4341
1317.506836	98.895	4.6774
1327.054077	98.896	4.9253
1336.670410	98.902	5.1765
1346.356567	98.907	5.4286
1356.112793	98.906	5.6532
1365.939697	98.905	5.8483
1375.837891	98.904	6.0875
1385.807739	98.904	6.4185
1395.849854	98.907	6.7693
1405.964844	98.913	7.0555
1416.152954	98.921	7.2997
1426.415039	98.927	7.6016
1436.751465	98.928	7.9718
1447.162720	98.928	8.3126
1457.649414	98.927	8.5682
1468.212158	98.926	8.7944
1478.851440	98.927	9.0646
1489.567871	98.932	9.3824
1500.361816	98.938	9.7004
1511.234131	98.939	9.9789
1522.185059	98.938	10.2363
1533.215454	98.941	10.5358
1544.325806	98.948	10.8798
1555.516602	98.953	11.1909
1566.788574	98.953	11.4475
1578.142090	98.955	11.7250
1589.578003	98.962	12.0724
1601.096680	98.969	12.4238
1612.698975	98.975	12.7163
1624.385254	98.980	12.9894
1636.156250	98.989	13.3286
1648.012451	99.000	13.7159
1659.954590	99.009	14.0543
1671.983398	99.014	14.3357
1684.099243	99.020	14.6595
1696.302856	99.030	15.0641
1708.594971	99.040	15.4727
1720.976196	99.047	15.8253
1733.447144	99.052	16.1584
1746.008423	99.057	16.5505
1758.660645	99.060	17.0339
1771.404663	99.065	17.5704
1784.240967	99.080	18.1010
1797.170288	99.103	18.6245
1810.193359	99.125	19.2018
1823.310791	99.141	19.8544
1836.523193	99.161	20.5333
1849.831421	99.194	21.1829
1863.236084	99.241	21.7760
1876.737793	99.301	22.3553
1890.337524	99.372	22.9761
1904.035645	99.455	23.5794
1917.833008	99.543	24.0225
1931.730469	99.633	24.2922
1945.728638	99.721	24.5214
1959.828125	99.803	24.7666
1974.029907	99.876	24.9346
1988.334473	99.940	24.9774
2002.742798	99.995	25.0231
2017.255493	100.044	25.1996
2031.873291	100.090	25.4498
2046.597168	100.137	25.6466
2061.427734	100.188	25.8113
2076.365479	100.244	26.0637
2091.411865	100.304	26.3947
2106.566895	100.370	26.6533
2121.832031	100.442	26.7621
2137.207764	100.516	26.8269
2152.694824	100.585	26.9443
2168.294189	100.649	27.0292
2184.006592	100.709	26.9734
2199.832764	100.762	26.8541
2215.773682	100.805	26.8322
2231.830078	100.839	26.9038
2248.002686	100.872	26.9269
2264.292725	100.905	26.8802
2280.700684	100.933	26.8964
2297.227539	100.957	27.0504
2313.874268	100.980	27.2303
2330.641602	101.012	27.3158
2347.530273	101.047	27.3804
2364.541504	101.081	27.5428
2381.676025	101.114	27.7576
2398.934570	101.151	27.8795
2416.318359	101.192	27.8908
2433.827881	101.229	27.9268
2451.464355	101.256	28.0564
2469.228760	101.282	28.1710
2487.121826	101.312	28.1976
2505.144531	101.341	28.2307
2523.297852	101.361	28.3806
2541.582764	101.379	28.5853
2560.000000	101.400	28.7150
2578.550781	101.426	28.8103
2597.236084	101.449	29.0140
2616.056641	101.469	29.3301
2635.013672	101.496	29.6267
2654.108154	101.535	29.8555
2673.340820	101.579	30.1136
2692.713135	101.621	30.4450
2712.225586	101.665	30.7555
2731.879395	101.725	31.0237
2751.675781	101.804	31.3251
2771.615479	101.891	31.6266
2791.699707	101.969	31.7987
2811.929688	102.031	31.8249
2832.305908	102.083	31.7950
2852.830078	102.137	31.7309
2873.502930	102.195	31.5773
2894.325439	102.245	31.4078
2915.298828	102.280	31.3172
2936.424316	102.308	31.2497
2957.702881	102.340	31.1188
2979.135742	102.375	30.9506
3000.723633	102.398	30.8456
3022.468262	102.408	30.8077
3044.370117	102.423	30.7480
3066.430908	102.447	30.6320
3088.651611	102.467	30.5359
3111.033203	102.473	30.5130
3133.577148	102.476	30.5044
3156.284180	102.491	30.4413
3179.156006	102.512	30.3770
3202.193359	102.525	30.3853
3225.397949	102.529	30.4417
3248.770508	102.541	30.4601
3272.312500	102.562	30.4318
3296.024902	102.578	30.4266
3319.909180	102.581	30.4552
3343.966797	102.579	30.4721
3368.198486	102.586	30.5401
3392.605713	102.606	30.7716
3417.189941	102.629	31.0781
3441.952393	102.643	31.2572
3466.894287	102.640	31.3083
3492.016846	102.630	31.3475
3517.321289	102.626	31.3770
3542.809326	102.633	31.3623
3568.481934	102.634	31.3463
3594.340576	102.618	31.3798
3620.386719	102.602	31.4428
3646.621582	102.600	31.4844
3673.046387	102.601	31.5187
3699.662842	102.584	31.5835
3726.472168	102.558	31.6674
3753.475586	102.544	31.7555
3780.675049	102.544	31.8713
3808.071289	102.537	32.0240
3835.666016	102.513	32.2010
3863.460938	102.493	32.3985
3891.457275	102.491	32.6110
3919.656250	102.492	32.8345
3948.059814	102.476	33.0730
3976.668945	102.451	33.3291
4005.485596	102.436	33.6073
4034.510986	102.428	33.9021
4063.746582	102.407	34.2051
4093.194336	102.368	34.5042
4122.855469	102.332	34.8127
4152.730957	102.312	35.2486
4182.823730	102.304	35.9017
4213.133789	102.297	36.5978
4243.664062	102.283	37.1234
4274.415527	102.257	37.5173
4305.389648	102.228	37.9248
4336.588379	102.215	38.3895
4368.013184	102.219	38.8909
4399.665527	102.217	39.3974
4431.547363	102.202	39.8933
4463.660156	102.194	40.4218
4496.005371	102.209	41.0089
4528.585449	102.228	41.6025
4561.401367	102.234	42.1520
4594.455078	102.236	42.6981
4627.748535	102.259	43.3080
4661.283203	102.299	43.9668
4695.060547	102.332	44.5941
4729.083008	102.353	45.1676
4763.352051	102.387	45.7762
4797.869141	102.445	46.4591
4832.636719	102.506	47.1234
4867.655762	102.554	47.7070
4902.928711	102.605	48.2836
4938.457520	102.681	48.9351
4974.243652	102.774	49.6152
5010.289062	102.858	50.2231
5046.595703	102.937	50.7678
5083.165527	103.038	51.3630
5120.000000	103.163	52.0365
5157.101562	103.288	52.6613
5194.472168	103.402	53.1638
5232.113281	103.526	53.6548
5270.027344	103.679	54.2359
5308.216309	103.846	54.8260
5346.681641	104.005	55.2891
5385.426270	104.162	55.6511
5424.451172	104.344	56.0679
5463.758789	104.553	56.5349
5503.351562	104.762	56.8814
5543.230957	104.963	57.0358
5583.399414	105.178	57.1352
5623.859375	105.425	57.2916
5664.611816	105.685	57.3871
5705.660156	105.937	57.2778
5747.005859	106.195	57.0203
5788.650879	106.483	56.7573
5830.597656	106.793	56.4304
5872.848633	107.095	55.8303
5915.405762	107.388	54.9332
5958.271484	107.699	53.9132
6001.447266	108.034	52.8462
6044.936523	108.363	51.5354
6088.740234	108.666	49.7842
6132.861816	108.954	47.7028
6177.303223	109.242	45.4945
6222.066406	109.514	43.0903
6267.154297	109.735	40.2852
6312.568359	109.894	37.1083
6358.312012	110.009	33.8309
6404.386719	110.086	30.7105
6450.795898	110.111	27.7675
6497.541016	110.079	24.7731
6544.625000	109.980	21.5390
6592.049805	109.804	18.1229
6639.818359	109.567	14.8033
6687.933594	109.305	11.9185
6736.396973	109.022	9.4724
6785.211426	108.695	7.2004
6834.379883	108.328	5.0431
6883.904785	107.957	3.2699
6933.788574	107.603	1.9946
6984.033691	107.247	0.9541
7034.642578	106.871	-0.0665
7085.618652	106.498	-0.9096
7136.963867	106.162	-1.3190
7188.681152	105.853	-1.4486
7240.773438	105.543	-1.6414
7293.243164	105.232	-1.8776
7346.092773	104.951	-1.8318
7399.325684	104.710	-1.4465
7452.944336	104.479	-1.0703
7506.951172	104.240	-0.8975
7561.350098	104.019	-0.6613
7616.142578	103.841	-0.0809
7671.332031	103.689	0.6302
7726.921875	103.535	1.1116
7782.914551	103.387	1.4611
7839.312500	103.279	2.0862
7896.119629	103.214	2.9600
7953.337891	103.159	3.6427
8010.971191	103.102	3.9812
8069.021973	103.070	4.3226
8127.493164	103.084	4.9969
8186.388672	103.132	5.9382
8245.710938	103.207	6.8607
8305.461914	103.306	7.4138
8365.647461	103.416	7.4202
8426.267578	103.547	7.0494
8487.328125	103.726	6.6561
8548.831055	103.949	6.2074
8610.779297	104.178	5.2090
8673.176758	104.396	3.4374
8736.026367	104.616	1.2317
8799.331055	104.841	-1.1222
8863.094727	105.033	-3.9341
8927.320312	105.145	-7.5954
8992.010742	105.175	-11.8847
9057.170898	105.139	-16.2264
9122.802734	105.021	-20.4973
9188.910156	104.787	-25.0125
9255.497070	104.425	-29.7618
9322.566406	103.973	-34.1611
9390.121094	103.462	-37.7979
9458.166016	102.887	-40.9534
9526.704102	102.236	-44.0052
9595.738281	101.537	-46.7181
9665.273438	100.835	-48.6095
9735.311523	100.141	-49.8063
9805.857422	99.433	-50.8726
9876.915039	98.710	-51.9169
9948.487305	98.002	-52.4340
10020.578125	97.332	-52.0980
10093.191406	96.693	-51.1033
10166.331055	96.076	-49.8913
10240.000000	95.474	-48.9165
10314.203125	94.872	-48.3666
10388.944336	94.283	-47.8467
10464.226562	93.736	-46.7750
10540.054688	93.229	-45.2590
10616.432617	92.729	-43.9390
10693.363281	92.221	-42.9529
10770.852539	91.735	-41.7098
10848.902344	91.290	-39.8786
10927.517578	90.867	-37.9844
11006.703125	90.434	-36.5309
11086.461914	90.010	-35.1405
11166.798828	89.628	-33.2160
11247.718750	89.279	-31.0009
11329.223633	88.929	-29.1845
11411.320312	88.574	-27.7461
11494.011719	88.247	-25.9921
11577.301758	87.962	-23.7089
11661.195312	87.689	-21.5486
11745.697266	87.406	-19.9100
11830.811523	87.135	-18.2577
11916.542969	86.906	-16.0334
12002.894531	86.702	-13.6166
12089.873047	86.492	-11.6769
12177.480469	86.281	-10.0744
12265.723633	86.101	-8.1053
12354.606445	85.958	-5.6855
12444.132812	85.820	-3.5177
12534.308594	85.673	-1.8965
12625.136719	85.545	-0.1594
12716.624023	85.462	2.1914
12808.773438	85.403	4.6133
12901.591797	85.340	6.4410
12995.082031	85.288	7.9967
13089.250000	85.281	10.0540
13184.099609	85.317	12.4805
13279.636719	85.362	14.4192
13375.867188	85.412	15.7540
13472.793945	85.500	17.3032
13570.422852	85.642	19.4221
13668.759766	85.811	21.3645
13767.809570	85.983	22.5118
13867.577148	86.186	23.4050
13968.067383	86.453	24.8704
14069.285156	86.772	26.5845
14171.237305	87.111	27.5988
14273.927734	87.479	27.9534
14377.362305	87.924	28.5885
14481.546875	88.461	29.6635
14586.486328	89.067	30.1851
14692.185547	89.740	29.5724
14798.651367	90.520	28.4319
14905.888672	91.437	27.2937
15013.902344	92.464	25.3157
15122.700195	93.558	21.1705
15232.285156	94.688	14.6140
15342.664062	95.777	6.1094
15453.843750	96.657	-4.4507
15565.829102	97.140	-17.2059
15678.625000	97.114	-31.2233
15792.239258	96.564	-45.0941
15906.675781	95.584	-57.6984
16021.942383	94.362	-67.9432
16138.043945	93.095	-75.1172
16254.986328	91.892	-79.9941
16372.777344	90.766	-84.1129
16491.421875	89.720	-87.9180
16610.923828	88.791	-90.6129
16731.294922	87.995	-92.0364
16852.535156	87.302	-93.3483
16974.656250	86.678	-95.3557
17097.662109	86.139	-97.4340
17221.558594	85.707	-98.8271
17346.353516	85.363	-100.1274
17472.052734	85.067	-102.4169
17598.662109	84.820	-105.4417
17726.189453	84.651	-108.0655
17854.640625	84.559	-110.3113
17984.021484	84.506	-113.4414
18114.341797	84.481	-117.8653
18245.605469	84.517	-122.4751
18377.820312	84.635	-126.5171
18510.994141	84.835	-130.4718
18645.132812	85.128	-135.0833
18780.242188	85.521	-141.1239
18916.332031	85.996	-149.4719
19053.408203	86.550	-160.0825
19191.476562	87.169	-172.0762
19330.546875	87.774	174.2663
19470.623047	88.232	157.5065
19611.714844	88.444	137.3162
19753.830078	88.401	115.3687
19896.974609	88.203	93.2403
