20.000000	102.837	62.4858
20.144928	102.876	61.9925
20.290907	102.914	61.4999
20.437943	102.952	61.0079
20.586044	102.990	60.5166
20.735220	103.027	60.0258
20.885475	103.064	59.5356
21.036821	103.101	59.0457
21.189262	103.138	58.5564
21.342808	103.174	58.0677
21.497467	103.211	57.5794
21.653246	103.246	57.0918
21.810154	103.282	56.6049
21.968201	103.317	56.1186
22.127390	103.353	55.6330
22.287735	103.388	55.1480
22.449242	103.422	54.6635
22.611917	103.457	54.1793
22.775772	103.492	53.6951
22.940815	103.526	53.2108
23.107054	103.560	52.7261
23.274498	103.594	52.2408
23.443153	103.628	51.7549
23.613033	103.662	51.2680
23.784142	103.695	50.7805
23.956491	103.728	50.2926
24.130091	103.761	49.8042
24.304947	103.794	49.3158
24.481071	103.826	48.8273
24.658470	103.858	48.3391
24.837156	103.890	47.8510
25.017136	103.921	47.3631
25.198421	103.953	46.8751
25.381020	103.984	46.3864
25.564941	104.015	45.8971
25.750195	104.046	45.4064
25.936790	104.076	44.9143
26.124741	104.107	44.4206
26.314051	104.137	43.9252
26.504732	104.167	43.4286
26.696796	104.197	42.9308
26.890253	104.226	42.4326
27.085112	104.255	41.9339
27.281382	104.284	41.4353
27.479073	104.312	40.9364
27.678198	104.340	40.4372
27.878765	104.368	39.9370
28.080786	104.397	39.4357
28.284271	104.425	38.9325
28.489231	104.452	38.4272
28.695675	104.480	37.9197
28.903616	104.507	37.4103
29.113064	104.533	36.8994
29.324028	104.559	36.3876
29.536524	104.585	35.8754
29.750557	104.610	35.3633
29.966141	104.635	34.8514
30.183289	104.660	34.3392
30.402010	104.685	33.8263
30.622314	104.710	33.3116
30.844217	104.734	32.7946
31.067726	104.759	32.2744
31.292856	104.783	31.7506
31.519617	104.808	31.2233
31.748020	104.832	30.6929
31.978081	104.855	30.1599
32.209808	104.878	29.6247
32.443211	104.901	29.0879
32.678310	104.923	28.5494
32.915108	104.945	28.0094
33.153625	104.966	27.4673
33.393871	104.987	26.9231
33.635857	105.007	26.3765
33.879597	105.027	25.8278
34.125103	105.046	25.2774
34.372387	105.065	24.7256
34.621464	105.083	24.1733
34.872345	105.101	23.6204
35.125042	105.118	23.0668
35.379574	105.136	22.5118
35.635948	105.153	21.9546
35.894180	105.169	21.3940
36.154285	105.186	20.8293
36.416275	105.202	20.2600
36.680161	105.217	19.6866
36.945961	105.232	19.1098
37.213688	105.245	18.5311
37.483353	105.258	17.9514
37.754974	105.270	17.3712
38.028561	105.281	16.7910
38.304131	105.292	16.2098
38.581699	105.302	15.6263
38.861279	105.312	15.0396
39.142883	105.322	14.4484
39.426529	105.330	13.8531
39.712231	105.337	13.2549
40.000000	105.344	12.6554
40.289856	105.349	12.0565
40.581814	105.354	11.4599
40.875885	105.358	10.8651
41.172089	105.362	10.2701
41.470440	105.366	9.6723
41.770950	105.369	9.0687
42.073643	105.371	8.4579
42.378525	105.372	7.8409
42.685616	105.371	7.2216
42.994934	105.368	6.6042
43.306492	105.364	5.9921
43.620308	105.359	5.3861
43.936401	105.354	4.7836
44.254780	105.350	4.1787
44.575470	105.345	3.5668
44.898483	105.339	2.9462
45.223835	105.331	2.3187
45.551544	105.322	1.6890
45.881630	105.310	1.0620
46.214108	105.297	0.4406
46.548996	105.284	-0.1757
46.886307	105.270	-0.7894
47.226067	105.255	-1.4033
47.568283	105.239	-2.0183
47.912983	105.223	-2.6342
48.260181	105.206	-3.2505
48.609894	105.188	-3.8680
48.962143	105.169	-4.4879
49.316940	105.148	-5.1100
49.674313	105.125	-5.7314
50.034271	105.098	-6.3474
50.396843	105.069	-6.9542
50.762039	105.039	-7.5513
51.129883	105.007	-8.1418
51.500389	104.976	-8.7303
51.873581	104.944	-9.3195
52.249481	104.912	-9.9102
52.628101	104.879	-10.5030
53.009464	104.844	-11.0996
53.393593	104.808	-11.7013
53.780506	104.770	-12.3047
54.170223	104.728	-12.9006
54.562763	104.684	-13.4777
54.958145	104.640	-14.0310
55.356396	104.596	-14.5686
55.757530	104.555	-15.1075
56.161572	104.514	-15.6634
56.568542	104.471	-16.2385
56.978462	104.425	-16.8209
57.391350	104.375	-17.3940
57.807232	104.323	-17.9495
58.226128	104.270	-18.4907
58.648056	104.217	-19.0260
59.073048	104.164	-19.5598
59.501114	104.109	-20.0901
59.932281	104.054	-20.6135
60.366577	103.999	-21.1312
60.804020	103.944	-21.6481
61.244629	103.888	-22.1666
61.688435	103.831	-22.6831
62.135452	103.773	-23.1915
62.585712	103.715	-23.6905
63.039234	103.658	-24.1849
63.496040	103.602	-24.6785
63.956161	103.546	-25.1661
64.419617	103.489	-25.6375
64.886421	103.432	-26.0908
65.356621	103.378	-26.5382
65.830215	103.324	-26.9980
66.307251	103.268	-27.4723
66.787743	103.209	-27.9416
67.271713	103.147	-28.3839
67.759193	103.086	-28.8000
68.250206	103.028	-29.2131
68.744774	102.970	-29.6415
69.242928	102.910	-30.0767
69.744690	102.848	-30.4964
70.250084	102.786	-30.8937
70.759148	102.726	-31.2853
71.271896	102.667	-31.6885
71.788361	102.606	-32.1016
72.308571	102.543	-32.5096
72.832550	102.478	-32.9019
73.360321	102.412	-33.2765
73.891922	102.345	-33.6331
74.427376	102.280	-33.9740
74.966705	102.216	-34.3086
75.509949	102.152	-34.6497
76.057121	102.088	-34.9979
76.608261	102.022	-35.3420
77.163399	101.955	-35.6740
77.722557	101.888	-35.9977
78.285767	101.822	-36.3209
78.853058	101.754	-36.6454
79.424461	101.686	-36.9669
80.000000	101.616	-37.2812
80.579712	101.545	-37.5873
81.163628	101.474	-37.8858
81.751770	101.403	-38.1787
82.344177	101.332	-38.4690
82.940880	101.261	-38.7595
83.541901	101.190	-39.0513
84.147285	101.119	-39.3425
84.757050	101.047	-39.6272
85.371231	100.974	-39.8977
85.989868	100.904	-40.1546
86.612984	100.834	-40.4120
87.240616	100.765	-40.6779
87.872803	100.694	-40.9360
88.509560	100.623	-41.1650
89.150940	100.554	-41.3799
89.796967	100.486	-41.6118
90.447670	100.415	-41.8553
91.103088	100.341	-42.0706
91.763260	100.267	-42.2551
92.428215	100.195	-42.4476
93.097992	100.121	-42.6612
93.772614	100.045	-42.8615
94.452133	99.969	-43.0304
95.136566	99.897	-43.2029
95.825966	99.826	-43.4133
96.520363	99.753	-43.6427
97.219788	99.679	-43.8439
97.924286	99.606	-44.0051
98.633881	99.538	-44.1593
99.348625	99.472	-44.3334
100.068542	99.406	-44.5181
100.793686	99.338	-44.6935
101.524078	99.269	-44.8567
102.259766	99.199	-45.0139
103.000778	99.128	-45.1713
103.747162	99.057	-45.3342
104.498962	98.984	-45.4994
105.256203	98.911	-45.6550
106.018929	98.838	-45.8036
106.787186	98.767	-45.9602
107.561012	98.696	-46.1206
108.340446	98.625	-46.2697
109.125526	98.555	-46.4132
109.916290	98.485	-46.5576
110.712791	98.415	-46.6868
111.515060	98.346	-46.8079
112.323143	98.276	-46.9495
113.137085	98.203	-47.0919
113.956924	98.128	-47.2053
114.782700	98.053	-47.3116
115.614464	97.979	-47.4267
116.452255	97.904	-47.5419
117.296112	97.830	-47.6621
118.146095	97.756	-47.7805
119.002228	97.683	-47.8938
119.864563	97.610	-48.0149
120.733154	97.536	-48.1261
121.608040	97.463	-48.2146
122.489258	97.392	-48.2993
123.376869	97.322	-48.3820
124.270905	97.253	-48.4680
125.171425	97.185	-48.5753
126.078468	97.117	-48.6818
126.992081	97.048	-48.7594
127.912323	96.980	-48.8295
128.839233	96.913	-48.9086
129.772842	96.847	-48.9854
130.713242	96.781	-49.0701
131.660431	96.715	-49.1565
132.614502	96.651	-49.2189
133.575485	96.589	-49.2734
134.543427	96.529	-49.3468
135.518387	96.466	-49.4505
136.500412	96.398	-49.5397
137.489548	96.328	-49.5673
138.485855	96.259	-49.5876
139.489380	96.190	-49.6348
140.500168	96.120	-49.6925
141.518295	96.049	-49.7471
142.543793	95.980	-49.7892
143.576721	95.912	-49.8516
144.617142	95.844	-49.9274
145.665100	95.776	-49.9928
146.720642	95.706	-50.0476
147.783844	95.636	-50.0620
148.854752	95.568	-50.0580
149.933411	95.501	-50.0680
151.019897	95.434	-50.0813
152.114243	95.365	-50.1072
153.216522	95.295	-50.1385
154.326797	95.223	-50.1541
155.445114	95.152	-50.1625
156.571533	95.081	-50.1704
157.706116	95.010	-50.1737
158.848923	94.938	-50.1724
160.000000	94.864	-50.1599
161.159424	94.787	-50.1438
162.327255	94.708	-50.1246
163.503540	94.628	-50.0938
164.688354	94.549	-50.0664
165.881760	94.470	-50.0542
167.083801	94.389	-50.0420
168.294571	94.308	-50.0242
169.514099	94.226	-49.9969
170.742462	94.143	-49.9488
171.979736	94.061	-49.8866
173.225967	93.980	-49.8342
174.481232	93.899	-49.7856
175.745605	93.817	-49.7339
177.019119	93.735	-49.6845
178.301880	93.652	-49.6197
179.593933	93.568	-49.5433
180.895340	93.484	-49.4652
182.206177	93.398	-49.3909
183.526520	93.309	-49.3184
184.856430	93.220	-49.2186
186.195984	93.133	-49.0950
187.545227	93.047	-48.9828
188.904266	92.962	-48.8746
190.273132	92.876	-48.7396
191.651932	92.791	-48.5745
193.040726	92.708	-48.3959
194.439575	92.626	-48.2100
195.848572	92.545	-48.0328
197.267761	92.464	-47.8719
198.697250	92.382	-47.7169
200.137085	92.301	-47.5483
201.587372	92.223	-47.3788
203.048157	92.145	-47.1974
204.519531	92.068	-46.9906
206.001556	91.992	-46.7943
207.494324	91.915	-46.6196
208.997925	91.837	-46.4438
210.512405	91.758	-46.2479
212.037857	91.682	-46.0161
213.574371	91.607	-45.7937
215.122025	91.532	-45.5859
216.680893	91.455	-45.3815
218.251053	91.377	-45.1593
219.832581	91.300	-44.8993
221.425583	91.224	-44.6478
223.030121	91.147	-44.4030
224.646286	91.069	-44.1575
226.274170	90.989	-43.9122
227.913849	90.910	-43.6435
229.565399	90.831	-43.3761
231.228928	90.746	-43.1014
232.904510	90.656	-42.7714
234.592224	90.570	-42.3539
236.292191	90.497	-41.9670
238.004456	90.431	-41.7728
239.729126	90.363	-41.5613
241.466309	90.293	-41.2866
243.216080	90.219	-40.9707
244.978516	90.142	-40.5801
246.753738	90.067	-40.1705
248.541809	89.993	-39.7932
250.342850	89.919	-39.4381
252.156937	89.841	-39.0627
253.984161	89.764	-38.6616
255.824646	89.689	-38.2725
257.678467	89.615	-37.8967
259.545685	89.542	-37.4797
261.426483	89.471	-37.0328
263.320862	89.403	-36.5505
265.229004	89.336	-36.0837
267.150970	89.267	-35.6500
269.086853	89.195	-35.1839
271.036774	89.125	-34.7100
273.000824	89.056	-34.2650
274.979095	88.988	-33.7969
276.971710	88.923	-33.3078
278.978760	88.861	-32.8009
281.000336	88.803	-32.2998
283.036591	88.750	-31.8384
285.087585	88.697	-31.3905
287.153442	88.644	-30.8770
289.234283	88.591	-30.3174
291.330200	88.538	-29.7797
293.441284	88.484	-29.2618
295.567688	88.429	-28.7424
297.709503	88.377	-28.2385
299.866821	88.327	-27.7303
302.039795	88.282	-27.2239
304.228485	88.238	-26.7268
306.433044	88.194	-26.2191
308.653595	88.151	-25.6992
310.890228	88.110	-25.1668
313.143066	88.072	-24.6273
315.412231	88.039	-24.0914
317.697845	88.009	-23.5583
320.000000	87.982	-22.9989
322.318848	87.956	-22.4167
324.654510	87.933	-21.8464
327.007080	87.913	-21.3141
329.376709	87.897	-20.7932
331.763519	87.881	-20.2542
334.167603	87.865	-19.6991
336.589142	87.848	-19.1540
339.028198	87.834	-18.6426
341.484924	87.822	-18.1545
343.959473	87.813	-17.6498
346.451935	87.804	-17.1422
348.962463	87.795	-16.6400
351.491211	87.788	-16.1406
354.038239	87.781	-15.6547
356.603760	87.774	-15.1855
359.187866	87.769	-14.7229
361.790680	87.766	-14.2394
364.412354	87.765	-13.7570
367.053040	87.763	-13.3041
369.712860	87.761	-12.8618
372.391968	87.761	-12.4380
375.090454	87.762	-12.0172
377.808533	87.763	-11.5923
380.546265	87.763	-11.1857
383.303864	87.761	-10.7790
386.081451	87.763	-10.3502
388.879150	87.767	-9.9414
391.697144	87.772	-9.5518
394.535522	87.773	-9.1843
397.394501	87.773	-8.8271
400.274170	87.777	-8.4788
403.174744	87.781	-8.1216
406.096313	87.784	-7.7625
409.039062	87.784	-7.4104
412.003113	87.782	-7.0755
414.988647	87.779	-6.7501
417.995850	87.776	-6.4233
421.024811	87.771	-6.1186
424.075714	87.765	-5.8288
427.148743	87.759	-5.5221
430.244049	87.754	-5.2078
433.361786	87.749	-4.9178
436.502106	87.744	-4.6440
439.665161	87.736	-4.3649
442.851166	87.724	-4.0679
446.060242	87.708	-3.7518
449.292572	87.694	-3.4478
452.548340	87.681	-3.1825
455.827698	87.665	-2.9290
459.130798	87.646	-2.6453
462.457855	87.627	-2.3402
465.809021	87.607	-2.0156
469.184448	87.586	-1.6696
472.584381	87.563	-1.3668
476.008911	87.537	-1.0981
479.458252	87.513	-0.7892
482.932617	87.489	-0.4738
486.432159	87.461	-0.1571
489.957031	87.432	0.1792
493.507477	87.402	0.5335
497.083618	87.370	0.8767
500.685699	87.336	1.2131
504.313873	87.300	1.5792
507.968323	87.265	1.9747
511.649292	87.231	2.3749
515.356934	87.194	2.7684
519.091370	87.154	3.1836
522.852966	87.113	3.6383
526.641724	87.071	4.1058
530.458008	87.030	4.5803
534.301941	86.988	5.0771
538.173706	86.946	5.6084
542.073547	86.903	6.1722
546.001648	86.859	6.7628
549.958191	86.816	7.3737
553.943420	86.772	8.0085
557.957520	86.730	8.6823
562.000671	86.689	9.3818
566.073181	86.651	10.1016
570.175171	86.615	10.8760
574.306885	86.581	11.6896
578.468567	86.551	12.4937
582.660400	86.523	13.3005
586.882568	86.497	14.1500
591.135376	86.474	15.0723
595.419006	86.457	16.0348
599.733643	86.449	16.9828
604.079590	86.448	17.9486
608.456970	86.452	18.9485
612.866089	86.462	19.9678
617.307190	86.481	20.9768
621.780457	86.508	21.9626
626.286133	86.539	22.9722
630.824463	86.576	23.9986
635.395691	86.621	25.0069
640.000000	86.675	25.9829
644.637695	86.735	26.9440
649.309021	86.797	27.8963
654.014160	86.863	28.8247
658.753418	86.939	29.7296
663.527039	87.021	30.6017
668.335205	87.107	31.4448
673.178284	87.194	32.2538
678.056396	87.286	33.0531
682.969849	87.380	33.8265
687.918945	87.478	34.5453
692.903870	87.576	35.2199
697.924927	87.674	35.8821
702.982422	87.773	36.5351
708.076477	87.875	37.1274
713.207520	87.978	37.6795
718.375732	88.079	38.2386
723.581360	88.180	38.7768
728.824707	88.282	39.2787
734.106079	88.385	39.7310
739.425720	88.486	40.1606
744.783936	88.583	40.5949
750.180908	88.680	41.0208
755.617065	88.777	41.4140
761.092529	88.874	41.7745
766.607727	88.967	42.1269
772.162903	89.059	42.4777
777.758301	89.151	42.8129
783.394287	89.242	43.1348
789.071045	89.330	43.4402
794.789001	89.414	43.7314
800.548340	89.496	44.0170
806.349487	89.577	44.3028
812.192627	89.654	44.5825
818.078125	89.727	44.8471
824.006226	89.797	45.1194
829.977295	89.868	45.3978
835.991699	89.940	45.6627
842.049622	90.008	45.9051
848.151428	90.074	46.1416
854.297485	90.140	46.3902
860.488098	90.207	46.6539
866.723572	90.271	46.9220
873.004211	90.335	47.1650
879.330322	90.399	47.3779
885.702332	90.460	47.5968
892.120483	90.519	47.8571
898.585144	90.576	48.1427
905.096680	90.637	48.4120
911.655396	90.701	48.6587
918.261597	90.763	48.9133
924.915710	90.822	49.1918
931.618042	90.882	49.4664
938.368896	90.944	49.7321
945.168762	91.003	49.9974
952.017822	91.059	50.2641
958.916504	91.113	50.5285
965.865234	91.169	50.7695
972.864319	91.229	50.9875
979.914062	91.288	51.2102
987.014954	91.343	51.4618
994.167236	91.395	51.7322
1001.371399	91.442	51.9766
1008.627747	91.482	52.1786
1015.936646	91.517	52.3885
1023.298584	91.550	52.6514
1030.713867	91.583	52.9117
1038.182739	91.616	53.1155
1045.705933	91.650	53.3125
1053.283447	91.681	53.5555
1060.916016	91.711	53.8163
1068.603882	91.741	54.0511
1076.347412	91.773	54.2663
1084.147095	91.804	54.4947
1092.003296	91.831	54.7301
1099.916382	91.854	54.9633
1107.886841	91.879	55.2283
1115.915039	91.910	55.5439
1124.001343	91.945	55.8689
1132.146362	91.981	56.1545
1140.350342	92.017	56.4131
1148.613770	92.056	56.7014
1156.937134	92.098	57.0087
1165.320801	92.137	57.2698
1173.765137	92.171	57.4576
1182.270752	92.202	57.6142
1190.838013	92.235	57.7793
1199.467285	92.269	57.9418
1208.159180	92.299	58.0872
1216.913940	92.321	58.2453
1225.732178	92.339	58.4250
1234.614380	92.360	58.5972
1243.560913	92.384	58.7694
1252.572266	92.409	58.9646
1261.648926	92.433	59.1829
1270.791382	92.462	59.4143
1280.000000	92.495	59.6489
1289.275391	92.529	59.8918
1298.618042	92.556	60.1526
1308.028320	92.581	60.4344
1317.506836	92.610	60.7357
1327.054077	92.642	61.0510
1336.670410	92.671	61.3748
1346.356567	92.696	61.7130
1356.112793	92.726	62.0838
1365.939697	92.762	62.4792
1375.837891	92.800	62.8755
1385.807739	92.834	63.2589
1395.849854	92.870	63.6405
1405.964844	92.913	64.0457
1416.152954	92.958	64.4558
1426.415039	92.998	64.8285
1436.751465	93.032	65.1816
1447.162720	93.069	65.5634
1457.649414	93.109	65.9903
1468.212158	93.147	66.4221
1478.851440	93.182	66.8273
1489.567871	93.216	67.2506
1500.361816	93.256	67.7480
1511.234131	93.298	68.2830
1522.185059	93.337	68.7912
1533.215454	93.375	69.2831
1544.325806	93.418	69.8284
1555.516602	93.467	70.4324
1566.788574	93.516	71.0201
1578.142090	93.563	71.5693
1589.578003	93.614	72.1490
1601.096680	93.673	72.8108
1612.698975	93.739	73.4949
1624.385254	93.806	74.1217
1636.156250	93.874	74.7313
1648.012451	93.948	75.4090
1659.954590	94.027	76.1341
1671.983398	94.108	76.8270
1684.099243	94.191	77.4627
1696.302856	94.278	78.0937
1708.594971	94.367	78.7988
1720.976196	94.459	79.5871
1733.447144	94.559	80.3838
1746.008423	94.672	81.1336
1758.660645	94.790	81.8607
1771.404663	94.905	82.6127
1784.240967	95.016	83.3929
1797.170288	95.132	84.1437
1810.193359	95.255	84.8178
1823.310791	95.384	85.4381
1836.523193	95.516	86.0957
1849.831421	95.654	86.8476
1863.236084	95.798	87.5985
1876.737793	95.946	88.2483
1890.337524	96.098	88.8646
1904.035645	96.254	89.5567
1917.833008	96.416	90.2933
1931.730469	96.584	90.9542
1945.728638	96.760	91.5316
1959.828125	96.946	92.1613
1974.029907	97.148	92.8855
1988.334473	97.368	93.5518
2002.742798	97.603	94.0437
2017.255493	97.851	94.4240
2031.873291	98.108	94.7815
2046.597168	98.369	95.0249
2061.427734	98.627	95.0274
2076.365479	98.880	94.8544
2091.411865	99.121	94.6532
2106.566895	99.347	94.4649
2121.832031	99.563	94.2523
2137.207764	99.781	94.0221
2152.694824	100.003	93.8025
2168.294189	100.221	93.5654
2184.006592	100.423	93.2797
2199.832764	100.613	92.9633
2215.773682	100.805	92.6224
2231.830078	101.001	92.2015
2248.002686	101.198	91.6964
2264.292725	101.388	91.2122
2280.700684	101.572	90.7893
2297.227539	101.754	90.3153
2313.874268	101.935	89.7151
2330.641602	102.113	89.0883
2347.530273	102.283	88.5507
2364.541504	102.449	88.0448
2381.676025	102.617	87.4398
2398.934570	102.783	86.7616
2416.318359	102.942	86.1481
2433.827881	103.096	85.6166
2451.464355	103.255	85.0263
2469.228760	103.420	84.3159
2487.121826	103.582	83.6096
2505.144531	103.739	82.9831
2523.297852	103.895	82.3293
2541.582764	104.057	81.5289
2560.000000	104.217	80.6494
2578.550781	104.365	79.8326
2597.236084	104.505	79.0667
2616.056641	104.646	78.2259
2635.013672	104.790	77.2861
2654.108154	104.928	76.3739
2673.340820	105.058	75.5483
2692.713135	105.192	74.7031
2712.225586	105.336	73.7213
2731.879395	105.480	72.6590
2751.675781	105.610	71.6080
2771.615479	105.728	70.5345
2791.699707	105.845	69.3369
2811.929688	105.960	68.0282
2832.305908	106.060	66.7513
2852.830078	106.142	65.5416
2873.502930	106.217	64.2907
2894.325439	106.293	62.9499
2915.298828	106.358	61.6201
2936.424316	106.405	60.3782
2957.702881	106.443	59.1609
2979.135742	106.484	57.8839
3000.723633	106.524	56.5890
3022.468262	106.551	55.3527
3044.370117	106.563	54.1548
3066.430908	106.573	52.9160
3088.651611	106.588	51.6262
3111.033203	106.594	50.3641
3133.577148	106.582	49.1728
3156.284180	106.564	47.9985
3179.156006	106.552	46.7789
3202.193359	106.539	45.5534
3225.397949	106.508	44.3974
3248.770508	106.461	43.2779
3272.312500	106.410	42.1752
3296.024902	106.367	41.2125
3319.909180	106.326	40.3931
3343.966797	106.275	39.6362
3368.198486	106.214	38.8966
3392.605713	106.150	38.1084
3417.189941	106.079	37.2190
3441.952393	105.997	36.3110
3466.894287	105.911	35.5028
3492.016846	105.831	34.7347
3517.321289	105.758	33.9583
3542.809326	105.677	33.2448
3568.481934	105.579	32.5931
3594.340576	105.482	31.9668
3620.386719	105.398	31.3443
3646.621582	105.314	30.7460
3673.046387	105.211	30.1999
3699.662842	105.100	29.7021
3726.472168	105.002	29.2329
3753.475586	104.914	28.7946
3780.675049	104.815	28.4077
3808.071289	104.698	28.0670
3835.666016	104.586	27.7460
3863.460938	104.490	27.4576
3891.457275	104.394	27.2335
3919.656250	104.282	27.0483
3948.059814	104.160	26.8595
3976.668945	104.046	26.7507
4005.485596	103.941	26.8672
4034.510986	103.837	27.1406
4063.746582	103.725	27.3370
4093.194336	103.598	27.4003
4122.855469	103.460	27.4420
4152.730957	103.332	27.5332
4182.823730	103.222	27.6902
4213.133789	103.115	27.8914
4243.664062	102.992	28.1059
4274.415527	102.867	28.3668
4305.389648	102.761	28.7035
4336.588379	102.669	29.0907
4368.013184	102.567	29.4872
4399.665527	102.452	29.8870
4431.547363	102.350	30.3329
4463.660156	102.272	30.8705
4496.005371	102.194	31.4369
4528.585449	102.103	31.9999
4561.401367	102.015	32.6026
4594.455078	101.952	33.2853
4627.748535	101.901	34.0146
4661.283203	101.840	34.7277
4695.060547	101.774	35.4123
4729.083008	101.728	36.1550
4763.352051	101.706	36.9783
4797.869141	101.683	37.7805
4832.636719	101.649	38.5354
4867.655762	101.628	39.3527
4902.928711	101.639	40.2979
4938.457520	101.663	41.2699
4974.243652	101.678	42.1557
5010.289062	101.693	42.9832
5046.595703	101.738	43.8787
5083.165527	101.811	44.8622
5120.000000	101.886	45.8065
5157.101562	101.955	46.6681
5194.472168	102.045	47.5549
5232.113281	102.168	48.5206
5270.027344	102.304	49.4533
5308.216309	102.433	50.2342
5346.681641	102.571	50.9513
5385.426270	102.745	51.7418
5424.451172	102.947	52.5346
5463.758789	103.148	53.1745
5503.351562	103.349	53.6302
5543.230957	103.577	54.0434
5583.399414	103.840	54.4784
5623.859375	104.113	54.7602
5664.611816	104.379	54.7599
5705.660156	104.658	54.5896
5747.005859	104.972	54.4031
5788.650879	105.304	54.0931
5830.597656	105.624	53.4249
5872.848633	105.933	52.3969
5915.405762	106.258	51.1820
5958.271484	106.596	49.8106
6001.447266	106.909	48.0867
6044.936523	107.177	45.8846
6088.740234	107.417	43.3736
6132.861816	107.638	40.8378
6177.303223	107.822	38.3747
6222.066406	107.952	35.8077
6267.154297	108.014	32.9133
6312.568359	107.995	29.6725
6358.312012	107.898	26.3373
6404.386719	107.755	23.2638
6450.795898	107.584	20.5796
6497.541016	107.370	18.0900
6544.625000	107.098	15.6390
6592.049805	106.793	13.4132
6639.818359	106.488	11.6957
6687.933594	106.180	10.3837
6736.396973	105.845	9.1446
6785.211426	105.490	7.9725
6834.379883	105.151	7.1661
6883.904785	104.843	6.7947
6933.788574	104.542	6.5712
6984.033691	104.229	6.3003
7034.642578	103.931	6.1999
7085.618652	103.672	6.4814
7136.963867	103.440	6.9532
7188.681152	103.209	7.3381
7240.773438	102.990	7.7048
7293.243164	102.808	8.3282
7346.092773	102.661	9.1328
7399.325684	102.519	9.7800
7452.944336	102.372	10.2263
7506.951172	102.251	10.8093
7561.350098	102.173	11.7163
7616.142578	102.118	12.6233
7671.332031	102.058	13.1976
7726.921875	102.008	13.6365
7782.914551	102.001	14.3024
7839.312500	102.033	15.1306
7896.119629	102.069	15.7292
7953.337891	102.111	16.0658
8010.971191	102.193	16.5114
8069.021973	102.324	17.1588
8127.493164	102.477	17.6053
8186.388672	102.636	17.5975
8245.710938	102.824	17.3973
8305.461914	103.065	17.2638
8365.647461	103.334	16.9227
8426.267578	103.602	15.9757
8487.328125	103.872	14.4882
8548.831055	104.167	12.8224
8610.779297	104.472	10.9448
8673.176758	104.748	8.4261
8736.026367	104.971	5.0920
8799.331055	105.152	1.3063
8863.094727	105.291	-2.6006
8927.320312	105.353	-6.8295
8992.010742	105.297	-11.6613
9057.170898	105.129	-16.7738
9122.802734	104.877	-21.5437
9188.910156	104.543	-25.8622
9255.497070	104.104	-30.1105
9322.566406	103.565	-34.3235
9390.121094	102.966	-37.9664
9458.166016	102.338	-40.6360
9526.704102	101.687	-42.4374
9595.738281	101.019	-43.6929
9665.273438	100.344	-44.7719
9735.311523	99.653	-45.9448
9805.857422	98.956	-47.0183
9876.915039	98.288	-47.4764
9948.487305	97.664	-47.3057
10020.578125	97.055	-47.1151
10093.191406	96.445	-47.1666
10166.331055	95.858	-46.9808
10240.000000	95.316	-46.1863
10314.203125	94.800	-45.1882
10388.944336	94.280	-44.4982
10464.226562	93.762	-43.8688
10540.054688	93.285	-42.7150
10616.432617	92.845	-41.1547
10693.363281	92.410	-39.8401
10770.852539	91.968	-38.8870
10848.902344	91.551	-37.6959
10927.517578	91.176	-35.9602
11006.703125	90.821	-34.2101
11086.461914	90.457	-32.9292
11166.798828	90.100	-31.7284
11247.718750	89.786	-29.9825
11329.223633	89.504	-27.9424
11411.320312	89.218	-26.2959
11494.011719	88.928	-25.0214
11577.301758	88.660	-23.4285
11661.195312	88.424	-21.2366
11745.697266	88.205	-18.6973
11830.811523	88.001	-16.1438
11916.542969	87.807	-13.9170
12002.894531	87.609	-12.2311
12089.873047	87.418	-10.6680
12177.480469	87.264	-8.5615
12265.723633	87.142	-6.0535
12354.606445	87.018	-3.9382
12444.132812	86.886	-2.3091
12534.308594	86.780	-0.4126
12625.136719	86.715	2.0704
12716.624023	86.664	4.4421
12808.773438	86.604	6.1221
12901.591797	86.555	7.6026
12995.082031	86.552	9.6271
13089.250000	86.584	11.9397
13184.099609	86.618	13.7913
13279.636719	86.661	15.2678
13375.867188	86.746	17.1238
13472.793945	86.880	19.4501
13570.422852	87.033	21.4337
13668.759766	87.193	22.7203
13767.809570	87.394	24.0309
13867.577148	87.657	25.9144
13968.067383	87.962	27.7864
14069.285156	88.288	28.9103
14171.237305	88.653	29.6216
14273.927734	89.096	30.7214
14377.362305	89.616	32.0644
14481.546875	90.193	32.7303
14586.486328	90.831	32.4199
14692.185547	91.573	31.8336
14798.651367	92.438	31.3066
14905.888672	93.402	29.9021
15013.902344	94.444	26.6199
15122.700195	95.567	21.5575
15232.285156	96.724	14.9965
15342.664062	97.771	6.1318
15453.843750	98.513	-6.0551
15565.829102	98.794	-20.9667
15678.625000	98.552	-36.2004
15792.239258	97.831	-49.4536
15906.675781	96.749	-60.2334
16021.942383	95.461	-69.1028
16138.043945	94.141	-75.9450
16254.986328	92.918	-80.3782
16372.777344	91.825	-83.1587
16491.421875	90.839	-85.6434
16610.923828	89.942	-88.2296
16731.294922	89.159	-90.1317
16852.535156	88.504	-91.1125
16974.656250	87.939	-92.2369
17097.662109	87.434	-94.1643
17221.558594	87.000	-96.1588
17346.353516	86.658	-97.4822
17472.052734	86.385	-98.8121
17598.662109	86.142	-101.1876
17726.189453	85.928	-104.3235
17854.640625	85.769	-107.1367
17984.021484	85.664	-109.3984
18114.341797	85.601	-111.6879
18245.605469	85.583	-114.5000
18377.820312	85.605	-118.4440
18510.994141	85.659	-123.8897
18645.132812	85.773	-130.1323
18780.242188	85.956	-136.4558
18916.332031	86.165	-143.6215
19053.408203	86.336	-152.7976
19191.476562	86.449	-163.7610
19330.546875	86.520	-175.2092
19470.623047	86.555	173.3026
19611.714844	86.548	160.7032
19753.830078	86.529	146.2584
19896.974609	86.542	130.5884
