20.000000	105.329	30.5392
20.144928	105.319	29.9619
20.290907	105.308	29.3878
20.437943	105.298	28.8169
20.586044	105.286	28.2487
20.735220	105.275	27.6836
20.885475	105.262	27.1211
21.036821	105.250	26.5612
21.189262	105.236	26.0038
21.342808	105.222	25.4491
21.497467	105.208	24.8971
21.653246	105.192	24.3483
21.810154	105.177	23.8026
21.968201	105.160	23.2606
22.127390	105.143	22.7228
22.287735	105.125	22.1892
22.449242	105.107	21.6602
22.611917	105.088	21.1357
22.775772	105.069	20.6157
22.940815	105.050	20.1003
23.107054	105.030	19.5887
23.274498	105.010	19.0811
23.443153	104.989	18.5768
23.613033	104.969	18.0756
23.784142	104.948	17.5775
23.956491	104.926	17.0823
24.130091	104.904	16.5902
24.304947	104.882	16.1014
24.481071	104.859	15.6161
24.658470	104.836	15.1345
24.837156	104.812	14.6566
25.017136	104.788	14.1821
25.198421	104.764	13.7112
25.381020	104.739	13.2430
25.564941	104.714	12.7778
25.750195	104.688	12.3149
25.936790	104.662	11.8544
26.124741	104.635	11.3966
26.314051	104.608	10.9418
26.504732	104.580	10.4909
26.696796	104.551	10.0443
26.890253	104.522	9.6033
27.085112	104.492	9.1678
27.281382	104.462	8.7383
27.479073	104.432	8.3142
27.678198	104.402	7.8950
27.878765	104.372	7.4794
28.080786	104.342	7.0667
28.284271	104.312	6.6554
28.489231	104.282	6.2454
28.695675	104.252	5.8366
28.903616	104.220	5.4291
29.113064	104.189	5.0242
29.324028	104.156	4.6226
29.536524	104.123	4.2253
29.750557	104.090	3.8334
29.966141	104.056	3.4470
30.183289	104.022	3.0663
30.402010	103.988	2.6909
30.622314	103.954	2.3198
30.844217	103.920	1.9525
31.067726	103.885	1.5885
31.292856	103.851	1.2267
31.519617	103.817	0.8673
31.748020	103.783	0.5099
31.978081	103.749	0.1548
32.209808	103.715	-0.1974
32.443211	103.680	-0.5460
32.678310	103.644	-0.8896
32.915108	103.608	-1.2277
33.153625	103.572	-1.5583
33.393871	103.535	-1.8816
33.635857	103.499	-2.1970
33.879597	103.463	-2.5063
34.125103	103.427	-2.8115
34.372387	103.393	-3.1143
34.621464	103.358	-3.4178
34.872345	103.324	-3.7229
35.125042	103.289	-4.0299
35.379574	103.254	-4.3373
35.635948	103.217	-4.6424
35.894180	103.180	-4.9432
36.154285	103.142	-5.2372
36.416275	103.104	-5.5239
36.680161	103.065	-5.8040
36.945961	103.027	-6.0782
37.213688	102.989	-6.3489
37.483353	102.951	-6.6160
37.754974	102.913	-6.8795
38.028561	102.874	-7.1384
38.304131	102.836	-7.3919
38.581699	102.798	-7.6405
38.861279	102.760	-7.8857
39.142883	102.723	-8.1299
39.426529	102.686	-8.3760
39.712231	102.649	-8.6240
40.000000	102.612	-8.8727
40.289856	102.574	-9.1191
40.581814	102.535	-9.3589
40.875885	102.496	-9.5895
41.172089	102.458	-9.8112
41.470440	102.421	-10.0264
41.770950	102.384	-10.2390
42.073643	102.348	-10.4531
42.378525	102.312	-10.6703
42.685616	102.276	-10.8894
42.994934	102.239	-11.1075
43.306492	102.201	-11.3215
43.620308	102.163	-11.5291
43.936401	102.125	-11.7296
44.254780	102.087	-11.9237
44.575470	102.049	-12.1124
44.898483	102.012	-12.2966
45.223835	101.975	-12.4774
45.551544	101.938	-12.6558
45.881630	101.902	-12.8334
46.214108	101.866	-13.0111
46.548996	101.830	-13.1888
46.886307	101.793	-13.3651
47.226067	101.757	-13.5380
47.568283	101.720	-13.7067
47.912983	101.684	-13.8731
48.260181	101.647	-14.0403
48.609894	101.611	-14.2096
48.962143	101.573	-14.3786
49.316940	101.534	-14.5414
49.674313	101.495	-14.6918
50.034271	101.454	-14.8286
50.396843	101.414	-14.9569
50.762039	101.374	-15.0864
51.129883	101.335	-15.2244
51.500389	101.296	-15.3713
51.873581	101.256	-15.5220
52.249481	101.214	-15.6697
52.628101	101.173	-15.8130
53.009464	101.131	-15.9557
53.393593	101.089	-16.1007
53.780506	101.045	-16.2430
54.170223	101.000	-16.3706
54.562763	100.954	-16.4725
54.958145	100.911	-16.5501
55.356396	100.873	-16.6200
55.757530	100.838	-16.7045
56.161572	100.804	-16.8176
56.568542	100.769	-16.9552
56.978462	100.731	-17.0997
57.391350	100.691	-17.2333
57.807232	100.650	-17.3492
58.226128	100.610	-17.4523
58.648056	100.570	-17.5513
59.073048	100.532	-17.6511
59.501114	100.494	-17.7521
59.932281	100.456	-17.8528
60.366577	100.418	-17.9528
60.804020	100.379	-18.0516
61.244629	100.341	-18.1481
61.688435	100.302	-18.2399
62.135452	100.264	-18.3266
62.585712	100.226	-18.4108
63.039234	100.190	-18.4958
63.496040	100.155	-18.5829
63.956161	100.120	-18.6675
64.419617	100.086	-18.7434
64.886421	100.053	-18.8083
65.356621	100.021	-18.8697
65.830215	99.991	-18.9413
66.307251	99.961	-19.0319
66.787743	99.929	-19.1353
67.271713	99.895	-19.2347
67.759193	99.860	-19.3165
68.250206	99.825	-19.3823
68.744774	99.793	-19.4435
69.242928	99.761	-19.5092
69.744690	99.730	-19.5806
70.250084	99.699	-19.6553
70.759148	99.668	-19.7319
71.271896	99.636	-19.8065
71.788361	99.604	-19.8711
72.308571	99.572	-19.9222
72.832550	99.542	-19.9675
73.360321	99.513	-20.0194
73.891922	99.485	-20.0798
74.427376	99.456	-20.1406
74.966705	99.427	-20.1976
75.509949	99.398	-20.2577
76.057121	99.368	-20.3264
76.608261	99.337	-20.3964
77.163399	99.305	-20.4539
77.722557	99.273	-20.4951
78.285767	99.243	-20.5325
78.853058	99.214	-20.5797
79.424461	99.185	-20.6375
80.000000	99.153	-20.6945
80.579712	99.121	-20.7418
81.163628	99.088	-20.7806
81.751770	99.057	-20.8188
82.344177	99.025	-20.8625
82.940880	98.994	-20.9108
83.541901	98.962	-20.9584
84.147285	98.929	-21.0000
84.757050	98.897	-21.0356
85.371231	98.866	-21.0716
85.989868	98.835	-21.1130
86.612984	98.804	-21.1557
87.240616	98.774	-21.1947
87.872803	98.744	-21.2366
88.509560	98.713	-21.2921
89.150940	98.681	-21.3546
89.796967	98.647	-21.4055
90.447670	98.614	-21.4384
91.103088	98.581	-21.4650
91.763260	98.550	-21.4927
92.428215	98.519	-21.5208
93.097992	98.488	-21.5520
93.772614	98.457	-21.5891
94.452133	98.425	-21.6237
95.136566	98.394	-21.6510
95.825966	98.363	-21.6806
96.520363	98.332	-21.7174
97.219788	98.301	-21.7534
97.924286	98.270	-21.7862
98.633881	98.238	-21.8229
99.348625	98.207	-21.8602
100.068542	98.174	-21.8884
100.793686	98.142	-21.9107
101.524078	98.109	-21.9326
102.259766	98.077	-21.9486
103.000778	98.045	-21.9607
103.747162	98.013	-21.9819
104.498962	97.980	-22.0085
105.256203	97.947	-22.0264
106.018929	97.914	-22.0428
106.787186	97.881	-22.0697
107.561012	97.848	-22.0980
108.340446	97.814	-22.1221
109.125526	97.781	-22.1491
109.916290	97.748	-22.1719
110.712791	97.716	-22.1818
111.515060	97.685	-22.1948
112.323143	97.655	-22.2217
113.137085	97.623	-22.2522
113.956924	97.589	-22.2791
114.782700	97.555	-22.3013
115.614464	97.519	-22.3137
116.452255	97.484	-22.3159
117.296112	97.449	-22.3300
118.146095	97.413	-22.3674
119.002228	97.376	-22.3807
119.864563	97.342	-22.3506
120.733154	97.312	-22.3479
121.608040	97.282	-22.3923
122.489258	97.250	-22.4321
123.376869	97.217	-22.4611
124.270905	97.184	-22.4839
125.171425	97.153	-22.4944
126.078468	97.125	-22.5092
126.992081	97.097	-22.5272
127.912323	97.069	-22.5376
128.839233	97.041	-22.5419
129.772842	97.014	-22.5380
130.713242	96.988	-22.5347
131.660431	96.962	-22.5406
132.614502	96.935	-22.5439
133.575485	96.909	-22.5461
134.543427	96.882	-22.5558
135.518387	96.854	-22.5619
136.500412	96.826	-22.5659
137.489548	96.798	-22.5790
138.485855	96.768	-22.5844
139.489380	96.739	-22.5757
140.500168	96.710	-22.5684
141.518295	96.682	-22.5619
142.543793	96.654	-22.5602
143.576721	96.624	-22.5635
144.617142	96.594	-22.5576
145.665100	96.564	-22.5453
146.720642	96.534	-22.5399
147.783844	96.503	-22.5343
148.854752	96.471	-22.5219
149.933411	96.441	-22.5074
151.019897	96.410	-22.4904
152.114243	96.379	-22.4750
153.216522	96.347	-22.4531
154.326797	96.315	-22.4176
155.445114	96.283	-22.3865
156.571533	96.251	-22.3639
157.706116	96.217	-22.3384
158.848923	96.183	-22.3148
160.000000	96.146	-22.2858
161.159424	96.108	-22.2490
162.327255	96.069	-22.2130
163.503540	96.029	-22.1802
164.688354	95.987	-22.1359
165.881760	95.945	-22.0775
167.083801	95.903	-22.0192
168.294571	95.861	-21.9656
169.514099	95.819	-21.9180
170.742462	95.775	-21.8700
171.979736	95.732	-21.8051
173.225967	95.690	-21.7323
174.481232	95.649	-21.6587
175.745605	95.607	-21.5835
177.019119	95.565	-21.5114
178.301880	95.522	-21.4290
179.593933	95.480	-21.3407
180.895340	95.439	-21.2588
182.206177	95.398	-21.1777
183.526520	95.357	-21.0908
184.856430	95.315	-21.0051
186.195984	95.273	-20.9216
187.545227	95.230	-20.8378
188.904266	95.186	-20.7407
190.273132	95.142	-20.6348
191.651932	95.098	-20.5282
193.040726	95.055	-20.4181
194.439575	95.011	-20.3040
195.848572	94.967	-20.1910
197.267761	94.923	-20.0795
198.697250	94.880	-19.9701
200.137085	94.837	-19.8549
201.587372	94.796	-19.7194
203.048157	94.757	-19.5674
204.519531	94.719	-19.4163
206.001556	94.682	-19.2759
207.494324	94.644	-19.1349
208.997925	94.605	-18.9919
210.512405	94.566	-18.8393
212.037857	94.528	-18.6753
213.574371	94.489	-18.5145
215.122025	94.451	-18.3580
216.680893	94.413	-18.1946
218.251053	94.375	-18.0300
219.832581	94.337	-17.8638
221.425583	94.298	-17.6807
223.030121	94.259	-17.4822
224.646286	94.219	-17.2954
226.274170	94.180	-17.1121
227.913849	94.142	-16.9064
229.565399	94.107	-16.6902
231.228928	94.071	-16.4867
232.904510	94.034	-16.3072
234.592224	93.994	-16.1250
236.292191	93.955	-15.9287
238.004456	93.920	-15.7023
239.729126	93.888	-15.4443
241.466309	93.858	-15.2034
243.216080	93.826	-14.9564
244.978516	93.792	-14.6984
246.753738	93.759	-14.4448
248.541809	93.727	-14.2018
250.342850	93.692	-13.9467
252.156937	93.655	-13.6753
253.984161	93.618	-13.4158
255.824646	93.582	-13.1664
257.678467	93.550	-12.9053
259.545685	93.519	-12.6390
261.426483	93.486	-12.3513
263.320862	93.451	-12.0511
265.229004	93.416	-11.7557
267.150970	93.384	-11.4742
269.086853	93.353	-11.2037
271.036774	93.321	-10.9084
273.000824	93.289	-10.5817
274.979095	93.257	-10.2739
276.971710	93.228	-10.0002
278.978760	93.201	-9.7258
281.000336	93.178	-9.4222
283.036591	93.155	-9.0798
285.087585	93.132	-8.7369
287.153442	93.108	-8.4028
289.234283	93.084	-8.0800
291.330200	93.060	-7.7656
293.441284	93.038	-7.4487
295.567688	93.016	-7.1487
297.709503	92.995	-6.8466
299.866821	92.975	-6.5287
302.039795	92.956	-6.2065
304.228485	92.938	-5.8724
306.433044	92.923	-5.5304
308.653595	92.909	-5.2042
310.890228	92.895	-4.8958
313.143066	92.882	-4.5673
315.412231	92.871	-4.2225
317.697845	92.864	-3.8665
320.000000	92.858	-3.5232
322.318848	92.854	-3.2074
324.654510	92.851	-2.8815
327.007080	92.849	-2.5415
329.376709	92.850	-2.2054
331.763519	92.850	-1.8765
334.167603	92.850	-1.5465
336.589142	92.850	-1.2186
339.028198	92.851	-0.8910
341.484924	92.853	-0.5557
343.959473	92.857	-0.2251
346.451935	92.862	0.0973
348.962463	92.869	0.4216
351.491211	92.876	0.7567
354.038239	92.886	1.1091
356.603760	92.897	1.4511
359.187866	92.910	1.7747
361.790680	92.921	2.0801
364.412354	92.932	2.3794
367.053040	92.943	2.7008
369.712860	92.955	3.0273
372.391968	92.971	3.3345
375.090454	92.988	3.6313
377.808533	93.005	3.9379
380.546265	93.023	4.2645
383.303864	93.042	4.5820
386.081451	93.064	4.8770
388.879150	93.085	5.1434
391.697144	93.104	5.4075
394.535522	93.125	5.6920
397.394501	93.149	5.9601
400.274170	93.174	6.1984
403.174744	93.198	6.4271
406.096313	93.222	6.6973
409.039062	93.246	6.9862
412.003113	93.270	7.2408
414.988647	93.293	7.4620
417.995850	93.316	7.6715
421.024811	93.339	7.8876
424.075714	93.361	8.1105
427.148743	93.384	8.3121
430.244049	93.409	8.4946
433.361786	93.436	8.6768
436.502106	93.463	8.8719
439.665161	93.487	9.0608
442.851166	93.510	9.2444
446.060242	93.534	9.4215
449.292572	93.559	9.5654
452.548340	93.584	9.6996
455.827698	93.608	9.8745
459.130798	93.630	10.0673
462.457855	93.653	10.2206
465.809021	93.679	10.3322
469.184448	93.707	10.4656
472.584381	93.734	10.6589
476.008911	93.759	10.8398
479.458252	93.782	10.9418
482.932617	93.804	11.0392
486.432159	93.825	11.1624
489.957031	93.846	11.2944
493.507477	93.871	11.4227
497.083618	93.897	11.5463
500.685699	93.920	11.6506
504.313873	93.941	11.7451
507.968323	93.963	11.8589
511.649292	93.986	11.9902
515.356934	94.009	12.0906
519.091370	94.031	12.1509
522.852966	94.053	12.2139
526.641724	94.075	12.3021
530.458008	94.098	12.4051
534.301941	94.119	12.4890
538.173706	94.137	12.5404
542.073547	94.154	12.6072
546.001648	94.174	12.6984
549.958191	94.196	12.7782
553.943420	94.218	12.8453
557.957520	94.236	12.9034
562.000671	94.252	12.9671
566.073181	94.270	13.0354
570.175171	94.288	13.0891
574.306885	94.303	13.1356
578.468567	94.317	13.1891
582.660400	94.331	13.2452
586.882568	94.347	13.3165
591.135376	94.362	13.3738
595.419006	94.375	13.4092
599.733643	94.388	13.4677
604.079590	94.400	13.5356
608.456970	94.411	13.5942
612.866089	94.421	13.6449
617.307190	94.429	13.6927
621.780457	94.438	13.7631
626.286133	94.448	13.8370
630.824463	94.459	13.9010
635.395691	94.472	13.9482
640.000000	94.485	14.0110
644.637695	94.497	14.1064
649.309021	94.508	14.1960
654.014160	94.518	14.2450
658.753418	94.527	14.2798
663.527039	94.536	14.3606
668.335205	94.543	14.4744
673.178284	94.552	14.5681
678.056396	94.562	14.6337
682.969849	94.572	14.7100
687.918945	94.580	14.8077
692.903870	94.586	14.9098
697.924927	94.593	14.9985
702.982422	94.602	15.0872
708.076477	94.610	15.2001
713.207520	94.616	15.3086
718.375732	94.620	15.4020
723.581360	94.624	15.5241
728.824707	94.629	15.6721
734.106079	94.634	15.8036
739.425720	94.638	15.9178
744.783936	94.643	16.0511
750.180908	94.650	16.2153
755.617065	94.658	16.3851
761.092529	94.664	16.5315
766.607727	94.668	16.6790
772.162903	94.671	16.8596
777.758301	94.675	17.0576
783.394287	94.678	17.2206
789.071045	94.679	17.3425
794.789001	94.681	17.4920
800.548340	94.683	17.7133
806.349487	94.684	17.9540
812.192627	94.683	18.1360
818.078125	94.680	18.2803
824.006226	94.677	18.4733
829.977295	94.677	18.7057
835.991699	94.678	18.9186
842.049622	94.677	19.1059
848.151428	94.674	19.3006
854.297485	94.673	19.5158
860.488098	94.674	19.7557
866.723572	94.675	19.9988
873.004211	94.675	20.2161
879.330322	94.676	20.4108
885.702332	94.675	20.6299
892.120483	94.674	20.8995
898.585144	94.675	21.1979
905.096680	94.680	21.4768
911.655396	94.688	21.7374
918.261597	94.694	22.0071
924.915710	94.699	22.2997
931.618042	94.705	22.5944
938.368896	94.714	22.8799
945.168762	94.720	23.1712
952.017822	94.722	23.4678
958.916504	94.725	23.7540
965.865234	94.733	24.0087
972.864319	94.745	24.2594
979.914062	94.756	24.5399
987.014954	94.766	24.8452
994.167236	94.773	25.1522
1001.371399	94.775	25.4174
1008.627747	94.769	25.6577
1015.936646	94.759	25.9193
1023.298584	94.747	26.2443
1030.713867	94.734	26.5800
1038.182739	94.723	26.8722
1045.705933	94.713	27.1604
1053.283447	94.704	27.5013
1060.916016	94.694	27.8860
1068.603882	94.684	28.2618
1076.347412	94.678	28.6045
1084.147095	94.674	28.9734
1092.003296	94.670	29.4076
1099.916382	94.669	29.8530
1107.886841	94.676	30.2733
1115.915039	94.689	30.7026
1124.001343	94.708	31.1537
1132.146362	94.731	31.5647
1140.350342	94.760	31.9006
1148.613770	94.792	32.1733
1156.937134	94.822	32.4243
1165.320801	94.847	32.6633
1173.765137	94.871	32.8581
1182.270752	94.895	32.9963
1190.838013	94.912	33.1264
1199.467285	94.920	33.2845
1208.159180	94.923	33.4369
1216.913940	94.928	33.5726
1225.732178	94.933	33.7039
1234.614380	94.933	33.8587
1243.560913	94.930	34.0437
1252.572266	94.933	34.2258
1261.648926	94.943	34.4102
1270.791382	94.955	34.6068
1280.000000	94.961	34.8229
1289.275391	94.965	35.0453
1298.618042	94.973	35.2691
1308.028320	94.982	35.5019
1317.506836	94.986	35.7548
1327.054077	94.986	36.0186
1336.670410	94.989	36.2986
1346.356567	94.996	36.6189
1356.112793	95.001	36.9561
1365.939697	95.002	37.2713
1375.837891	95.000	37.5564
1385.807739	94.999	37.9101
1395.849854	94.999	38.3791
1405.964844	95.004	38.8909
1416.152954	95.013	39.3607
1426.415039	95.026	39.7979
1436.751465	95.039	40.3070
1447.162720	95.052	40.8887
1457.649414	95.065	41.4416
1468.212158	95.079	41.9135
1478.851440	95.094	42.3628
1489.567871	95.111	42.8410
1500.361816	95.133	43.3739
1511.234131	95.158	43.9239
1522.185059	95.179	44.4412
1533.215454	95.198	44.9547
1544.325806	95.221	45.5204
1555.516602	95.249	46.1281
1566.788574	95.275	46.7314
1578.142090	95.301	47.3137
1589.578003	95.332	47.9178
1601.096680	95.370	48.5998
1612.698975	95.414	49.3220
1624.385254	95.458	49.9861
1636.156250	95.504	50.5997
1648.012451	95.555	51.2854
1659.954590	95.613	52.0494
1671.983398	95.675	52.7688
1684.099243	95.738	53.4124
1696.302856	95.801	54.0668
1708.594971	95.866	54.8052
1720.976196	95.933	55.6248
1733.447144	96.009	56.4609
1746.008423	96.098	57.2581
1758.660645	96.191	58.0467
1771.404663	96.282	58.8964
1784.240967	96.371	59.7843
1797.170288	96.466	60.6490
1810.193359	96.569	61.4676
1823.310791	96.681	62.2599
1836.523193	96.802	63.1100
1849.831421	96.934	64.0683
1863.236084	97.080	65.0197
1876.737793	97.240	65.8669
1890.337524	97.416	66.6696
1904.035645	97.606	67.4732
1917.833008	97.807	68.2556
1931.730469	98.020	68.9032
1945.728638	98.242	69.3695
1959.828125	98.467	69.7231
1974.029907	98.688	70.0280
1988.334473	98.901	70.2286
2002.742798	99.106	70.2890
2017.255493	99.303	70.3077
2031.873291	99.494	70.3642
2046.597168	99.680	70.4689
2061.427734	99.867	70.5386
2076.365479	100.056	70.5290
2091.411865	100.245	70.5630
2106.566895	100.439	70.7033
2121.832031	100.643	70.7946
2137.207764	100.855	70.7105
2152.694824	101.070	70.5409
2168.294189	101.281	70.3804
2184.006592	101.490	70.1886
2199.832764	101.700	69.8456
2215.773682	101.908	69.3901
2231.830078	102.109	68.9385
2248.002686	102.298	68.4818
2264.292725	102.479	67.9486
2280.700684	102.656	67.3428
2297.227539	102.829	66.7744
2313.874268	102.997	66.2746
2330.641602	103.162	65.6941
2347.530273	103.320	64.9698
2364.541504	103.473	64.3082
2381.676025	103.626	63.7818
2398.934570	103.780	63.2332
2416.318359	103.936	62.5517
2433.827881	104.091	61.7621
2451.464355	104.238	60.9583
2469.228760	104.374	60.2448
2487.121826	104.510	59.5002
2505.144531	104.648	58.5944
2523.297852	104.780	57.6541
2541.582764	104.897	56.7968
2560.000000	105.002	55.9373
2578.550781	105.103	55.0163
2597.236084	105.206	54.1041
2616.056641	105.303	53.2417
2635.013672	105.387	52.3842
2654.108154	105.465	51.5574
2673.340820	105.552	50.8378
2692.713135	105.656	50.2359
2712.225586	105.766	49.6091
2731.879395	105.867	48.8400
2751.675781	105.959	47.9909
2771.615479	106.057	47.1017
2791.699707	106.164	46.0560
2811.929688	106.269	44.8391
2832.305908	106.355	43.6210
2852.830078	106.421	42.4651
2873.502930	106.479	41.2281
2894.325439	106.532	39.8589
2915.298828	106.570	38.5229
2936.424316	106.589	37.2983
2957.702881	106.595	36.0786
2979.135742	106.597	34.8029
3000.723633	106.596	33.5429
3022.468262	106.582	32.4247
3044.370117	106.558	31.3707
3066.430908	106.532	30.2576
3088.651611	106.511	29.1286
3111.033203	106.484	28.0706
3133.577148	106.445	27.0726
3156.284180	106.402	26.0654
3179.156006	106.367	24.9772
3202.193359	106.329	23.9080
3225.397949	106.277	22.9443
3248.770508	106.211	22.0162
3272.312500	106.144	21.0710
3296.024902	106.083	20.2280
3319.909180	106.025	19.5696
3343.966797	105.960	18.9276
3368.198486	105.875	18.1376
3392.605713	105.775	17.3318
3417.189941	105.675	16.6134
3441.952393	105.589	15.8943
3466.894287	105.506	15.1760
3492.016846	105.407	14.5415
3517.321289	105.296	13.9764
3542.809326	105.189	13.3904
3568.481934	105.092	12.8099
3594.340576	104.988	12.3010
3620.386719	104.868	11.8477
3646.621582	104.747	11.4039
3673.046387	104.639	10.9897
3699.662842	104.536	10.6033
3726.472168	104.416	10.2320
3753.475586	104.282	9.9545
3780.675049	104.161	9.7103
3808.071289	104.053	9.4717
3835.666016	103.939	9.2798
3863.460938	103.807	9.0963
3891.457275	103.674	8.9557
3919.656250	103.557	8.8423
3948.059814	103.438	8.7457
3976.668945	103.300	8.7421
4005.485596	103.153	8.7668
4034.510986	103.014	8.8225
4063.746582	102.885	8.9413
4093.194336	102.744	9.0721
4122.855469	102.587	9.2191
4152.730957	102.434	9.4252
4182.823730	102.302	9.6843
4213.133789	102.170	9.9664
4243.664062	102.020	10.2565
4274.415527	101.865	10.6024
4305.389648	101.728	11.0138
4336.588379	101.604	11.4852
4368.013184	101.468	11.9482
4399.665527	101.320	12.4108
4431.547363	101.181	12.9576
4463.660156	101.066	13.6113
4496.005371	100.953	14.2983
4528.585449	100.824	14.9788
4561.401367	100.697	15.7123
4594.455078	100.593	16.5165
4627.748535	100.502	17.3783
4661.283203	100.401	18.1971
4695.060547	100.292	18.9774
4729.083008	100.201	19.8405
4763.352051	100.134	20.7972
4797.869141	100.065	21.7481
4832.636719	99.982	22.6777
4867.655762	99.904	23.6177
4902.928711	99.846	24.6859
4938.457520	99.805	26.0164
4974.243652	99.772	27.4703
5010.289062	99.741	28.7778
5046.595703	99.702	29.8822
5083.165527	99.659	30.9603
5120.000000	99.640	32.1483
5157.101562	99.650	33.4545
5194.472168	99.664	34.7480
5232.113281	99.668	35.9781
5270.027344	99.680	37.2317
5308.216309	99.723	38.6181
5346.681641	99.787	40.0914
5385.426270	99.848	41.4920
5424.451172	99.913	42.8491
5463.758789	100.012	44.2865
5503.351562	100.142	45.7674
5543.230957	100.277	47.1252
5583.399414	100.410	48.3584
5623.859375	100.572	49.6173
5664.611816	100.780	50.9832
5705.660156	101.010	52.3038
5747.005859	101.244	53.4494
5788.650879	101.500	54.4413
5830.597656	101.802	55.4420
5872.848633	102.143	56.3984
5915.405762	102.494	57.0540
5958.271484	102.849	57.3494
6001.447266	103.233	57.4469
6044.936523	103.654	57.5010
6088.740234	104.098	57.4161
6132.861816	104.544	56.8841
6177.303223	104.982	55.8317
6222.066406	105.405	54.3025
6267.154297	105.799	52.1436
6312.568359	106.132	49.3208
6358.312012	106.396	46.0357
6404.386719	106.609	42.4993
6450.795898	106.766	38.8188
6497.541016	106.829	34.9208
6544.625000	106.773	30.8043
6592.049805	106.623	26.8038
6639.818359	106.416	23.2859
6687.933594	106.152	20.1741
6736.396973	105.811	17.2625
6785.211426	105.408	14.6340
6834.379883	104.990	12.6022
6883.904785	104.581	11.2074
6933.788574	104.162	10.1378
6984.033691	103.724	9.2405
7034.642578	103.301	8.7156
7085.618652	102.924	8.6960
7136.963867	102.576	8.9291
7188.681152	102.228	9.0966
7240.773438	101.891	9.3152
7293.243164	101.600	9.8688
7346.092773	101.353	10.7181
7399.325684	101.115	11.5161
7452.944336	100.876	12.1528
7506.951172	100.663	12.9694
7561.350098	100.497	14.1595
7616.142578	100.357	15.3879
7671.332031	100.219	16.3541
7726.921875	100.100	17.2671
7782.914551	100.029	18.4727
7839.312500	99.996	19.8604
7896.119629	99.973	21.0144
7953.337891	99.958	21.8851
8010.971191	99.981	22.8474
8069.021973	100.053	24.0400
8127.493164	100.146	25.0842
8186.388672	100.240	25.7428
8245.710938	100.363	26.2899
8305.461914	100.539	27.0372
8365.647461	100.752	27.7689
8426.267578	100.972	28.0406
8487.328125	101.204	27.9076
8548.831055	101.483	27.7847
8610.779297	101.812	27.6544
8673.176758	102.155	27.0031
8736.026367	102.496	25.5771
8799.331055	102.859	23.7001
8863.094727	103.254	21.6571
8927.320312	103.643	19.0667
8992.010742	103.979	15.4418
9057.170898	104.249	10.9135
9122.802734	104.452	5.9987
9188.910156	104.558	0.8010
9255.497070	104.509	-4.9849
9322.566406	104.285	-11.2915
9390.121094	103.914	-17.3489
9458.166016	103.426	-22.4713
9526.704102	102.837	-26.5806
9595.738281	102.165	-29.9352
9665.273438	101.435	-32.8792
9735.311523	100.653	-35.6626
9805.857422	99.839	-38.0997
9876.915039	99.040	-39.6769
9948.487305	98.277	-40.3621
10020.578125	97.534	-40.7826
10093.191406	96.797	-41.2484
10166.331055	96.090	-41.3663
10240.000000	95.441	-40.8080
10314.203125	94.828	-39.9885
10388.944336	94.219	-39.4366
10464.226562	93.619	-38.9256
10540.054688	93.060	-37.8997
10616.432617	92.544	-36.4691
10693.363281	92.036	-35.2584
10770.852539	91.525	-34.3787
10848.902344	91.039	-33.2131
10927.517578	90.596	-31.4735
11006.703125	90.174	-29.6932
11086.461914	89.747	-28.3200
11166.798828	89.333	-26.9711
11247.718750	88.964	-25.0818
11329.223633	88.639	-22.9119
11411.320312	88.319	-21.1743
11494.011719	87.993	-19.9100
11577.301758	87.685	-18.4329
11661.195312	87.401	-16.3625
11745.697266	87.129	-13.8627
11830.811523	86.868	-11.2859
11916.542969	86.613	-9.0830
12002.894531	86.351	-7.5053
12089.873047	86.096	-6.1167
12177.480469	85.880	-4.2157
12265.723633	85.698	-1.9335
12354.606445	85.518	-0.0084
12444.132812	85.332	1.4767
12534.308594	85.174	3.2662
12625.136719	85.059	5.6124
12716.624023	84.956	7.7777
12808.773438	84.842	9.2496
12901.591797	84.743	10.6432
12995.082031	84.692	12.6959
13089.250000	84.674	15.0250
13184.099609	84.654	16.7736
13279.636719	84.639	18.0389
13375.867188	84.665	19.6913
13472.793945	84.743	21.9045
13570.422852	84.841	23.8469
13668.759766	84.940	25.0590
13767.809570	85.073	26.2262
13867.577148	85.267	27.9788
13968.067383	85.503	29.7619
14069.285156	85.750	30.7794
14171.237305	86.029	31.3799
14273.927734	86.376	32.4875
14377.362305	86.797	34.2183
14481.546875	87.280	35.9851
14586.486328	87.830	37.2361
14692.185547	88.445	37.4488
14798.651367	89.128	36.4735
14905.888672	89.913	34.9578
15013.902344	90.825	33.3940
15122.700195	91.838	30.9888
15232.285156	92.910	26.4611
15342.664062	93.998	19.4363
15453.843750	95.022	10.2869
15565.829102	95.825	-1.0500
15678.625000	96.218	-14.9272
15792.239258	96.086	-30.4827
15906.675781	95.452	-45.2616
16021.942383	94.455	-57.1327
16138.043945	93.258	-66.0833
16254.986328	91.983	-73.3300
16372.777344	90.729	-79.2500
16491.421875	89.580	-83.2987
16610.923828	88.569	-85.7902
16731.294922	87.671	-88.0862
16852.535156	86.861	-90.7890
16974.656250	86.157	-93.0969
17097.662109	85.574	-94.4652
17221.558594	85.081	-95.8309
17346.353516	84.639	-98.2003
17472.052734	84.255	-101.0616
17598.662109	83.955	-103.3955
17726.189453	83.722	-105.5889
17854.640625	83.514	-108.8600
17984.021484	83.328	-113.2088
18114.341797	83.200	-117.4449
18245.605469	83.143	-121.2227
18377.820312	83.130	-125.6851
18510.994141	83.144	-131.6425
18645.132812	83.214	-138.3958
18780.242188	83.353	-145.1614
18916.332031	83.511	-152.7631
19053.408203	83.624	-162.4179
19191.476562	83.674	-173.8118
19330.546875	83.685	174.4337
19470.623047	83.664	162.6770
19611.714844	83.607	149.7593
19753.830078	83.541	134.9127
19896.974609	83.516	118.6555
