20.000000	105.303	35.0402
20.144928	105.300	34.4524
20.290907	105.297	33.8675
20.437943	105.293	33.2853
20.586044	105.289	32.7053
20.735220	105.284	32.1274
20.885475	105.279	31.5518
21.036821	105.273	30.9780
21.189262	105.267	30.4065
21.342808	105.260	29.8377
21.497467	105.252	29.2715
21.653246	105.244	28.7085
21.810154	105.235	28.1488
21.968201	105.225	27.5927
22.127390	105.215	27.0403
22.287735	105.205	26.4915
22.449242	105.194	25.9460
22.611917	105.182	25.4039
22.775772	105.171	24.8646
22.940815	105.158	24.3280
23.107054	105.146	23.7939
23.274498	105.133	23.2621
23.443153	105.119	22.7327
23.613033	105.105	22.2057
23.784142	105.091	21.6815
23.956491	105.075	21.1604
24.130091	105.060	20.6426
24.304947	105.043	20.1287
24.481071	105.026	19.6187
24.658470	105.009	19.1127
24.837156	104.991	18.6110
25.017136	104.973	18.1129
25.198421	104.954	17.6187
25.381020	104.935	17.1276
25.564941	104.916	16.6396
25.750195	104.896	16.1541
25.936790	104.876	15.6711
26.124741	104.856	15.1904
26.314051	104.835	14.7120
26.504732	104.813	14.2362
26.696796	104.791	13.7631
26.890253	104.768	13.2932
27.085112	104.745	12.8268
27.281382	104.721	12.3646
27.479073	104.697	11.9070
27.678198	104.672	11.4543
27.878765	104.647	11.0065
28.080786	104.621	10.5638
28.284271	104.595	10.1254
28.489231	104.569	9.6910
28.695675	104.544	9.2593
28.903616	104.518	8.8298
29.113064	104.491	8.4014
29.324028	104.465	7.9740
29.536524	104.438	7.5472
29.750557	104.410	7.1221
29.966141	104.382	6.6988
30.183289	104.352	6.2797
30.402010	104.322	5.8652
30.622314	104.292	5.4570
30.844217	104.261	5.0549
31.067726	104.230	4.6593
31.292856	104.199	4.2683
31.519617	104.169	3.8812
31.748020	104.139	3.4963
31.978081	104.109	3.1125
32.209808	104.078	2.7297
32.443211	104.048	2.3485
32.678310	104.017	1.9702
32.915108	103.985	1.5958
33.153625	103.953	1.2269
33.393871	103.921	0.8630
33.635857	103.889	0.5043
33.879597	103.857	0.1481
34.125103	103.826	-0.2067
34.372387	103.794	-0.5616
34.621464	103.762	-0.9171
34.872345	103.729	-1.2714
35.125042	103.695	-1.6230
35.379574	103.661	-1.9685
35.635948	103.626	-2.3065
35.894180	103.590	-2.6361
36.154285	103.556	-2.9583
36.416275	103.521	-3.2764
36.680161	103.487	-3.5928
36.945961	103.454	-3.9099
37.213688	103.420	-4.2284
37.483353	103.385	-4.5463
37.754974	103.349	-4.8610
38.028561	103.312	-5.1693
38.304131	103.275	-5.4691
38.581699	103.239	-5.7611
38.861279	103.202	-6.0471
39.142883	103.166	-6.3303
39.426529	103.131	-6.6136
39.712231	103.095	-6.8972
40.000000	103.059	-7.1797
40.289856	103.022	-7.4586
40.581814	102.985	-7.7310
40.875885	102.949	-7.9963
41.172089	102.913	-8.2568
41.470440	102.877	-8.5155
41.770950	102.842	-8.7755
42.073643	102.807	-9.0383
42.378525	102.771	-9.3022
42.685616	102.734	-9.5638
42.994934	102.696	-9.8201
43.306492	102.658	-10.0697
43.620308	102.621	-10.3132
43.936401	102.583	-10.5532
44.254780	102.546	-10.7914
44.575470	102.509	-11.0276
44.898483	102.471	-11.2599
45.223835	102.434	-11.4865
45.551544	102.396	-11.7073
45.881630	102.360	-11.9246
46.214108	102.323	-12.1415
46.548996	102.287	-12.3602
46.886307	102.250	-12.5800
47.226067	102.213	-12.7965
47.568283	102.174	-13.0052
47.912983	102.136	-13.2036
48.260181	102.098	-13.3926
48.609894	102.061	-13.5757
48.962143	102.025	-13.7567
49.316940	101.989	-13.9386
49.674313	101.953	-14.1229
50.034271	101.915	-14.3094
50.396843	101.875	-14.4965
50.762039	101.832	-14.6801
51.129883	101.789	-14.8553
51.500389	101.745	-15.0191
51.873581	101.701	-15.1730
52.249481	101.659	-15.3239
52.628101	101.618	-15.4800
53.009464	101.576	-15.6438
53.393593	101.532	-15.8081
53.780506	101.487	-15.9598
54.170223	101.443	-16.0907
54.562763	101.401	-16.2059
54.958145	101.363	-16.3240
55.356396	101.327	-16.4653
55.757530	101.292	-16.6385
56.161572	101.252	-16.8340
56.568542	101.209	-17.0294
56.978462	101.162	-17.2029
57.391350	101.115	-17.3448
57.807232	101.070	-17.4613
58.226128	101.028	-17.5684
58.648056	100.989	-17.6827
59.073048	100.951	-17.8135
59.501114	100.912	-17.9581
59.932281	100.872	-18.1047
60.366577	100.830	-18.2415
60.804020	100.788	-18.3648
61.244629	100.748	-18.4817
61.688435	100.708	-18.6017
62.135452	100.669	-18.7277
62.585712	100.628	-18.8533
63.039234	100.589	-18.9706
63.496040	100.551	-19.0775
63.956161	100.515	-19.1785
64.419617	100.481	-19.2781
64.886421	100.447	-19.3784
65.356621	100.414	-19.4803
65.830215	100.381	-19.5865
66.307251	100.347	-19.6967
66.787743	100.312	-19.8047
67.271713	100.277	-19.9025
67.759193	100.242	-19.9897
68.250206	100.209	-20.0737
68.744774	100.175	-20.1611
69.242928	100.142	-20.2502
69.744690	100.108	-20.3353
70.250084	100.075	-20.4153
70.759148	100.042	-20.4953
71.271896	100.010	-20.5779
71.788361	99.977	-20.6598
72.308571	99.944	-20.7378
72.832550	99.912	-20.8148
73.360321	99.881	-20.8962
73.891922	99.849	-20.9829
74.427376	99.816	-21.0702
74.966705	99.783	-21.1526
75.509949	99.750	-21.2266
76.057121	99.718	-21.2926
76.608261	99.687	-21.3565
77.163399	99.657	-21.4268
77.722557	99.626	-21.5061
78.285767	99.595	-21.5878
78.853058	99.562	-21.6622
79.424461	99.530	-21.7275
80.000000	99.497	-21.7881
80.579712	99.464	-21.8477
81.163628	99.431	-21.9091
81.751770	99.398	-21.9746
82.344177	99.365	-22.0423
82.940880	99.331	-22.1047
83.541901	99.298	-22.1606
84.147285	99.265	-22.2175
84.757050	99.233	-22.2787
85.371231	99.201	-22.3365
85.989868	99.169	-22.3889
86.612984	99.138	-22.4475
87.240616	99.106	-22.5177
87.872803	99.073	-22.5877
88.509560	99.039	-22.6467
89.150940	99.005	-22.6979
89.796967	98.971	-22.7458
90.447670	98.937	-22.7887
91.103088	98.904	-22.8297
91.763260	98.872	-22.8770
92.428215	98.840	-22.9294
93.097992	98.808	-22.9803
93.772614	98.776	-23.0317
94.452133	98.744	-23.0923
95.136566	98.711	-23.1578
95.825966	98.676	-23.2137
96.520363	98.642	-23.2546
97.219788	98.608	-23.2882
97.924286	98.575	-23.3231
98.633881	98.543	-23.3626
99.348625	98.510	-23.4042
100.068542	98.478	-23.4429
100.793686	98.445	-23.4814
101.524078	98.414	-23.5298
102.259766	98.381	-23.5878
103.000778	98.348	-23.6427
103.747162	98.314	-23.6898
104.498962	98.281	-23.7333
105.256203	98.248	-23.7723
106.018929	98.215	-23.8068
106.787186	98.182	-23.8438
107.561012	98.150	-23.8837
108.340446	98.116	-23.9241
109.125526	98.083	-23.9723
109.916290	98.049	-24.0305
110.712791	98.013	-24.0844
111.515060	97.977	-24.1234
112.323143	97.943	-24.1577
113.137085	97.910	-24.2043
113.956924	97.877	-24.2626
114.782700	97.843	-24.3134
115.614464	97.808	-24.3466
116.452255	97.774	-24.3715
117.296112	97.741	-24.4009
118.146095	97.707	-24.4329
119.002228	97.672	-24.4552
119.864563	97.639	-24.4792
120.733154	97.605	-24.5249
121.608040	97.570	-24.5764
122.489258	97.534	-24.6154
123.376869	97.498	-24.6536
124.270905	97.464	-24.6989
125.171425	97.431	-24.7385
126.078468	97.401	-24.7675
126.992081	97.373	-24.7950
127.912323	97.346	-24.8236
128.839233	97.319	-24.8536
129.772842	97.291	-24.8824
130.713242	97.262	-24.9024
131.660431	97.234	-24.9215
132.614502	97.206	-24.9462
133.575485	97.178	-24.9764
134.543427	97.150	-25.0090
135.518387	97.121	-25.0413
136.500412	97.093	-25.0752
137.489548	97.064	-25.1030
138.485855	97.036	-25.1306
139.489380	97.008	-25.1627
140.500168	96.979	-25.1910
141.518295	96.950	-25.2141
142.543793	96.920	-25.2255
143.576721	96.890	-25.2369
144.617142	96.860	-25.2577
145.665100	96.829	-25.2874
146.720642	96.797	-25.3165
147.783844	96.765	-25.3281
148.854752	96.734	-25.3419
149.933411	96.704	-25.3682
151.019897	96.672	-25.3942
152.114243	96.640	-25.4139
153.216522	96.608	-25.4174
154.326797	96.576	-25.4194
155.445114	96.544	-25.4282
156.571533	96.511	-25.4330
157.706116	96.477	-25.4332
158.848923	96.442	-25.4196
160.000000	96.406	-25.4077
161.159424	96.368	-25.4081
162.327255	96.327	-25.4080
163.503540	96.284	-25.4050
164.688354	96.241	-25.3932
165.881760	96.199	-25.3733
167.083801	96.158	-25.3592
168.294571	96.117	-25.3578
169.514099	96.074	-25.3623
170.742462	96.030	-25.3536
171.979736	95.987	-25.3141
173.225967	95.945	-25.2775
174.481232	95.903	-25.2507
175.745605	95.859	-25.2172
177.019119	95.814	-25.1707
178.301880	95.770	-25.1200
179.593933	95.726	-25.0765
180.895340	95.682	-25.0513
182.206177	95.636	-25.0233
183.526520	95.591	-24.9786
184.856430	95.546	-24.9270
186.195984	95.502	-24.8705
187.545227	95.459	-24.8191
188.904266	95.414	-24.7687
190.273132	95.369	-24.7094
191.651932	95.323	-24.6476
193.040726	95.278	-24.5844
194.439575	95.231	-24.5192
195.848572	95.184	-24.4492
197.267761	95.137	-24.3676
198.697250	95.090	-24.2942
200.137085	95.044	-24.2197
201.587372	94.999	-24.1327
203.048157	94.956	-24.0436
204.519531	94.915	-23.9615
206.001556	94.873	-23.8893
207.494324	94.828	-23.8084
208.997925	94.783	-23.6935
210.512405	94.739	-23.5599
212.037857	94.696	-23.4357
213.574371	94.654	-23.3282
215.122025	94.611	-23.2271
216.680893	94.566	-23.1062
218.251053	94.523	-22.9642
219.832581	94.481	-22.8200
221.425583	94.438	-22.6821
223.030121	94.395	-22.5425
224.646286	94.351	-22.3959
226.274170	94.307	-22.2441
227.913849	94.265	-22.0928
229.565399	94.223	-21.9519
231.228928	94.181	-21.8130
232.904510	94.137	-21.6622
234.592224	94.092	-21.4929
236.292191	94.048	-21.3108
238.004456	94.005	-21.1283
239.729126	93.964	-20.9534
241.466309	93.923	-20.7784
243.216080	93.881	-20.5887
244.978516	93.840	-20.3917
246.753738	93.798	-20.1912
248.541809	93.756	-19.9873
250.342850	93.714	-19.7847
252.156937	93.671	-19.5775
253.984161	93.628	-19.3571
255.824646	93.584	-19.1238
257.678467	93.541	-18.8855
259.545685	93.497	-18.6593
261.426483	93.454	-18.4442
263.320862	93.410	-18.2306
265.229004	93.367	-17.9982
267.150970	93.326	-17.7346
269.086853	93.285	-17.4736
271.036774	93.243	-17.2240
273.000824	93.201	-16.9769
274.979095	93.158	-16.7269
276.971710	93.117	-16.4640
278.978760	93.078	-16.2003
281.000336	93.038	-15.9413
283.036591	92.999	-15.6731
285.087585	92.960	-15.3912
287.153442	92.923	-15.1086
289.234283	92.885	-14.8246
291.330200	92.847	-14.5308
293.441284	92.811	-14.2332
295.567688	92.775	-13.9366
297.709503	92.742	-13.6426
299.866821	92.709	-13.3530
302.039795	92.676	-13.0583
304.228485	92.642	-12.7620
306.433044	92.610	-12.4530
308.653595	92.580	-12.1361
310.890228	92.550	-11.8251
313.143066	92.521	-11.5143
315.412231	92.493	-11.2034
317.697845	92.467	-10.8848
320.000000	92.444	-10.5560
322.318848	92.422	-10.2356
324.654510	92.400	-9.9271
327.007080	92.378	-9.6125
329.376709	92.357	-9.2797
331.763519	92.338	-8.9512
334.167603	92.320	-8.6179
336.589142	92.303	-8.2827
339.028198	92.286	-7.9590
341.484924	92.270	-7.6241
343.959473	92.254	-7.2804
346.451935	92.238	-6.9473
348.962463	92.222	-6.6225
351.491211	92.207	-6.2838
354.038239	92.195	-5.9229
356.603760	92.183	-5.5682
359.187866	92.171	-5.2343
361.790680	92.158	-4.9069
364.412354	92.146	-4.5634
367.053040	92.135	-4.1951
369.712860	92.124	-3.8306
372.391968	92.114	-3.4869
375.090454	92.106	-3.1516
377.808533	92.099	-2.8075
380.546265	92.094	-2.4508
383.303864	92.088	-2.0955
386.081451	92.082	-1.7422
388.879150	92.076	-1.3789
391.697144	92.069	-1.0028
394.535522	92.064	-0.6428
397.394501	92.060	-0.3038
400.274170	92.057	0.0498
403.174744	92.054	0.4186
406.096313	92.051	0.7783
409.039062	92.051	1.1436
412.003113	92.052	1.5007
414.988647	92.051	1.8525
417.995850	92.049	2.2090
421.024811	92.047	2.5811
424.075714	92.048	2.9584
427.148743	92.051	3.3322
430.244049	92.055	3.6802
433.361786	92.058	4.0161
436.502106	92.061	4.3601
439.665161	92.062	4.7220
442.851166	92.063	5.1021
446.060242	92.066	5.4787
449.292572	92.071	5.8345
452.548340	92.078	6.1953
455.827698	92.084	6.5868
459.130798	92.091	6.9799
462.457855	92.100	7.3496
465.809021	92.109	7.7130
469.184448	92.118	8.0922
472.584381	92.128	8.4658
476.008911	92.141	8.8309
479.458252	92.155	9.2052
482.932617	92.166	9.6051
486.432159	92.176	10.0137
489.957031	92.188	10.4109
493.507477	92.203	10.8013
497.083618	92.218	11.1898
500.685699	92.233	11.5540
504.313873	92.250	11.9075
507.968323	92.271	12.2721
511.649292	92.294	12.6531
515.356934	92.318	13.0486
519.091370	92.340	13.4282
522.852966	92.363	13.7981
526.641724	92.388	14.1874
530.458008	92.415	14.5842
534.301941	92.445	14.9786
538.173706	92.475	15.3522
542.073547	92.507	15.6962
546.001648	92.540	16.0452
549.958191	92.573	16.4346
553.943420	92.609	16.8423
557.957520	92.645	17.2194
562.000671	92.682	17.5599
566.073181	92.721	17.9135
570.175171	92.763	18.2955
574.306885	92.806	18.6688
578.468567	92.852	18.9908
582.660400	92.900	19.3024
586.882568	92.947	19.6521
591.135376	92.997	19.9872
595.419006	93.050	20.2801
599.733643	93.101	20.5662
604.079590	93.150	20.8441
608.456970	93.199	21.1112
612.866089	93.251	21.3511
617.307190	93.306	21.5417
621.780457	93.363	21.7440
626.286133	93.418	21.9660
630.824463	93.473	22.1729
635.395691	93.532	22.3368
640.000000	93.592	22.4708
644.637695	93.651	22.5918
649.309021	93.708	22.7188
654.014160	93.766	22.8517
658.753418	93.823	22.9504
663.527039	93.880	22.9972
668.335205	93.935	23.0354
673.178284	93.987	23.1060
678.056396	94.037	23.1783
682.969849	94.087	23.1998
687.918945	94.135	23.1973
692.903870	94.181	23.2229
697.924927	94.223	23.2415
702.982422	94.265	23.2067
708.076477	94.305	23.1754
713.207520	94.342	23.1646
718.375732	94.375	23.1691
723.581360	94.406	23.1636
728.824707	94.436	23.1283
734.106079	94.464	23.0956
739.425720	94.488	23.0851
744.783936	94.509	23.0767
750.180908	94.530	23.0637
755.617065	94.550	23.0612
761.092529	94.567	23.0690
766.607727	94.580	23.0756
772.162903	94.593	23.0920
777.758301	94.605	23.1158
783.394287	94.616	23.1294
789.071045	94.623	23.1573
794.789001	94.626	23.2103
800.548340	94.629	23.2819
806.349487	94.631	23.3684
812.192627	94.628	23.4542
818.078125	94.624	23.5366
824.006226	94.620	23.6317
829.977295	94.615	23.7585
835.991699	94.609	23.9090
842.049622	94.603	24.0366
848.151428	94.597	24.1478
854.297485	94.589	24.2948
860.488098	94.578	24.5040
866.723572	94.570	24.7338
873.004211	94.564	24.9429
879.330322	94.561	25.1478
885.702332	94.556	25.3840
892.120483	94.551	25.6476
898.585144	94.547	25.9077
905.096680	94.545	26.1634
911.655396	94.542	26.4374
918.261597	94.536	26.7363
924.915710	94.528	27.0338
931.618042	94.525	27.3022
938.368896	94.524	27.5575
945.168762	94.524	27.8346
952.017822	94.524	28.1388
958.916504	94.525	28.4595
965.865234	94.527	28.7621
972.864319	94.529	29.0314
979.914062	94.532	29.3231
987.014954	94.536	29.6716
994.167236	94.537	30.0150
1001.371399	94.534	30.3070
1008.627747	94.524	30.6011
1015.936646	94.511	30.9446
1023.298584	94.496	31.3101
1030.713867	94.481	31.6545
1038.182739	94.469	31.9845
1045.705933	94.456	32.3310
1053.283447	94.439	32.6982
1060.916016	94.420	33.0874
1068.603882	94.403	33.5187
1076.347412	94.393	33.9967
1084.147095	94.389	34.5037
1092.003296	94.386	35.0085
1099.916382	94.388	35.5251
1107.886841	94.399	36.1024
1115.915039	94.419	36.7111
1124.001343	94.445	37.2711
1132.146362	94.474	37.7535
1140.350342	94.511	38.1803
1148.613770	94.557	38.5526
1156.937134	94.607	38.8521
1165.320801	94.654	39.0887
1173.765137	94.694	39.2987
1182.270752	94.729	39.4894
1190.838013	94.762	39.6291
1199.467285	94.793	39.7281
1208.159180	94.816	39.8366
1216.913940	94.830	39.9572
1225.732178	94.844	40.0700
1234.614380	94.859	40.1754
1243.560913	94.873	40.2887
1252.572266	94.883	40.4187
1261.648926	94.897	40.5547
1270.791382	94.918	40.6914
1280.000000	94.939	40.8387
1289.275391	94.955	41.0052
1298.618042	94.965	41.1832
1308.028320	94.977	41.3731
1317.506836	94.991	41.5781
1327.054077	95.003	41.7906
1336.670410	95.008	42.0089
1346.356567	95.013	42.2481
1356.112793	95.022	42.5207
1365.939697	95.032	42.8170
1375.837891	95.036	43.1137
1385.807739	95.038	43.4218
1395.849854	95.045	43.7685
1405.964844	95.057	44.1590
1416.152954	95.068	44.5561
1426.415039	95.075	44.9429
1436.751465	95.087	45.3564
1447.162720	95.108	45.8082
1457.649414	95.132	46.2604
1468.212158	95.153	46.6800
1478.851440	95.173	47.0889
1489.567871	95.198	47.5300
1500.361816	95.227	48.0002
1511.234131	95.253	48.4409
1522.185059	95.274	48.8473
1533.215454	95.297	49.2956
1544.325806	95.325	49.8134
1555.516602	95.354	50.3323
1566.788574	95.378	50.8094
1578.142090	95.404	51.3010
1589.578003	95.438	51.8679
1601.096680	95.477	52.4738
1612.698975	95.518	53.0506
1624.385254	95.560	53.5914
1636.156250	95.605	54.1507
1648.012451	95.651	54.7906
1659.954590	95.699	55.5014
1671.983398	95.755	56.2076
1684.099243	95.823	56.8730
1696.302856	95.893	57.5470
1708.594971	95.959	58.2838
1720.976196	96.023	59.0540
1733.447144	96.092	59.7839
1746.008423	96.168	60.4465
1758.660645	96.247	61.0943
1771.404663	96.329	61.8099
1784.240967	96.417	62.6110
1797.170288	96.511	63.4069
1810.193359	96.609	64.1339
1823.310791	96.714	64.8843
1836.523193	96.829	65.7602
1849.831421	96.956	66.6935
1863.236084	97.096	67.5525
1876.737793	97.251	68.3460
1890.337524	97.422	69.1809
1904.035645	97.611	70.0410
1917.833008	97.816	70.7681
1931.730469	98.032	71.2784
1945.728638	98.254	71.6698
1959.828125	98.476	72.0234
1974.029907	98.694	72.2650
1988.334473	98.904	72.3151
2002.742798	99.106	72.2657
2017.255493	99.298	72.2400
2031.873291	99.479	72.2613
2046.597168	99.654	72.3135
2061.427734	99.837	72.3839
2076.365479	100.031	72.4575
2091.411865	100.224	72.5177
2106.566895	100.407	72.5561
2121.832031	100.589	72.5831
2137.207764	100.780	72.5654
2152.694824	100.983	72.4241
2168.294189	101.189	72.1598
2184.006592	101.395	71.8908
2199.832764	101.597	71.6278
2215.773682	101.795	71.2281
2231.830078	101.989	70.6553
2248.002686	102.171	70.0568
2264.292725	102.343	69.5403
2280.700684	102.509	69.0165
2297.227539	102.672	68.3809
2313.874268	102.829	67.7081
2330.641602	102.979	67.1395
2347.530273	103.123	66.6342
2364.541504	103.271	66.0483
2381.676025	103.421	65.3724
2398.934570	103.569	64.7303
2416.318359	103.711	64.1671
2433.827881	103.855	63.5541
2451.464355	104.005	62.7863
2469.228760	104.150	61.9576
2487.121826	104.284	61.2006
2505.144531	104.411	60.4637
2523.297852	104.539	59.6164
2541.582764	104.664	58.6860
2560.000000	104.778	57.8072
2578.550781	104.878	57.0117
2597.236084	104.975	56.1843
2616.056641	105.075	55.2708
2635.013672	105.171	54.3940
2654.108154	105.261	53.6454
2673.340820	105.352	52.9317
2692.713135	105.456	52.1199
2712.225586	105.568	51.2416
2731.879395	105.675	50.3970
2751.675781	105.781	49.5498
2771.615479	105.895	48.5668
2791.699707	106.015	47.4237
2811.929688	106.126	46.2317
2832.305908	106.217	45.0566
2852.830078	106.295	43.8229
2873.502930	106.369	42.4613
2894.325439	106.431	41.0477
2915.298828	106.470	39.7039
2936.424316	106.490	38.4236
2957.702881	106.508	37.1046
2979.135742	106.527	35.7547
3000.723633	106.532	34.4818
3022.468262	106.520	33.3198
3044.370117	106.507	32.1682
3066.430908	106.500	30.9516
3088.651611	106.489	29.7448
3111.033203	106.462	28.6121
3133.577148	106.422	27.4847
3156.284180	106.385	26.3500
3179.156006	106.360	25.3370
3202.193359	106.339	24.4532
3225.397949	106.306	23.5223
3248.770508	106.254	22.4652
3272.312500	106.186	21.3951
3296.024902	106.117	20.3660
3319.909180	106.057	19.3299
3343.966797	105.996	18.3140
3368.198486	105.918	17.3796
3392.605713	105.827	16.4937
3417.189941	105.741	15.5979
3441.952393	105.662	14.7059
3466.894287	105.573	13.8794
3492.016846	105.468	13.1180
3517.321289	105.364	12.3838
3542.809326	105.271	11.6533
3568.481934	105.178	10.9473
3594.340576	105.067	10.2932
3620.386719	104.948	9.6769
3646.621582	104.839	9.0660
3673.046387	104.740	8.4727
3699.662842	104.629	7.9285
3726.472168	104.501	7.4220
3753.475586	104.376	6.9409
3780.675049	104.266	6.4869
3808.071289	104.154	6.0724
3835.666016	104.023	5.7007
3863.460938	103.882	5.3420
3891.457275	103.752	5.0521
3919.656250	103.635	4.9817
3948.059814	103.522	5.0710
3976.668945	103.401	5.0806
4005.485596	103.260	4.9436
4034.510986	103.101	4.7943
4063.746582	102.945	4.6967
4093.194336	102.805	4.6525
4122.855469	102.668	4.6482
4152.730957	102.513	4.6542
4182.823730	102.351	4.6788
4213.133789	102.206	4.7688
4243.664062	102.074	4.9163
4274.415527	101.931	5.0770
4305.389648	101.772	5.2506
4336.588379	101.622	5.4670
4368.013184	101.492	5.7501
4399.665527	101.362	6.0690
4431.547363	101.215	6.3873
4463.660156	101.066	6.7393
4496.005371	100.940	7.1724
4528.585449	100.826	7.6577
4561.401367	100.697	8.1292
4594.455078	100.557	8.5846
4627.748535	100.433	9.1010
4661.283203	100.330	9.7149
4695.060547	100.224	10.3324
4729.083008	100.099	10.9006
4763.352051	99.978	11.5065
4797.869141	99.882	12.2303
4832.636719	99.798	13.0082
4867.655762	99.698	13.7413
4902.928711	99.588	14.4372
4938.457520	99.497	15.2107
4974.243652	99.429	16.0979
5010.289062	99.357	16.9858
5046.595703	99.272	17.8287
5083.165527	99.196	18.7361
5120.000000	99.147	19.7830
5157.101562	99.107	20.8864
5194.472168	99.052	21.9347
5232.113281	98.995	22.9829
5270.027344	98.964	24.1737
5308.216309	98.954	25.4845
5346.681641	98.941	26.7666
5385.426270	98.921	28.0148
5424.451172	98.923	29.3723
5463.758789	98.959	30.8911
5503.351562	99.008	32.4284
5543.230957	99.053	33.8754
5583.399414	99.113	35.3496
5623.859375	99.217	37.0093
5664.611816	99.354	38.7726
5705.660156	99.499	40.4367
5747.005859	99.658	42.0067
5788.650879	99.861	43.6837
5830.597656	100.118	45.4875
5872.848633	100.402	47.1913
5915.405762	100.700	48.6673
5958.271484	101.034	50.0193
6001.447266	101.427	51.4537
6044.936523	101.872	52.9951
6088.740234	102.359	54.3900
6132.861816	102.880	55.2839
6177.303223	103.425	55.5371
6222.066406	103.995	55.2272
6267.154297	104.608	54.5088
6312.568359	105.252	53.3575
6358.312012	105.884	51.4582
6404.386719	106.472	48.5873
6450.795898	107.012	44.8623
6497.541016	107.495	40.5175
6544.625000	107.871	35.5312
6592.049805	108.081	29.8279
6639.818359	108.108	23.7042
6687.933594	107.976	17.8022
6736.396973	107.706	12.5644
6785.211426	107.304	7.9682
6834.379883	106.787	3.9690
6883.904785	106.211	0.7778
6933.788574	105.634	-1.4166
6984.033691	105.068	-2.8311
7034.642578	104.502	-3.8561
7085.618652	103.948	-4.5337
7136.963867	103.441	-4.6260
7188.681152	102.993	-4.2008
7240.773438	102.577	-3.6526
7293.243164	102.174	-3.1513
7346.092773	101.804	-2.4504
7399.325684	101.483	-1.2742
7452.944336	101.203	0.3562
7506.951172	100.952	2.1464
7561.350098	100.724	3.7302
7616.142578	100.507	4.9828
7671.332031	100.310	6.1481
7726.921875	100.162	7.6124
7782.914551	100.064	9.3716
7839.312500	99.986	11.0083
7896.119629	99.915	12.3660
7953.337891	99.878	13.7708
8010.971191	99.896	15.4556
8069.021973	99.949	17.1343
8127.493164	100.009	18.4576
8186.388672	100.093	19.6019
8245.710938	100.233	20.9656
8305.461914	100.425	22.4619
8365.647461	100.638	23.6195
8426.267578	100.866	24.3381
8487.328125	101.145	25.0009
8548.831055	101.490	25.7847
8610.779297	101.869	26.2583
8673.176758	102.265	26.0570
8736.026367	102.703	25.4185
8799.331055	103.209	24.6687
8863.094727	103.763	23.5271
8927.320312	104.325	21.3826
8992.010742	104.882	18.0769
9057.170898	105.435	13.9198
9122.802734	105.942	8.9315
9188.910156	106.316	2.6685
9255.497070	106.484	-5.0197
9322.566406	106.425	-13.3986
9390.121094	106.143	-21.4451
9458.166016	105.638	-28.7593
9526.704102	104.918	-35.4321
9595.738281	104.033	-41.2354
9665.273438	103.070	-45.5907
9735.311523	102.093	-48.4446
9805.857422	101.111	-50.4523
9876.915039	100.129	-52.0594
9948.487305	99.181	-52.9811
10020.578125	98.306	-52.9498
10093.191406	97.496	-52.4381
10166.331055	96.715	-52.0557
10240.000000	95.960	-51.6925
10314.203125	95.255	-50.7979
10388.944336	94.606	-49.3906
10464.226562	93.979	-48.0726
10540.054688	93.358	-47.0302
10616.432617	92.768	-45.7179
10693.363281	92.231	-43.7965
10770.852539	91.725	-41.7512
10848.902344	91.220	-40.1210
10927.517578	90.725	-38.6010
11006.703125	90.273	-36.5778
11086.461914	89.862	-34.2127
11166.798828	89.455	-32.2200
11247.718750	89.043	-30.6425
11329.223633	88.658	-28.7634
11411.320312	88.313	-26.2094
11494.011719	87.991	-23.2573
11577.301758	87.684	-20.3197
11661.195312	87.386	-17.7815
11745.697266	87.085	-15.8311
11830.811523	86.792	-14.0466
11916.542969	86.535	-11.7916
12002.894531	86.312	-9.1758
12089.873047	86.090	-6.9101
12177.480469	85.861	-5.0953
12265.723633	85.656	-3.0381
12354.606445	85.492	-0.4148
12444.132812	85.343	2.1317
12534.308594	85.183	4.0791
12625.136719	85.031	5.8735
12716.624023	84.918	8.1875
12808.773438	84.836	10.7798
12901.591797	84.754	12.9368
12995.082031	84.674	14.7269
13089.250000	84.630	16.8947
13184.099609	84.629	19.5713
13279.636719	84.644	21.9771
13375.867188	84.656	23.6994
13472.793945	84.696	25.3991
13570.422852	84.790	27.7244
13668.759766	84.922	30.1521
13767.809570	85.059	31.8415
13867.577148	85.214	33.0735
13968.067383	85.423	34.8064
14069.285156	85.688	37.2426
14171.237305	85.997	39.8938
14273.927734	86.351	42.3056
14377.362305	86.750	43.9558
14481.546875	87.194	44.6040
14586.486328	87.713	44.9294
14692.185547	88.338	45.6343
14798.651367	89.055	46.1385
14905.888672	89.840	45.3818
15013.902344	90.716	43.3813
15122.700195	91.719	40.8842
15232.285156	92.821	37.5382
15342.664062	93.928	31.7831
15453.843750	94.933	22.7173
15565.829102	95.712	10.9365
15678.625000	96.120	-2.4088
15792.239258	96.029	-16.4619
15906.675781	95.413	-30.3885
16021.942383	94.387	-42.6946
16138.043945	93.155	-51.8168
16254.986328	91.886	-57.7990
16372.777344	90.657	-62.2493
16491.421875	89.495	-66.2120
16610.923828	88.446	-69.1547
16731.294922	87.544	-70.6201
16852.535156	86.769	-71.5820
16974.656250	86.076	-73.1906
17097.662109	85.463	-75.1139
17221.558594	84.956	-76.3394
17346.353516	84.546	-77.1517
17472.052734	84.186	-78.8177
17598.662109	83.861	-81.4972
17726.189453	83.595	-84.0265
17854.640625	83.395	-85.8190
17984.021484	83.242	-87.3826
18114.341797	83.130	-89.3502
18245.605469	83.060	-92.3295
18377.820312	83.021	-96.7800
18510.994141	83.031	-102.1929
18645.132812	83.119	-107.6439
18780.242188	83.268	-113.4260
18916.332031	83.412	-120.9148
19053.408203	83.516	-130.3933
19191.476562	83.583	-140.6324
19330.546875	83.616	-150.9889
19470.623047	83.594	-162.2762
19611.714844	83.523	-175.2758
19753.830078	83.466	170.6161
19896.974609	83.474	156.0015
