20.000000	104.953	30.1724
20.144928	104.945	29.6161
20.290907	104.936	29.0674
20.437943	104.927	28.5254
20.586044	104.918	27.9893
20.735220	104.909	27.4598
20.885475	104.900	26.9338
21.036821	104.891	26.4112
21.189262	104.882	25.8905
21.342808	104.874	25.3687
21.497467	104.866	24.8463
21.653246	104.857	24.3216
21.810154	104.848	23.7936
21.968201	104.839	23.2640
22.127390	104.828	22.7323
22.287735	104.816	22.2000
22.449242	104.803	21.6702
22.611917	104.789	21.1424
22.775772	104.773	20.6212
22.940815	104.757	20.1064
23.107054	104.739	19.5999
23.274498	104.721	19.1027
23.443153	104.703	18.6132
23.613033	104.685	18.1316
23.784142	104.668	17.6556
23.956491	104.651	17.1825
24.130091	104.634	16.7119
24.304947	104.617	16.2399
24.481071	104.600	15.7671
24.658470	104.582	15.2925
24.837156	104.564	14.8168
25.017136	104.544	14.3428
25.198421	104.523	13.8706
25.381020	104.501	13.4052
25.564941	104.478	12.9460
25.750195	104.454	12.4960
25.936790	104.430	12.0548
26.124741	104.406	11.6206
26.314051	104.383	11.1929
26.504732	104.360	10.7670
26.696796	104.337	10.3424
26.890253	104.315	9.9149
27.085112	104.292	9.4851
27.281382	104.269	9.0519
27.479073	104.245	8.6171
27.678198	104.219	8.1824
27.878765	104.193	7.7505
28.080786	104.165	7.3232
28.284271	104.137	6.9019
28.489231	104.108	6.4869
28.695675	104.079	6.0768
28.903616	104.050	5.6712
29.113064	104.021	5.2676
29.324028	103.991	4.8661
29.536524	103.961	4.4656
29.750557	103.930	4.0684
29.966141	103.899	3.6749
30.183289	103.867	3.2885
30.402010	103.834	2.9096
30.622314	103.801	2.5402
30.844217	103.769	2.1782
31.067726	103.737	1.8232
31.292856	103.706	1.4712
31.519617	103.676	1.1206
31.748020	103.647	0.7685
31.978081	103.618	0.4142
32.209808	103.588	0.0578
32.443211	103.558	-0.2994
32.678310	103.527	-0.6552
32.915108	103.494	-1.0078
33.153625	103.461	-1.3542
33.393871	103.427	-1.6932
33.635857	103.392	-2.0233
33.879597	103.357	-2.3433
34.125103	103.322	-2.6537
34.372387	103.288	-2.9548
34.621464	103.254	-3.2496
34.872345	103.221	-3.5414
35.125042	103.189	-3.8332
35.379574	103.157	-4.1295
35.635948	103.125	-4.4310
35.894180	103.092	-4.7371
36.154285	103.057	-5.0446
36.416275	103.021	-5.3470
36.680161	102.983	-5.6407
36.945961	102.945	-5.9214
37.213688	102.907	-6.1893
37.483353	102.870	-6.4486
37.754974	102.834	-6.7040
38.028561	102.800	-6.9617
38.304131	102.765	-7.2256
38.581699	102.730	-7.4945
38.861279	102.695	-7.7660
39.142883	102.658	-8.0350
39.426529	102.620	-8.2970
39.712231	102.582	-8.5514
40.000000	102.545	-8.7991
40.289856	102.508	-9.0425
40.581814	102.472	-9.2838
40.875885	102.436	-9.5227
41.172089	102.399	-9.7573
41.470440	102.363	-9.9863
41.770950	102.327	-10.2095
42.073643	102.292	-10.4296
42.378525	102.257	-10.6512
42.685616	102.222	-10.8768
42.994934	102.187	-11.1049
43.306492	102.150	-11.3307
43.620308	102.112	-11.5472
43.936401	102.073	-11.7492
44.254780	102.035	-11.9373
44.575470	101.999	-12.1181
44.898483	101.965	-12.3005
45.223835	101.931	-12.4908
45.551544	101.897	-12.6893
45.881630	101.861	-12.8911
46.214108	101.825	-13.0884
46.548996	101.787	-13.2756
46.886307	101.750	-13.4527
47.226067	101.714	-13.6241
47.568283	101.679	-13.7958
47.912983	101.643	-13.9700
48.260181	101.608	-14.1453
48.609894	101.572	-14.3175
48.962143	101.536	-14.4833
49.316940	101.500	-14.6420
49.674313	101.464	-14.7957
50.034271	101.428	-14.9476
50.396843	101.390	-15.1013
50.762039	101.352	-15.2574
51.129883	101.312	-15.4145
51.500389	101.272	-15.5687
51.873581	101.231	-15.7161
52.249481	101.190	-15.8549
52.628101	101.150	-15.9879
53.009464	101.109	-16.1206
53.393593	101.069	-16.2560
53.780506	101.028	-16.3900
54.170223	100.985	-16.5115
54.562763	100.943	-16.6110
54.958145	100.903	-16.6917
55.356396	100.868	-16.7723
55.757530	100.836	-16.8776
56.161572	100.803	-17.0200
56.568542	100.768	-17.1891
56.978462	100.728	-17.3573
57.391350	100.684	-17.4999
57.807232	100.641	-17.6124
58.226128	100.601	-17.7106
58.648056	100.563	-17.8145
59.073048	100.525	-17.9319
59.501114	100.487	-18.0560
59.932281	100.447	-18.1733
60.366577	100.407	-18.2767
60.804020	100.369	-18.3700
61.244629	100.331	-18.4619
61.688435	100.295	-18.5594
62.135452	100.259	-18.6638
62.585712	100.222	-18.7700
63.039234	100.186	-18.8710
63.496040	100.152	-18.9629
63.956161	100.119	-19.0477
64.419617	100.087	-19.1310
64.886421	100.055	-19.2161
65.356621	100.024	-19.3018
65.830215	99.993	-19.3867
66.307251	99.962	-19.4730
66.787743	99.931	-19.5632
67.271713	99.900	-19.6552
67.759193	99.868	-19.7426
68.250206	99.836	-19.8248
68.744774	99.806	-19.9086
69.242928	99.775	-19.9983
69.744690	99.744	-20.0878
70.250084	99.713	-20.1686
70.759148	99.682	-20.2419
71.271896	99.653	-20.3185
71.788361	99.624	-20.4021
72.308571	99.594	-20.4833
72.832550	99.564	-20.5528
73.360321	99.535	-20.6154
73.891922	99.507	-20.6830
74.427376	99.478	-20.7578
74.966705	99.449	-20.8319
75.509949	99.419	-20.8990
76.057121	99.388	-20.9608
76.608261	99.358	-21.0195
77.163399	99.328	-21.0740
77.722557	99.298	-21.1251
78.285767	99.269	-21.1782
78.853058	99.240	-21.2374
79.424461	99.211	-21.3010
80.000000	99.181	-21.3668
80.579712	99.150	-21.4350
81.163628	99.118	-21.5044
81.751770	99.086	-21.5710
82.344177	99.054	-21.6342
82.940880	99.023	-21.6986
83.541901	98.992	-21.7660
84.147285	98.961	-21.8319
84.757050	98.930	-21.8921
85.371231	98.900	-21.9478
85.989868	98.870	-22.0016
86.612984	98.840	-22.0530
87.240616	98.811	-22.1021
87.872803	98.781	-22.1508
88.509560	98.752	-22.2023
89.150940	98.722	-22.2589
89.796967	98.691	-22.3173
90.447670	98.659	-22.3704
91.103088	98.627	-22.4173
91.763260	98.595	-22.4647
92.428215	98.563	-22.5133
93.097992	98.531	-22.5557
93.772614	98.499	-22.5919
94.452133	98.469	-22.6315
95.136566	98.440	-22.6791
95.825966	98.410	-22.7323
96.520363	98.379	-22.7876
97.219788	98.348	-22.8389
97.924286	98.317	-22.8829
98.633881	98.285	-22.9235
99.348625	98.253	-22.9603
100.068542	98.222	-22.9890
100.793686	98.191	-23.0159
101.524078	98.161	-23.0543
102.259766	98.130	-23.1049
103.000778	98.098	-23.1575
103.747162	98.065	-23.2064
104.498962	98.033	-23.2527
105.256203	98.000	-23.2949
106.018929	97.968	-23.3317
106.787186	97.937	-23.3739
107.561012	97.906	-23.4301
108.340446	97.873	-23.4843
109.125526	97.839	-23.5222
109.916290	97.806	-23.5595
110.712791	97.772	-23.6037
111.515060	97.737	-23.6379
112.323143	97.704	-23.6586
113.137085	97.672	-23.6786
113.956924	97.641	-23.7086
114.782700	97.610	-23.7560
115.614464	97.578	-23.8114
116.452255	97.545	-23.8569
117.296112	97.513	-23.8994
118.146095	97.479	-23.9526
119.002228	97.444	-24.0020
119.864563	97.409	-24.0253
120.733154	97.376	-24.0357
121.608040	97.345	-24.0616
122.489258	97.313	-24.1052
123.376869	97.280	-24.1521
124.270905	97.246	-24.1907
125.171425	97.214	-24.2188
126.078468	97.186	-24.2411
126.992081	97.159	-24.2657
127.912323	97.133	-24.3036
128.839233	97.106	-24.3473
129.772842	97.079	-24.3812
130.713242	97.051	-24.4076
131.660431	97.023	-24.4299
132.614502	96.996	-24.4521
133.575485	96.969	-24.4766
134.543427	96.942	-24.4949
135.518387	96.915	-24.5107
136.500412	96.888	-24.5323
137.489548	96.861	-24.5541
138.485855	96.834	-24.5812
139.489380	96.806	-24.6188
140.500168	96.777	-24.6470
141.518295	96.747	-24.6635
142.543793	96.718	-24.6833
143.576721	96.689	-24.7045
144.617142	96.659	-24.7216
145.665100	96.630	-24.7419
146.720642	96.600	-24.7626
147.783844	96.570	-24.7816
148.854752	96.539	-24.7982
149.933411	96.509	-24.8046
151.019897	96.478	-24.8066
152.114243	96.448	-24.8087
153.216522	96.418	-24.8143
154.326797	96.387	-24.8243
155.445114	96.355	-24.8414
156.571533	96.322	-24.8621
157.706116	96.288	-24.8753
158.848923	96.253	-24.8806
160.000000	96.217	-24.8740
161.159424	96.180	-24.8653
162.327255	96.140	-24.8682
163.503540	96.098	-24.8628
164.688354	96.056	-24.8451
165.881760	96.013	-24.8239
167.083801	95.972	-24.8080
168.294571	95.931	-24.8010
169.514099	95.889	-24.7944
170.742462	95.847	-24.7805
171.979736	95.804	-24.7599
173.225967	95.761	-24.7346
174.481232	95.717	-24.7101
175.745605	95.673	-24.6935
177.019119	95.628	-24.6649
178.301880	95.583	-24.6237
179.593933	95.540	-24.5859
180.895340	95.497	-24.5432
182.206177	95.452	-24.4983
183.526520	95.407	-24.4519
184.856430	95.360	-24.4014
186.195984	95.313	-24.3484
187.545227	95.266	-24.2957
188.904266	95.220	-24.2348
190.273132	95.174	-24.1624
191.651932	95.130	-24.0802
193.040726	95.086	-24.0004
194.439575	95.041	-23.9211
195.848572	94.995	-23.8392
197.267761	94.949	-23.7732
198.697250	94.903	-23.7097
200.137085	94.857	-23.6208
201.587372	94.814	-23.5149
203.048157	94.773	-23.4137
204.519531	94.731	-23.3186
206.001556	94.688	-23.2084
207.494324	94.645	-23.0929
208.997925	94.602	-22.9874
210.512405	94.559	-22.8883
212.037857	94.517	-22.7837
213.574371	94.475	-22.6722
215.122025	94.433	-22.5473
216.680893	94.391	-22.4105
218.251053	94.350	-22.2738
219.832581	94.308	-22.1398
221.425583	94.266	-22.0024
223.030121	94.223	-21.8588
224.646286	94.181	-21.7148
226.274170	94.138	-21.5699
227.913849	94.095	-21.4233
229.565399	94.052	-21.2745
231.228928	94.009	-21.1139
232.904510	93.966	-20.9410
234.592224	93.924	-20.7631
236.292191	93.881	-20.5826
238.004456	93.839	-20.4014
239.729126	93.798	-20.2256
241.466309	93.758	-20.0568
243.216080	93.719	-19.8821
244.978516	93.680	-19.6906
246.753738	93.641	-19.4816
248.541809	93.601	-19.2734
250.342850	93.560	-19.0724
252.156937	93.516	-18.8679
253.984161	93.473	-18.6688
255.824646	93.428	-18.4568
257.678467	93.384	-18.2176
259.545685	93.341	-17.9895
261.426483	93.297	-17.7760
263.320862	93.255	-17.5535
265.229004	93.213	-17.3098
267.150970	93.173	-17.0559
269.086853	93.133	-16.8098
271.036774	93.092	-16.5789
273.000824	93.051	-16.3433
274.979095	93.012	-16.0823
276.971710	92.975	-15.8048
278.978760	92.937	-15.5292
281.000336	92.899	-15.2656
283.036591	92.861	-15.0148
285.087585	92.823	-14.7529
287.153442	92.787	-14.4813
289.234283	92.752	-14.2051
291.330200	92.717	-13.9059
293.441284	92.682	-13.5983
295.567688	92.648	-13.3038
297.709503	92.614	-13.0250
299.866821	92.581	-12.7422
302.039795	92.548	-12.4514
304.228485	92.517	-12.1537
306.433044	92.487	-11.8574
308.653595	92.459	-11.5711
310.890228	92.431	-11.2744
313.143066	92.404	-10.9583
315.412231	92.379	-10.6486
317.697845	92.356	-10.3463
320.000000	92.333	-10.0322
322.318848	92.312	-9.7044
324.654510	92.293	-9.3877
327.007080	92.276	-9.0762
329.376709	92.259	-8.7561
331.763519	92.242	-8.4334
334.167603	92.226	-8.1061
336.589142	92.212	-7.7719
339.028198	92.199	-7.4343
341.484924	92.186	-7.1045
343.959473	92.173	-6.7930
346.451935	92.161	-6.4697
348.962463	92.151	-6.1333
351.491211	92.141	-5.8009
354.038239	92.131	-5.4674
356.603760	92.122	-5.1367
359.187866	92.112	-4.8096
361.790680	92.101	-4.4673
364.412354	92.091	-4.1169
367.053040	92.085	-3.7756
369.712860	92.081	-3.4495
372.391968	92.076	-3.1315
375.090454	92.070	-2.8136
377.808533	92.064	-2.4686
380.546265	92.062	-2.0972
383.303864	92.060	-1.7447
386.081451	92.056	-1.4246
388.879150	92.054	-1.1118
391.697144	92.053	-0.7928
394.535522	92.053	-0.4517
397.394501	92.053	-0.0959
400.274170	92.053	0.2509
403.174744	92.053	0.5836
406.096313	92.055	0.9318
409.039062	92.058	1.2898
412.003113	92.061	1.6304
414.988647	92.065	1.9579
417.995850	92.070	2.3010
421.024811	92.077	2.6638
424.075714	92.085	3.0194
427.148743	92.093	3.3561
430.244049	92.100	3.6874
433.361786	92.108	4.0374
436.502106	92.117	4.3955
439.665161	92.127	4.7319
442.851166	92.139	5.0526
446.060242	92.150	5.3761
449.292572	92.161	5.7114
452.548340	92.172	6.0471
455.827698	92.186	6.3662
459.130798	92.201	6.6689
462.457855	92.217	6.9888
465.809021	92.233	7.3306
469.184448	92.249	7.6636
472.584381	92.268	7.9750
476.008911	92.287	8.2799
479.458252	92.307	8.6015
482.932617	92.327	8.9396
486.432159	92.349	9.2535
489.957031	92.371	9.5335
493.507477	92.395	9.8144
497.083618	92.421	10.1193
500.685699	92.449	10.4355
504.313873	92.478	10.7089
507.968323	92.508	10.9595
511.649292	92.539	11.2355
515.356934	92.569	11.5226
519.091370	92.602	11.7985
522.852966	92.636	12.0638
526.641724	92.671	12.3018
530.458008	92.706	12.5413
534.301941	92.741	12.7841
538.173706	92.780	13.0054
542.073547	92.819	13.2068
546.001648	92.858	13.4139
549.958191	92.896	13.6296
553.943420	92.934	13.8140
557.957520	92.974	13.9698
562.000671	93.012	14.1321
566.073181	93.049	14.2848
570.175171	93.087	14.4165
574.306885	93.127	14.5376
578.468567	93.167	14.6494
582.660400	93.206	14.7557
586.882568	93.244	14.8477
591.135376	93.282	14.9294
595.419006	93.319	15.0139
599.733643	93.354	15.0953
604.079590	93.388	15.1504
608.456970	93.420	15.1643
612.866089	93.449	15.1732
617.307190	93.475	15.2093
621.780457	93.502	15.2522
626.286133	93.530	15.2756
630.824463	93.557	15.2872
635.395691	93.582	15.3047
640.000000	93.606	15.3257
644.637695	93.632	15.3573
649.309021	93.659	15.3928
654.014160	93.681	15.4131
658.753418	93.698	15.4229
663.527039	93.713	15.4407
668.335205	93.730	15.4695
673.178284	93.746	15.5054
678.056396	93.757	15.5198
682.969849	93.766	15.5347
687.918945	93.776	15.5732
692.903870	93.789	15.6118
697.924927	93.801	15.6376
702.982422	93.809	15.6779
708.076477	93.815	15.7361
713.207520	93.821	15.7910
718.375732	93.828	15.8444
723.581360	93.833	15.9045
728.824707	93.836	15.9786
734.106079	93.838	16.0541
739.425720	93.840	16.1262
744.783936	93.844	16.2170
750.180908	93.846	16.3162
755.617065	93.845	16.3900
761.092529	93.843	16.4573
766.607727	93.840	16.5720
772.162903	93.838	16.7441
777.758301	93.837	16.9247
783.394287	93.837	17.0562
789.071045	93.837	17.1825
794.789001	93.836	17.3596
800.548340	93.834	17.5637
806.349487	93.829	17.7438
812.192627	93.823	17.9056
818.078125	93.815	18.0986
824.006226	93.804	18.3331
829.977295	93.792	18.5559
835.991699	93.781	18.7297
842.049622	93.771	18.8984
848.151428	93.763	19.1166
854.297485	93.758	19.3740
860.488098	93.753	19.6196
866.723572	93.747	19.8407
873.004211	93.739	20.0598
879.330322	93.732	20.3182
885.702332	93.727	20.6085
892.120483	93.722	20.8901
898.585144	93.717	21.1389
905.096680	93.712	21.3960
911.655396	93.709	21.7017
918.261597	93.708	22.0093
924.915710	93.706	22.2789
931.618042	93.704	22.5476
938.368896	93.702	22.8531
945.168762	93.702	23.1890
952.017822	93.701	23.4976
958.916504	93.700	23.7686
965.865234	93.700	24.0630
972.864319	93.700	24.4156
979.914062	93.700	24.7692
987.014954	93.699	25.0792
994.167236	93.695	25.3795
1001.371399	93.685	25.7283
1008.627747	93.667	26.1097
1015.936646	93.646	26.4639
1023.298584	93.621	26.7961
1030.713867	93.594	27.1766
1038.182739	93.566	27.6274
1045.705933	93.538	28.0929
1053.283447	93.512	28.5558
1060.916016	93.490	29.0701
1068.603882	93.470	29.6951
1076.347412	93.459	30.3932
1084.147095	93.463	31.0914
1092.003296	93.484	31.7725
1099.916382	93.519	32.4663
1107.886841	93.566	33.1298
1115.915039	93.626	33.6767
1124.001343	93.694	34.0849
1132.146362	93.763	34.3898
1140.350342	93.823	34.6040
1148.613770	93.873	34.7332
1156.937134	93.915	34.8313
1165.320801	93.953	34.9592
1173.765137	93.988	35.1079
1182.270752	94.015	35.2068
1190.838013	94.037	35.2616
1199.467285	94.054	35.3508
1208.159180	94.068	35.5056
1216.913940	94.076	35.6615
1225.732178	94.077	35.7597
1234.614380	94.076	35.8404
1243.560913	94.078	35.9599
1252.572266	94.087	36.1044
1261.648926	94.100	36.2467
1270.791382	94.112	36.3994
1280.000000	94.120	36.5753
1289.275391	94.129	36.7607
1298.618042	94.142	36.9530
1308.028320	94.152	37.1472
1317.506836	94.155	37.3472
1327.054077	94.158	37.5791
1336.670410	94.165	37.8457
1346.356567	94.173	38.1290
1356.112793	94.177	38.4190
1365.939697	94.178	38.7207
1375.837891	94.184	39.0478
1385.807739	94.196	39.4147
1395.849854	94.206	39.8087
1405.964844	94.215	40.1735
1416.152954	94.224	40.5054
1426.415039	94.234	40.8828
1436.751465	94.245	41.3583
1447.162720	94.261	41.8749
1457.649414	94.282	42.3292
1468.212158	94.307	42.7380
1478.851440	94.329	43.2136
1489.567871	94.348	43.7665
1500.361816	94.366	44.2955
1511.234131	94.386	44.7453
1522.185059	94.407	45.1671
1533.215454	94.430	45.6373
1544.325806	94.457	46.1780
1555.516602	94.487	46.7481
1566.788574	94.512	47.2917
1578.142090	94.537	47.8182
1589.578003	94.566	48.4045
1601.096680	94.603	49.0526
1612.698975	94.643	49.6731
1624.385254	94.680	50.2426
1636.156250	94.720	50.8409
1648.012451	94.766	51.5263
1659.954590	94.816	52.2323
1671.983398	94.865	52.8740
1684.099243	94.915	53.5111
1696.302856	94.972	54.2501
1708.594971	95.035	55.0502
1720.976196	95.099	55.8102
1733.447144	95.164	56.5283
1746.008423	95.234	57.3154
1758.660645	95.312	58.2142
1771.404663	95.397	59.1233
1784.240967	95.490	59.9866
1797.170288	95.594	60.8661
1810.193359	95.711	61.8145
1823.310791	95.839	62.8314
1836.523193	95.986	63.8539
1849.831421	96.159	64.7896
1863.236084	96.351	65.5985
1876.737793	96.546	66.2930
1890.337524	96.732	66.8930
1904.035645	96.913	67.3933
1917.833008	97.094	67.7598
1931.730469	97.270	67.9987
1945.728638	97.437	68.2043
1959.828125	97.598	68.4892
1974.029907	97.755	68.8361
1988.334473	97.909	69.1250
2002.742798	98.064	69.3662
2017.255493	98.221	69.6967
2031.873291	98.384	70.1574
2046.597168	98.557	70.6198
2061.427734	98.743	70.9810
2076.365479	98.943	71.3260
2091.411865	99.157	71.7228
2106.566895	99.384	72.0539
2121.832031	99.621	72.1740
2137.207764	99.863	72.0910
2152.694824	100.101	71.9370
2168.294189	100.330	71.7369
2184.006592	100.550	71.3980
2199.832764	100.760	70.9038
2215.773682	100.958	70.3817
2231.830078	101.141	69.9380
2248.002686	101.314	69.4969
2264.292725	101.481	68.9663
2280.700684	101.643	68.4030
2297.227539	101.799	67.9342
2313.874268	101.952	67.5550
2330.641602	102.108	67.1254
2347.530273	102.269	66.5858
2364.541504	102.426	66.0520
2381.676025	102.579	65.5939
2398.934570	102.731	65.0912
2416.318359	102.885	64.4424
2433.827881	103.035	63.7456
2451.464355	103.173	63.1255
2469.228760	103.303	62.5338
2487.121826	103.430	61.8713
2505.144531	103.557	61.1475
2523.297852	103.676	60.4875
2541.582764	103.787	59.9481
2560.000000	103.900	59.4126
2578.550781	104.022	58.7953
2597.236084	104.147	58.1973
2616.056641	104.271	57.7136
2635.013672	104.402	57.2713
2654.108154	104.551	56.7196
2673.340820	104.716	56.0373
2692.713135	104.881	55.3102
2712.225586	105.038	54.5157
2731.879395	105.191	53.5809
2751.675781	105.349	52.5502
2771.615479	105.508	51.4881
2791.699707	105.650	50.3492
2811.929688	105.763	49.0660
2832.305908	105.846	47.7068
2852.830078	105.916	46.3505
2873.502930	105.981	44.9615
2894.325439	106.039	43.5427
2915.298828	106.079	42.1980
2936.424316	106.101	40.9428
2957.702881	106.119	39.6833
2979.135742	106.140	38.3822
3000.723633	106.153	37.1193
3022.468262	106.148	35.9543
3044.370117	106.134	34.8228
3066.430908	106.126	33.6434
3088.651611	106.118	32.4503
3111.033203	106.096	31.3300
3133.577148	106.060	30.2751
3156.284180	106.028	29.2028
3179.156006	106.006	28.1017
3202.193359	105.978	27.0390
3225.397949	105.931	26.0463
3248.770508	105.878	25.0705
3272.312500	105.831	24.0599
3296.024902	105.783	23.0573
3319.909180	105.719	22.1342
3343.966797	105.644	21.2728
3368.198486	105.573	20.4140
3392.605713	105.510	19.5551
3417.189941	105.437	18.7594
3441.952393	105.348	18.0338
3466.894287	105.255	17.3201
3492.016846	105.173	16.6819
3517.321289	105.102	16.2325
3542.809326	105.032	15.8636
3568.481934	104.950	15.3639
3594.340576	104.852	14.7520
3620.386719	104.746	14.1601
3646.621582	104.647	13.5916
3673.046387	104.559	13.0240
3699.662842	104.464	12.4881
3726.472168	104.350	11.9982
3753.475586	104.233	11.5330
3780.675049	104.128	11.0870
3808.071289	104.026	10.6821
3835.666016	103.908	10.3247
3863.460938	103.777	9.9952
3891.457275	103.655	9.6956
3919.656250	103.544	9.4393
3948.059814	103.425	9.2241
3976.668945	103.286	9.0419
4005.485596	103.143	8.8929
4034.510986	103.009	8.7844
4063.746582	102.873	8.7173
4093.194336	102.719	8.6854
4122.855469	102.557	8.6892
4152.730957	102.408	8.7415
4182.823730	102.272	8.8601
4213.133789	102.127	9.0056
4243.664062	101.966	9.1565
4274.415527	101.812	9.3456
4305.389648	101.675	9.6028
4336.588379	101.540	9.9037
4368.013184	101.388	10.2076
4399.665527	101.231	10.5410
4431.547363	101.093	10.9633
4463.660156	100.968	11.4550
4496.005371	100.833	11.9377
4528.585449	100.682	12.4044
4561.401367	100.541	12.9165
4594.455078	100.421	13.5040
4627.748535	100.303	14.1396
4661.283203	100.168	14.7802
4695.060547	100.034	15.4541
4729.083008	99.922	16.2354
4763.352051	99.821	17.0874
4797.869141	99.707	17.9001
4832.636719	99.583	18.6906
4867.655762	99.476	19.5646
4902.928711	99.390	20.5392
4938.457520	99.301	21.5139
4974.243652	99.198	22.4465
5010.289062	99.101	23.4330
5046.595703	99.032	24.5416
5083.165527	98.973	25.7029
5120.000000	98.898	26.8228
5157.101562	98.818	27.9260
5194.472168	98.755	29.1836
5232.113281	98.717	30.7416
5270.027344	98.692	32.5393
5308.216309	98.673	34.2934
5346.681641	98.650	35.8394
5385.426270	98.622	37.2868
5424.451172	98.610	38.8166
5463.758789	98.632	40.5212
5503.351562	98.676	42.3083
5543.230957	98.719	44.0296
5583.399414	98.770	45.7356
5623.859375	98.859	47.5971
5664.611816	98.987	49.6061
5705.660156	99.127	51.5540
5747.005859	99.275	53.3813
5788.650879	99.459	55.2439
5830.597656	99.697	57.2159
5872.848633	99.966	59.1428
5915.405762	100.247	60.8544
5958.271484	100.556	62.4357
6001.447266	100.924	64.0739
6044.936523	101.343	65.6663
6088.740234	101.782	66.9318
6132.861816	102.243	67.8091
6177.303223	102.756	68.5049
6222.066406	103.329	69.0648
6267.154297	103.930	69.1983
6312.568359	104.533	68.6635
6358.312012	105.152	67.5536
6404.386719	105.798	66.0601
6450.795898	106.453	64.1498
6497.541016	107.080	61.5385
6544.625000	107.641	57.8855
6592.049805	108.090	53.1060
6639.818359	108.392	47.4424
6687.933594	108.539	41.4128
6736.396973	108.537	35.5409
6785.211426	108.373	29.9703
6834.379883	108.047	24.7017
6883.904785	107.598	20.0415
6933.788574	107.086	16.3750
6984.033691	106.543	13.6910
7034.642578	105.972	11.6417
7085.618652	105.389	10.0594
7136.963867	104.836	9.1252
7188.681152	104.335	8.8564
7240.773438	103.871	8.8923
7293.243164	103.421	8.9518
7346.092773	102.996	9.2113
7399.325684	102.624	9.9231
7452.944336	102.298	10.9177
7506.951172	101.985	11.8356
7561.350098	101.682	12.6898
7616.142578	101.421	13.8129
7671.332031	101.213	15.2500
7726.921875	101.029	16.6525
7782.914551	100.848	17.8195
7839.312500	100.694	19.0530
7896.119629	100.592	20.6254
7953.337891	100.526	22.2877
8010.971191	100.467	23.6702
8069.021973	100.425	24.8929
8127.493164	100.431	26.3527
8186.388672	100.484	28.0369
8245.710938	100.557	29.5321
8305.461914	100.642	30.6915
8365.647461	100.771	31.8755
8426.267578	100.963	33.2899
8487.328125	101.195	34.5860
8548.831055	101.445	35.3900
8610.779297	101.732	35.8850
8673.176758	102.086	36.3845
8736.026367	102.489	36.6783
8799.331055	102.910	36.2740
8863.094727	103.353	35.1458
8927.320312	103.847	33.6845
8992.010742	104.387	31.9267
9057.170898	104.933	29.3533
9122.802734	105.450	25.5327
9188.910156	105.931	20.6503
9255.497070	106.356	15.0203
9322.566406	106.656	8.4996
9390.121094	106.749	0.8381
9458.166016	106.599	-7.5619
9526.704102	106.225	-15.6360
9595.738281	105.657	-22.6705
9665.273438	104.909	-28.7720
9735.311523	104.015	-34.1476
9805.857422	103.042	-38.4381
9876.915039	102.061	-41.2325
9948.487305	101.103	-42.6633
10020.578125	100.178	-43.2238
10093.191406	99.295	-43.4179
10166.331055	98.444	-43.6550
10240.000000	97.619	-43.8990
10314.203125	96.847	-43.6278
10388.944336	96.144	-42.6595
10464.226562	95.482	-41.5867
10540.054688	94.829	-40.8378
10616.432617	94.202	-40.0120
10693.363281	93.627	-38.6183
10770.852539	93.093	-36.9386
10848.902344	92.567	-35.5872
10927.517578	92.048	-34.4758
11006.703125	91.568	-32.9530
11086.461914	91.137	-30.9241
11166.798828	90.722	-29.0590
11247.718750	90.302	-27.6761
11329.223633	89.902	-26.2090
11411.320312	89.547	-24.1851
11494.011719	89.219	-22.0331
11577.301758	88.886	-20.3569
11661.195312	88.554	-18.9193
11745.697266	88.259	-17.0308
11830.811523	88.000	-14.7393
11916.542969	87.746	-12.7693
12002.894531	87.483	-11.3198
12089.873047	87.239	-9.7240
12177.480469	87.032	-7.4492
12265.723633	86.852	-4.6459
12354.606445	86.688	-1.7540
12444.132812	86.537	0.7531
12534.308594	86.382	2.5383
12625.136719	86.229	3.9203
12716.624023	86.114	5.7228
12808.773438	86.042	8.0319
12901.591797	85.980	10.0585
12995.082031	85.916	11.4838
13089.250000	85.880	12.9969
13184.099609	85.894	15.0907
13279.636719	85.938	17.2025
13375.867188	85.983	18.6485
13472.793945	86.045	19.7985
13570.422852	86.159	21.4526
13668.759766	86.319	23.4531
13767.809570	86.493	24.9143
13867.577148	86.678	25.7247
13968.067383	86.911	26.7019
14069.285156	87.206	28.1826
14171.237305	87.534	29.4256
14273.927734	87.886	29.8871
14377.362305	88.295	30.1024
14481.546875	88.796	30.7440
14586.486328	89.385	31.3755
14692.185547	90.041	31.0442
14798.651367	90.785	29.7144
14905.888672	91.656	28.1521
15013.902344	92.657	26.4276
15122.700195	93.754	23.6837
15232.285156	94.897	18.9202
15342.664062	95.975	11.0769
15453.843750	96.827	-0.4621
15565.829102	97.306	-14.7421
15678.625000	97.318	-29.6151
15792.239258	96.837	-43.5001
15906.675781	95.923	-55.9399
16021.942383	94.729	-66.5651
16138.043945	93.446	-74.5321
16254.986328	92.218	-79.7474
16372.777344	91.080	-83.5857
16491.421875	90.023	-87.3008
16610.923828	89.069	-90.5166
16731.294922	88.250	-92.4473
16852.535156	87.556	-93.6849
16974.656250	86.943	-95.5238
17097.662109	86.399	-97.9441
17221.558594	85.954	-99.8574
17346.353516	85.608	-101.1771
17472.052734	85.323	-103.0785
17598.662109	85.076	-106.1144
17726.189453	84.888	-109.4004
17854.640625	84.780	-112.1652
17984.021484	84.733	-115.1282
18114.341797	84.717	-119.3326
18245.605469	84.748	-124.4460
18377.820312	84.868	-129.3160
18510.994141	85.084	-134.0771
18645.132812	85.373	-140.1796
18780.242188	85.738	-148.2888
18916.332031	86.210	-157.5541
19053.408203	86.778	-167.6017
19191.476562	87.356	-179.7349
19330.546875	87.828	164.5656
19470.623047	88.111	145.9316
19611.714844	88.154	126.1382
19753.830078	87.929	105.5917
19896.974609	87.538	83.5629
