20.000000	102.096	39.5614
20.144928	102.104	39.0826
20.290907	102.112	38.6040
20.437943	102.119	38.1257
20.586044	102.125	37.6473
20.735220	102.131	37.1686
20.885475	102.137	36.6906
21.036821	102.141	36.2132
21.189262	102.145	35.7369
21.342808	102.148	35.2634
21.497467	102.150	34.7921
21.653246	102.151	34.3248
21.810154	102.152	33.8615
21.968201	102.152	33.4024
22.127390	102.151	32.9479
22.287735	102.151	32.4974
22.449242	102.150	32.0503
22.611917	102.149	31.6066
22.775772	102.148	31.1646
22.940815	102.146	30.7245
23.107054	102.145	30.2853
23.274498	102.143	29.8467
23.443153	102.141	29.4089
23.613033	102.138	28.9716
23.784142	102.135	28.5355
23.956491	102.131	28.1012
24.130091	102.126	27.6688
24.304947	102.121	27.2393
24.481071	102.116	26.8124
24.658470	102.111	26.3885
24.837156	102.105	25.9674
25.017136	102.098	25.5483
25.198421	102.092	25.1315
25.381020	102.085	24.7158
25.564941	102.078	24.3014
25.750195	102.070	23.8878
25.936790	102.062	23.4753
26.124741	102.054	23.0643
26.314051	102.045	22.6550
26.504732	102.036	22.2485
26.696796	102.026	21.8450
26.890253	102.015	21.4451
27.085112	102.005	21.0491
27.281382	101.994	20.6570
27.479073	101.983	20.2687
27.678198	101.971	19.8837
27.878765	101.960	19.5016
28.080786	101.949	19.1221
28.284271	101.937	18.7445
28.489231	101.926	18.3688
28.695675	101.914	17.9944
28.903616	101.902	17.6216
29.113064	101.889	17.2503
29.324028	101.876	16.8809
29.536524	101.863	16.5137
29.750557	101.849	16.1489
29.966141	101.835	15.7870
30.183289	101.820	15.4286
30.402010	101.805	15.0735
30.622314	101.790	14.7220
30.844217	101.775	14.3737
31.067726	101.759	14.0286
31.292856	101.743	13.6857
31.519617	101.727	13.3448
31.748020	101.712	13.0057
31.978081	101.696	12.6683
32.209808	101.680	12.3328
32.443211	101.663	11.9999
32.678310	101.646	11.6702
32.915108	101.629	11.3446
33.153625	101.611	11.0234
33.393871	101.594	10.7061
33.635857	101.576	10.3922
33.879597	101.559	10.0801
34.125103	101.543	9.7684
34.372387	101.526	9.4558
34.621464	101.509	9.1415
34.872345	101.492	8.8258
35.125042	101.474	8.5097
35.379574	101.455	8.1954
35.635948	101.436	7.8849
35.894180	101.416	7.5797
36.154285	101.396	7.2810
36.416275	101.376	6.9885
36.680161	101.356	6.7010
36.945961	101.337	6.4170
37.213688	101.318	6.1342
37.483353	101.299	5.8516
37.754974	101.280	5.5687
38.028561	101.261	5.2861
38.304131	101.241	5.0050
38.581699	101.221	4.7270
38.861279	101.201	4.4529
39.142883	101.180	4.1840
39.426529	101.159	3.9197
39.712231	101.138	3.6598
40.000000	101.117	3.4030
40.289856	101.097	3.1483
40.581814	101.077	2.8948
40.875885	101.056	2.6416
41.172089	101.036	2.3890
41.470440	101.014	2.1380
41.770950	100.992	1.8898
42.073643	100.970	1.6456
42.378525	100.948	1.4061
42.685616	100.925	1.1699
42.994934	100.903	0.9349
43.306492	100.881	0.6989
43.620308	100.858	0.4603
43.936401	100.835	0.2203
44.254780	100.811	-0.0175
44.575470	100.787	-0.2484
44.898483	100.763	-0.4711
45.223835	100.740	-0.6873
45.551544	100.718	-0.9022
45.881630	100.697	-1.1228
46.214108	100.677	-1.3528
46.548996	100.656	-1.5913
46.886307	100.633	-1.8317
47.226067	100.610	-2.0656
47.568283	100.586	-2.2882
47.912983	100.562	-2.5007
48.260181	100.540	-2.7081
48.609894	100.518	-2.9152
48.962143	100.496	-3.1217
49.316940	100.473	-3.3235
49.674313	100.450	-3.5161
50.034271	100.426	-3.7002
50.396843	100.403	-3.8835
50.762039	100.379	-4.0767
51.129883	100.354	-4.2844
51.500389	100.326	-4.5011
51.873581	100.295	-4.7114
52.249481	100.262	-4.9009
52.628101	100.228	-5.0656
53.009464	100.197	-5.2147
53.393593	100.167	-5.3647
53.780506	100.138	-5.5257
54.170223	100.108	-5.6942
54.562763	100.078	-5.8579
54.958145	100.047	-6.0085
55.356396	100.019	-6.1536
55.757530	99.994	-6.3141
56.161572	99.969	-6.5092
56.568542	99.940	-6.7356
56.978462	99.906	-6.9637
57.391350	99.866	-7.1531
57.807232	99.827	-7.2823
58.226128	99.793	-7.3684
58.648056	99.768	-7.4565
59.073048	99.747	-7.5876
59.501114	99.726	-7.7692
59.932281	99.700	-7.9711
60.366577	99.669	-8.1544
60.804020	99.637	-8.3040
61.244629	99.608	-8.4353
61.688435	99.580	-8.5717
62.135452	99.552	-8.7216
62.585712	99.524	-8.8762
63.039234	99.496	-9.0300
63.496040	99.468	-9.1887
63.956161	99.439	-9.3546
64.419617	99.407	-9.5088
64.886421	99.374	-9.6223
65.356621	99.345	-9.6923
65.830215	99.322	-9.7581
66.307251	99.304	-9.8687
66.787743	99.285	-10.0309
67.271713	99.262	-10.2029
67.759193	99.236	-10.3405
68.250206	99.213	-10.4474
68.744774	99.195	-10.5651
69.242928	99.177	-10.7221
69.744690	99.156	-10.9021
70.250084	99.130	-11.0644
70.759148	99.102	-11.1842
71.271896	99.077	-11.2664
71.788361	99.056	-11.3337
72.308571	99.039	-11.4124
72.832550	99.024	-11.5270
73.360321	99.005	-11.6849
73.891922	98.980	-11.8597
74.427376	98.948	-12.0007
74.966705	98.915	-12.0814
75.509949	98.886	-12.1270
76.057121	98.863	-12.1887
76.608261	98.841	-12.2947
77.163399	98.817	-12.4281
77.722557	98.791	-12.5552
78.285767	98.764	-12.6650
78.853058	98.739	-12.7728
79.424461	98.714	-12.8907
80.000000	98.687	-13.0070
80.579712	98.659	-13.0996
81.163628	98.633	-13.1667
81.751770	98.610	-13.2345
82.344177	98.587	-13.3201
82.940880	98.563	-13.4094
83.541901	98.538	-13.4911
84.147285	98.512	-13.5820
84.757050	98.483	-13.6910
85.371231	98.450	-13.7862
85.989868	98.416	-13.8440
86.612984	98.386	-13.8946
87.240616	98.357	-13.9628
87.872803	98.331	-14.0385
88.509560	98.307	-14.1426
89.150940	98.281	-14.3188
89.796967	98.246	-14.5114
90.447670	98.207	-14.5941
91.103088	98.177	-14.5751
91.763260	98.159	-14.6050
92.428215	98.140	-14.7289
93.097992	98.114	-14.8439
93.772614	98.086	-14.8862
94.452133	98.061	-14.9037
95.136566	98.039	-14.9341
95.825966	98.016	-14.9731
96.520363	97.994	-15.0276
97.219788	97.969	-15.1063
97.924286	97.942	-15.1958
98.633881	97.912	-15.2769
99.348625	97.882	-15.3397
100.068542	97.853	-15.3923
100.793686	97.826	-15.4591
101.524078	97.798	-15.5447
102.259766	97.769	-15.6227
103.000778	97.739	-15.6832
103.747162	97.711	-15.7406
104.498962	97.682	-15.7953
105.256203	97.653	-15.8417
106.018929	97.625	-15.8928
106.787186	97.597	-15.9565
107.561012	97.568	-16.0223
108.340446	97.539	-16.0822
109.125526	97.511	-16.1388
109.916290	97.483	-16.1981
110.712791	97.455	-16.2578
111.515060	97.427	-16.3135
112.323143	97.399	-16.3718
113.137085	97.370	-16.4339
113.956924	97.339	-16.4938
114.782700	97.308	-16.5511
115.614464	97.276	-16.5995
116.452255	97.246	-16.6387
117.296112	97.219	-16.6789
118.146095	97.194	-16.7373
119.002228	97.169	-16.8521
119.864563	97.137	-16.9826
120.733154	97.101	-17.0203
121.608040	97.070	-16.9963
122.489258	97.043	-17.0056
123.376869	97.015	-17.0191
124.270905	96.989	-17.0084
125.171425	96.965	-17.0245
126.078468	96.941	-17.0730
126.992081	96.916	-17.1110
127.912323	96.893	-17.1495
128.839233	96.869	-17.2132
129.772842	96.845	-17.2695
130.713242	96.822	-17.3075
131.660431	96.801	-17.3500
132.614502	96.781	-17.3979
133.575485	96.759	-17.4418
134.543427	96.736	-17.4486
135.518387	96.717	-17.4446
136.500412	96.697	-17.5020
137.489548	96.671	-17.5795
138.485855	96.641	-17.6251
139.489380	96.611	-17.6464
140.500168	96.583	-17.6555
141.518295	96.559	-17.6833
142.543793	96.536	-17.7391
143.576721	96.512	-17.7936
144.617142	96.489	-17.8267
145.665100	96.467	-17.8524
146.720642	96.444	-17.8987
147.783844	96.418	-17.9440
148.854752	96.390	-17.9457
149.933411	96.362	-17.9314
151.019897	96.335	-17.9320
152.114243	96.308	-17.9459
153.216522	96.280	-17.9644
154.326797	96.252	-17.9818
155.445114	96.224	-17.9974
156.571533	96.196	-18.0076
157.706116	96.168	-18.0104
158.848923	96.139	-18.0086
160.000000	96.109	-18.0032
161.159424	96.076	-17.9932
162.327255	96.042	-17.9803
163.503540	96.007	-17.9725
164.688354	95.971	-17.9775
165.881760	95.934	-17.9827
167.083801	95.897	-17.9755
168.294571	95.861	-17.9683
169.514099	95.825	-17.9620
170.742462	95.788	-17.9516
171.979736	95.750	-17.9318
173.225967	95.711	-17.8964
174.481232	95.671	-17.8563
175.745605	95.632	-17.8217
177.019119	95.592	-17.7886
178.301880	95.553	-17.7538
179.593933	95.514	-17.7085
180.895340	95.476	-17.6509
182.206177	95.439	-17.5898
183.526520	95.401	-17.5234
184.856430	95.362	-17.4575
186.195984	95.322	-17.3898
187.545227	95.284	-17.3123
188.904266	95.247	-17.2324
190.273132	95.212	-17.1477
191.651932	95.177	-17.0720
193.040726	95.140	-17.0038
194.439575	95.101	-16.9141
195.848572	95.063	-16.8091
197.267761	95.026	-16.7145
198.697250	94.991	-16.6212
200.137085	94.958	-16.5139
201.587372	94.928	-16.3923
203.048157	94.900	-16.2756
204.519531	94.874	-16.1615
206.001556	94.850	-16.0533
207.494324	94.826	-15.9771
208.997925	94.802	-15.9182
210.512405	94.776	-15.8588
212.037857	94.749	-15.8047
213.574371	94.720	-15.7466
215.122025	94.690	-15.6777
216.680893	94.659	-15.5939
218.251053	94.629	-15.5076
219.832581	94.598	-15.4330
221.425583	94.566	-15.3430
223.030121	94.534	-15.2363
224.646286	94.502	-15.1313
226.274170	94.470	-15.0333
227.913849	94.438	-14.9428
229.565399	94.408	-14.8550
231.228928	94.379	-14.7726
232.904510	94.349	-14.6942
234.592224	94.313	-14.6269
236.292191	94.273	-14.4750
238.004456	94.235	-14.2864
239.729126	94.201	-14.1208
241.466309	94.169	-13.9794
243.216080	94.137	-13.8615
244.978516	94.103	-13.7116
246.753738	94.069	-13.5408
248.541809	94.036	-13.3768
250.342850	94.003	-13.2126
252.156937	93.969	-13.0481
253.984161	93.934	-12.8679
255.824646	93.898	-12.6893
257.678467	93.862	-12.5269
259.545685	93.826	-12.3842
261.426483	93.791	-12.2412
263.320862	93.756	-12.0869
265.229004	93.721	-11.9166
267.150970	93.688	-11.7052
269.086853	93.658	-11.5068
271.036774	93.628	-11.3383
273.000824	93.596	-11.1190
274.979095	93.565	-10.9057
276.971710	93.533	-10.7306
278.978760	93.497	-10.5462
281.000336	93.463	-10.3273
283.036591	93.433	-10.0959
285.087585	93.407	-9.8810
287.153442	93.381	-9.6768
289.234283	93.352	-9.4630
291.330200	93.320	-9.2368
293.441284	93.289	-8.9935
295.567688	93.261	-8.7549
297.709503	93.236	-8.5378
299.866821	93.209	-8.3329
302.039795	93.180	-8.1222
304.228485	93.151	-7.8664
306.433044	93.125	-7.6073
308.653595	93.102	-7.3815
310.890228	93.078	-7.1605
313.143066	93.055	-6.9242
315.412231	93.034	-6.6655
317.697845	93.015	-6.4019
320.000000	92.998	-6.1461
322.318848	92.982	-5.8873
324.654510	92.967	-5.6320
327.007080	92.951	-5.3812
329.376709	92.935	-5.1252
331.763519	92.921	-4.8715
334.167603	92.908	-4.6144
336.589142	92.897	-4.3541
339.028198	92.886	-4.1096
341.484924	92.875	-3.8624
343.959473	92.863	-3.5964
346.451935	92.852	-3.3202
348.962463	92.842	-3.0557
351.491211	92.834	-2.8016
354.038239	92.825	-2.5479
356.603760	92.817	-2.2889
359.187866	92.810	-2.0286
361.790680	92.803	-1.7780
364.412354	92.796	-1.5271
367.053040	92.789	-1.2675
369.712860	92.782	-1.0024
372.391968	92.778	-0.7360
375.090454	92.775	-0.4749
377.808533	92.772	-0.2244
380.546265	92.767	0.0366
383.303864	92.764	0.3177
386.081451	92.764	0.5997
388.879150	92.765	0.8602
391.697144	92.764	1.1016
394.535522	92.762	1.3452
397.394501	92.762	1.6113
400.274170	92.762	1.8933
403.174744	92.761	2.1647
406.096313	92.760	2.4249
409.039062	92.759	2.6704
412.003113	92.759	2.9100
414.988647	92.758	3.1558
417.995850	92.757	3.4138
421.024811	92.759	3.6488
424.075714	92.764	3.8728
427.148743	92.768	4.1176
430.244049	92.770	4.3811
433.361786	92.773	4.6277
436.502106	92.777	4.8531
439.665161	92.781	5.0764
442.851166	92.784	5.3125
446.060242	92.787	5.5546
449.292572	92.791	5.7976
452.548340	92.797	6.0442
455.827698	92.801	6.2773
459.130798	92.804	6.5068
462.457855	92.809	6.7688
465.809021	92.816	7.0319
469.184448	92.824	7.2564
472.584381	92.832	7.4688
476.008911	92.839	7.7059
479.458252	92.847	7.9476
482.932617	92.855	8.1825
486.432159	92.862	8.4155
489.957031	92.867	8.6464
493.507477	92.872	8.8788
497.083618	92.879	9.1136
500.685699	92.888	9.3461
504.313873	92.897	9.5665
507.968323	92.905	9.7716
511.649292	92.915	9.9760
515.356934	92.928	10.1926
519.091370	92.940	10.4160
522.852966	92.950	10.6286
526.641724	92.961	10.8387
530.458008	92.972	11.0668
534.301941	92.983	11.3014
538.173706	92.994	11.5124
542.073547	93.004	11.7142
546.001648	93.013	11.9349
549.958191	93.024	12.1631
553.943420	93.037	12.3828
557.957520	93.051	12.5903
562.000671	93.061	12.7991
566.073181	93.072	13.0068
570.175171	93.084	13.2208
574.306885	93.096	13.4413
578.468567	93.108	13.6523
582.660400	93.119	13.8514
586.882568	93.131	14.0665
591.135376	93.144	14.3022
595.419006	93.156	14.5204
599.733643	93.167	14.7168
604.079590	93.177	14.9238
608.456970	93.190	15.1617
612.866089	93.203	15.4005
617.307190	93.215	15.6085
621.780457	93.227	15.7993
626.286133	93.239	16.0175
630.824463	93.254	16.2590
635.395691	93.269	16.4770
640.000000	93.286	16.6707
644.637695	93.302	16.8871
649.309021	93.318	17.1286
654.014160	93.335	17.3587
658.753418	93.352	17.5651
663.527039	93.370	17.7751
668.335205	93.387	18.0063
673.178284	93.403	18.2532
678.056396	93.419	18.4952
682.969849	93.437	18.7369
687.918945	93.456	18.9752
692.903870	93.473	19.2024
697.924927	93.487	19.4286
702.982422	93.502	19.6865
708.076477	93.520	19.9778
713.207520	93.540	20.2603
718.375732	93.559	20.5182
723.581360	93.579	20.7748
728.824707	93.600	21.0645
734.106079	93.623	21.3715
739.425720	93.645	21.6501
744.783936	93.665	21.9032
750.180908	93.686	22.1825
755.617065	93.707	22.5002
761.092529	93.728	22.8033
766.607727	93.748	23.0571
772.162903	93.769	23.3004
777.758301	93.792	23.5865
783.394287	93.817	23.8947
789.071045	93.842	24.1878
794.789001	93.864	24.4656
800.548340	93.885	24.7498
806.349487	93.905	25.0530
812.192627	93.926	25.3599
818.078125	93.947	25.6650
824.006226	93.966	25.9554
829.977295	93.984	26.2393
835.991699	94.006	26.5466
842.049622	94.028	26.8834
848.151428	94.052	27.2069
854.297485	94.076	27.4906
860.488098	94.100	27.7599
866.723572	94.122	28.0677
873.004211	94.143	28.4271
879.330322	94.167	28.7883
885.702332	94.196	29.1160
892.120483	94.225	29.4343
898.585144	94.254	29.7767
905.096680	94.282	30.1332
911.655396	94.314	30.4712
918.261597	94.347	30.8000
924.915710	94.376	31.1532
931.618042	94.402	31.5171
938.368896	94.430	31.8572
945.168762	94.462	32.1619
952.017822	94.495	32.4625
958.916504	94.526	32.7937
965.865234	94.557	33.1612
972.864319	94.589	33.5348
979.914062	94.622	33.8751
987.014954	94.655	34.2045
994.167236	94.685	34.5834
1001.371399	94.710	35.0125
1008.627747	94.728	35.4370
1015.936646	94.745	35.8459
1023.298584	94.763	36.3051
1030.713867	94.784	36.8505
1038.182739	94.815	37.4276
1045.705933	94.858	37.9719
1053.283447	94.913	38.5020
1060.916016	94.980	39.0540
1068.603882	95.057	39.5653
1076.347412	95.144	39.9538
1084.147095	95.236	40.2126
1092.003296	95.326	40.3761
1099.916382	95.406	40.4609
1107.886841	95.476	40.4869
1115.915039	95.539	40.5032
1124.001343	95.601	40.5495
1132.146362	95.659	40.5929
1140.350342	95.710	40.5876
1148.613770	95.755	40.5658
1156.937134	95.797	40.5927
1165.320801	95.837	40.6663
1173.765137	95.871	40.7178
1182.270752	95.900	40.7215
1190.838013	95.927	40.7244
1199.467285	95.958	40.7633
1208.159180	95.990	40.8086
1216.913940	96.021	40.8382
1225.732178	96.046	40.8836
1234.614380	96.070	40.9522
1243.560913	96.099	41.0147
1252.572266	96.137	41.0637
1261.648926	96.176	41.1179
1270.791382	96.213	41.1879
1280.000000	96.252	41.2695
1289.275391	96.295	41.3543
1298.618042	96.337	41.4450
1308.028320	96.374	41.5444
1317.506836	96.410	41.6525
1327.054077	96.450	41.7785
1336.670410	96.494	41.9280
1346.356567	96.533	42.0872
1356.112793	96.570	42.2513
1365.939697	96.610	42.4412
1375.837891	96.658	42.6613
1385.807739	96.709	42.8866
1395.849854	96.760	43.0999
1405.964844	96.816	43.3172
1416.152954	96.881	43.5458
1426.415039	96.952	43.7502
1436.751465	97.021	43.8952
1447.162720	97.086	43.9933
1457.649414	97.154	44.0833
1468.212158	97.223	44.1763
1478.851440	97.288	44.2366
1489.567871	97.345	44.2495
1500.361816	97.399	44.2770
1511.234131	97.456	44.3626
1522.185059	97.512	44.4666
1533.215454	97.564	44.5305
1544.325806	97.613	44.5825
1555.516602	97.665	44.6926
1566.788574	97.721	44.8537
1578.142090	97.774	44.9864
1589.578003	97.824	45.0741
1601.096680	97.877	45.1914
1612.698975	97.935	45.3792
1624.385254	97.995	45.5802
1636.156250	98.054	45.7386
1648.012451	98.113	45.8742
1659.954590	98.172	46.0582
1671.983398	98.231	46.3463
1684.099243	98.294	46.7019
1696.302856	98.366	47.0464
1708.594971	98.449	47.3736
1720.976196	98.535	47.7512
1733.447144	98.619	48.2038
1746.008423	98.710	48.6677
1758.660645	98.815	49.0725
1771.404663	98.935	49.3940
1784.240967	99.067	49.6676
1797.170288	99.212	49.9362
1810.193359	99.365	50.1505
1823.310791	99.520	50.1931
1836.523193	99.670	50.0647
1849.831421	99.812	49.9124
1863.236084	99.947	49.8020
1876.737793	100.073	49.6510
1890.337524	100.188	49.4070
1904.035645	100.296	49.1748
1917.833008	100.400	49.0833
1931.730469	100.503	49.0837
1945.728638	100.608	49.0512
1959.828125	100.719	49.0005
1974.029907	100.838	49.0683
1988.334473	100.971	49.2639
2002.742798	101.121	49.4274
2017.255493	101.290	49.4475
2031.873291	101.476	49.3907
2046.597168	101.674	49.3220
2061.427734	101.880	49.1207
2076.365479	102.088	48.6551
2091.411865	102.289	47.9868
2106.566895	102.475	47.2643
2121.832031	102.642	46.5291
2137.207764	102.793	45.7633
2152.694824	102.940	44.9922
2168.294189	103.085	44.2420
2184.006592	103.219	43.5074
2199.832764	103.332	42.7681
2215.773682	103.432	42.0405
2231.830078	103.533	41.3207
2248.002686	103.639	40.5413
2264.292725	103.745	39.7025
2280.700684	103.845	38.9178
2297.227539	103.939	38.2040
2313.874268	104.030	37.4256
2330.641602	104.121	36.5249
2347.530273	104.205	35.6239
2364.541504	104.278	34.8332
2381.676025	104.346	34.0702
2398.934570	104.415	33.2183
2416.318359	104.483	32.3396
2433.827881	104.542	31.5699
2451.464355	104.596	30.8904
2469.228760	104.651	30.1645
2487.121826	104.711	29.3802
2505.144531	104.770	28.6599
2523.297852	104.827	28.0604
2541.582764	104.890	27.4723
2560.000000	104.965	26.7883
2578.550781	105.049	26.0643
2597.236084	105.133	25.4025
2616.056641	105.220	24.7465
2635.013672	105.318	23.9489
2654.108154	105.424	22.9963
2673.340820	105.526	21.9996
2692.713135	105.619	21.0006
2712.225586	105.709	19.8951
2731.879395	105.800	18.6091
2751.675781	105.878	17.2241
2771.615479	105.933	15.8604
2791.699707	105.970	14.4978
2811.929688	106.001	13.0430
2832.305908	106.024	11.5305
2852.830078	106.026	10.0889
2873.502930	106.008	8.7518
2894.325439	105.986	7.3988
2915.298828	105.967	5.9750
2936.424316	105.937	4.5815
2957.702881	105.887	3.2913
2979.135742	105.829	2.0386
3000.723633	105.776	0.7418
3022.468262	105.725	-0.5587
3044.370117	105.661	-1.7727
3066.430908	105.582	-2.9221
3088.651611	105.505	-4.1011
3111.033203	105.434	-5.3195
3133.577148	105.357	-6.4907
3156.284180	105.263	-7.6068
3179.156006	105.161	-8.7386
3202.193359	105.063	-9.8386
3225.397949	104.973	-10.7832
3248.770508	104.882	-11.6390
3272.312500	104.774	-12.5809
3296.024902	104.646	-13.5999
3319.909180	104.507	-14.5805
3343.966797	104.371	-15.5229
3368.198486	104.245	-16.4547
3392.605713	104.112	-17.3320
3417.189941	103.960	-18.1305
3441.952393	103.803	-18.8965
3466.894287	103.658	-19.6713
3492.016846	103.515	-20.4302
3517.321289	103.357	-21.1213
3542.809326	103.186	-21.7581
3568.481934	103.022	-22.3917
3594.340576	102.868	-23.0087
3620.386719	102.708	-23.5611
3646.621582	102.529	-24.0530
3673.046387	102.348	-24.5220
3699.662842	102.180	-24.9703
3726.472168	102.014	-25.3683
3753.475586	101.831	-25.7094
3780.675049	101.637	-26.0195
3808.071289	101.451	-26.3042
3835.666016	101.277	-26.5442
3863.460938	101.093	-26.7262
3891.457275	100.893	-26.8784
3919.656250	100.691	-27.0033
3948.059814	100.502	-26.9879
3976.668945	100.321	-26.7406
4005.485596	100.137	-26.4006
4034.510986	99.938	-26.1792
4063.746582	99.721	-26.0610
4093.194336	99.497	-25.9187
4122.855469	99.286	-25.7062
4152.730957	99.092	-25.4277
4182.823730	98.893	-25.1042
4213.133789	98.677	-24.7531
4243.664062	98.464	-24.3523
4274.415527	98.272	-23.8865
4305.389648	98.086	-23.3681
4336.588379	97.885	-22.8352
4368.013184	97.677	-22.2782
4399.665527	97.487	-21.6376
4431.547363	97.316	-20.9092
4463.660156	97.140	-20.1553
4496.005371	96.949	-19.4073
4528.585449	96.767	-18.6156
4561.401367	96.610	-17.7310
4594.455078	96.459	-16.8015
4627.748535	96.294	-15.8787
4661.283203	96.129	-14.9294
4695.060547	95.989	-13.8866
4729.083008	95.869	-12.7710
4763.352051	95.740	-11.6731
4797.869141	95.601	-10.6022
4832.636719	95.477	-9.4561
4867.655762	95.379	-8.0917
4902.928711	95.299	-6.4954
4938.457520	95.223	-4.9054
4974.243652	95.147	-3.5425
5010.289062	95.067	-2.3384
5046.595703	94.998	-1.1107
5083.165527	94.960	0.2433
5120.000000	94.948	1.6699
5157.101562	94.933	3.0234
5194.472168	94.912	4.2819
5232.113281	94.911	5.5655
5270.027344	94.942	6.9500
5308.216309	94.984	8.3353
5346.681641	95.021	9.6150
5385.426270	95.070	10.8647
5424.451172	95.154	12.1954
5463.758789	95.263	13.5214
5503.351562	95.369	14.6898
5543.230957	95.477	15.7136
5583.399414	95.615	16.7583
5623.859375	95.787	17.8682
5664.611816	95.969	18.8492
5705.660156	96.145	19.5655
5747.005859	96.338	20.1345
5788.650879	96.567	20.7142
5830.597656	96.817	21.2030
5872.848633	97.061	21.3808
5915.405762	97.305	21.2631
5958.271484	97.572	21.0197
6001.447266	97.860	20.6652
6044.936523	98.136	19.9749
6088.740234	98.386	18.8280
6132.861816	98.629	17.3973
6177.303223	98.873	15.8281
6222.066406	99.086	13.9869
6267.154297	99.237	11.7134
6312.568359	99.330	9.1226
6358.312012	99.383	6.4801
6404.386719	99.387	3.8501
6450.795898	99.312	1.0624
6497.541016	99.156	-1.8470
6544.625000	98.947	-4.5654
6592.049805	98.705	-6.8933
6639.818359	98.417	-8.9774
6687.933594	98.070	-10.9875
6736.396973	97.685	-12.7483
6785.211426	97.300	-14.0037
6834.379883	96.914	-14.8383
6883.904785	96.505	-15.5574
6933.788574	96.076	-16.1833
6984.033691	95.664	-16.4186
7034.642578	95.284	-16.1893
7085.618652	94.915	-15.8079
7136.963867	94.538	-15.4767
7188.681152	94.174	-15.0051
7240.773438	93.849	-14.1176
7293.243164	93.556	-12.7990
7346.092773	93.284	-11.2875
7399.325684	93.027	-9.8862
7452.944336	92.774	-8.7783
7506.951172	92.522	-7.8350
7561.350098	92.300	-6.6914
7616.142578	92.123	-5.2279
7671.332031	91.967	-3.7845
7726.921875	91.806	-2.6311
7782.914551	91.661	-1.5344
7839.312500	91.561	-0.1680
7896.119629	91.495	1.3251
7953.337891	91.434	2.5421
8010.971191	91.379	3.5091
8069.021973	91.363	4.6150
8127.493164	91.394	5.9380
8186.388672	91.442	7.0389
8245.710938	91.489	7.6707
8305.461914	91.561	8.1406
8365.647461	91.685	8.7631
8426.267578	91.838	9.2575
8487.328125	91.988	9.1804
8548.831055	92.143	8.5936
8610.779297	92.325	7.8861
8673.176758	92.527	7.0265
8736.026367	92.703	5.5105
8799.331055	92.828	3.1534
8863.094727	92.910	0.3735
8927.320312	92.951	-2.4071
8992.010742	92.920	-5.1644
9057.170898	92.795	-8.0978
9122.802734	92.567	-11.3215
9188.910156	92.230	-14.6520
9255.497070	91.805	-17.9384
9322.566406	91.295	-21.1328
9390.121094	90.694	-24.1646
9458.166016	90.037	-26.6428
9526.704102	89.364	-28.2510
9595.738281	88.668	-29.3732
9665.273438	87.932	-30.4436
9735.311523	87.178	-31.2125
9805.857422	86.446	-31.1989
9876.915039	85.742	-30.5679
9948.487305	85.038	-29.9453
10020.578125	84.326	-29.4222
10093.191406	83.642	-28.4390
10166.331055	83.006	-26.7841
10240.000000	82.392	-25.0264
10314.203125	81.774	-23.5980
10388.944336	81.170	-22.0778
10464.226562	80.611	-19.9532
10540.054688	80.085	-17.5236
10616.432617	79.557	-15.4293
10693.363281	79.025	-13.5690
10770.852539	78.524	-11.2675
10848.902344	78.066	-8.4382
10927.517578	77.619	-5.7391
11006.703125	77.162	-3.4617
11086.461914	76.722	-1.0342
11166.798828	76.326	1.9656
11247.718750	75.955	5.0948
11329.223633	75.579	7.7556
11411.320312	75.204	10.2128
11494.011719	74.864	13.1278
11577.301758	74.558	16.3987
11661.195312	74.251	19.3097
11745.697266	73.939	21.7709
11830.811523	73.652	24.5043
11916.542969	73.403	27.8490
12002.894531	73.170	31.2016
12089.873047	72.927	34.0311
12177.480469	72.691	36.7367
12265.723633	72.496	39.9447
12354.606445	72.330	43.3997
12444.132812	72.161	46.2960
12534.308594	71.986	48.6708
12625.136719	71.839	51.3549
12716.624023	71.738	54.5681
12808.773438	71.653	57.6255
12901.591797	71.561	60.0787
12995.082031	71.486	62.4765
13089.250000	71.462	65.4555
13184.099609	71.474	68.6692
13279.636719	71.490	71.3500
13375.867188	71.516	73.6351
13472.793945	71.587	76.3073
13570.422852	71.709	79.5995
13668.759766	71.864	83.1144
13767.809570	72.051	86.3840
13867.577148	72.267	88.9449
13968.067383	72.507	90.6920
14069.285156	72.795	92.2792
14171.237305	73.156	94.3817
14273.927734	73.577	96.5545
14377.362305	74.042	97.9463
14481.546875	74.575	98.6803
14586.486328	75.222	99.5497
14692.185547	75.990	100.4495
14798.651367	76.858	100.2344
14905.888672	77.819	98.2563
15013.902344	78.887	94.9073
15122.700195	80.013	90.2373
15232.285156	81.053	83.1044
15342.664062	81.828	72.4737
15453.843750	82.196	59.1395
15565.829102	82.085	45.4268
15678.625000	81.497	33.1219
15792.239258	80.505	22.4979
15906.675781	79.249	13.5853
16021.942383	77.911	7.0811
16138.043945	76.642	3.2925
16254.986328	75.486	1.0399
16372.777344	74.422	-1.0356
16491.421875	73.454	-2.7621
16610.923828	72.608	-3.3154
16731.294922	71.879	-2.8004
16852.535156	71.249	-1.8386
16974.656250	70.711	-0.9722
17097.662109	70.247	-0.8828
17221.558594	69.836	-1.7949
17346.353516	69.498	-2.7975
17472.052734	69.255	-3.1270
17598.662109	69.081	-3.5242
17726.189453	68.944	-5.0991
17854.640625	68.844	-7.6056
17984.021484	68.813	-9.8634
18114.341797	68.854	-11.8292
18245.605469	68.940	-14.6960
18377.820312	69.072	-18.8591
18510.994141	69.300	-23.3372
18645.132812	69.653	-27.7196
18780.242188	70.106	-33.2483
18916.332031	70.635	-41.1808
19053.408203	71.237	-51.2139
19191.476562	71.877	-62.6656
19330.546875	72.428	-76.2322
19470.623047	72.744	-93.2289
19611.714844	72.742	-113.2693
19753.830078	72.438	-134.2120
19896.974609	71.991	-154.7220
