20.000000	102.334	46.0242
20.144928	102.345	45.5161
20.290907	102.356	45.0104
20.437943	102.367	44.5069
20.586044	102.376	44.0061
20.735220	102.386	43.5077
20.885475	102.395	43.0117
21.036821	102.403	42.5180
21.189262	102.411	42.0265
21.342808	102.419	41.5370
21.497467	102.426	41.0497
21.653246	102.433	40.5644
21.810154	102.439	40.0811
21.968201	102.445	39.6003
22.127390	102.450	39.1219
22.287735	102.455	38.6462
22.449242	102.459	38.1738
22.611917	102.463	37.7043
22.775772	102.466	37.2381
22.940815	102.469	36.7752
23.107054	102.472	36.3151
23.274498	102.474	35.8577
23.443153	102.477	35.4027
23.613033	102.479	34.9496
23.784142	102.480	34.4984
23.956491	102.482	34.0487
24.130091	102.482	33.6008
24.304947	102.483	33.1549
24.481071	102.483	32.7113
24.658470	102.482	32.2709
24.837156	102.481	31.8338
25.017136	102.479	31.4007
25.198421	102.477	30.9715
25.381020	102.474	30.5464
25.564941	102.471	30.1251
25.750195	102.469	29.7065
25.936790	102.466	29.2907
26.124741	102.463	28.8764
26.314051	102.460	28.4635
26.504732	102.456	28.0515
26.696796	102.452	27.6406
26.890253	102.448	27.2312
27.085112	102.443	26.8237
27.281382	102.438	26.4189
27.479073	102.432	26.0172
27.678198	102.425	25.6190
27.878765	102.419	25.2245
28.080786	102.411	24.8337
28.284271	102.404	24.4465
28.489231	102.396	24.0629
28.695675	102.388	23.6827
28.903616	102.380	23.3060
29.113064	102.372	22.9332
29.324028	102.363	22.5642
29.536524	102.354	22.1991
29.750557	102.345	21.8370
29.966141	102.337	21.4779
30.183289	102.328	21.1198
30.402010	102.320	20.7625
30.622314	102.311	20.4047
30.844217	102.302	20.0469
31.067726	102.292	19.6892
31.292856	102.282	19.3340
31.519617	102.271	18.9824
31.748020	102.259	18.6367
31.978081	102.248	18.2977
32.209808	102.237	17.9655
32.443211	102.226	17.6384
32.678310	102.216	17.3143
32.915108	102.206	16.9913
33.153625	102.196	16.6664
33.393871	102.186	16.3400
33.635857	102.175	16.0120
33.879597	102.164	15.6860
34.125103	102.151	15.3644
34.372387	102.138	15.0498
34.621464	102.125	14.7441
34.872345	102.112	14.4463
35.125042	102.100	14.1550
35.379574	102.089	13.8665
35.635948	102.078	13.5779
35.894180	102.067	13.2882
36.154285	102.056	12.9968
36.416275	102.044	12.7068
36.680161	102.032	12.4204
36.945961	102.019	12.1404
37.213688	102.006	11.8685
37.483353	101.994	11.6031
37.754974	101.982	11.3425
38.028561	101.971	11.0833
38.304131	101.960	10.8231
38.581699	101.949	10.5619
38.861279	101.938	10.3009
39.142883	101.926	10.0431
39.426529	101.914	9.7920
39.712231	101.901	9.5487
40.000000	101.889	9.3126
40.289856	101.879	9.0815
40.581814	101.869	8.8513
40.875885	101.859	8.6194
41.172089	101.850	8.3859
41.470440	101.840	8.1526
41.770950	101.830	7.9229
42.073643	101.819	7.7004
42.378525	101.808	7.4857
42.685616	101.799	7.2758
42.994934	101.790	7.0662
43.306492	101.783	6.8525
43.620308	101.775	6.6328
43.936401	101.766	6.4094
44.254780	101.756	6.1891
44.575470	101.745	5.9792
44.898483	101.735	5.7836
45.223835	101.725	5.6012
45.551544	101.718	5.4265
45.881630	101.713	5.2520
46.214108	101.709	5.0719
46.548996	101.706	4.8845
46.886307	101.703	4.6930
47.226067	101.699	4.5033
47.568283	101.696	4.3197
47.912983	101.693	4.1432
48.260181	101.691	3.9714
48.609894	101.690	3.8008
48.962143	101.690	3.6291
49.316940	101.690	3.4563
49.674313	101.689	3.2853
50.034271	101.687	3.1202
50.396843	101.684	2.9641
50.762039	101.680	2.8170
51.129883	101.678	2.6756
51.500389	101.677	2.5343
51.873581	101.677	2.3889
52.249481	101.677	2.2388
52.628101	101.678	2.0873
53.009464	101.679	1.9380
53.393593	101.681	1.7899
53.780506	101.685	1.6361
54.170223	101.690	1.4686
54.562763	101.694	1.2880
54.958145	101.697	1.1061
55.356396	101.699	0.9408
55.757530	101.702	0.8027
56.161572	101.711	0.6841
56.568542	101.725	0.5607
56.978462	101.745	0.4080
57.391350	101.767	0.2174
57.807232	101.789	-0.0010
58.226128	101.809	-0.2294
58.648056	101.829	-0.4563
59.073048	101.850	-0.6808
59.501114	101.873	-0.9055
59.932281	101.896	-1.1304
60.366577	101.921	-1.3540
60.804020	101.949	-1.5787
61.244629	101.980	-1.8127
61.688435	102.013	-2.0639
62.135452	102.047	-2.3339
62.585712	102.083	-2.6195
63.039234	102.120	-2.9189
63.496040	102.160	-3.2343
63.956161	102.202	-3.5679
64.419617	102.245	-3.9196
64.886421	102.289	-4.2910
65.356621	102.334	-4.6874
65.830215	102.379	-5.1129
66.307251	102.423	-5.5612
66.787743	102.467	-6.0205
67.271713	102.513	-6.4910
67.759193	102.563	-6.9948
68.250206	102.613	-7.5579
68.744774	102.660	-8.1812
69.242928	102.702	-8.8337
69.744690	102.741	-9.4868
70.250084	102.781	-10.1452
70.759148	102.822	-10.8457
71.271896	102.861	-11.6138
71.788361	102.893	-12.4363
72.308571	102.917	-13.2775
72.832550	102.936	-14.1179
73.360321	102.951	-14.9692
73.891922	102.962	-15.8500
74.427376	102.967	-16.7606
74.966705	102.966	-17.6873
75.509949	102.959	-18.6239
76.057121	102.945	-19.5773
76.608261	102.924	-20.5482
77.163399	102.895	-21.5227
77.722557	102.858	-22.4845
78.285767	102.815	-23.4316
78.853058	102.766	-24.3700
79.424461	102.710	-25.2994
80.000000	102.648	-26.2129
80.579712	102.580	-27.1057
81.163628	102.505	-27.9758
81.751770	102.424	-28.8210
82.344177	102.339	-29.6400
82.940880	102.248	-30.4321
83.541901	102.153	-31.1915
84.147285	102.054	-31.9117
84.757050	101.952	-32.5953
85.371231	101.849	-33.2506
85.989868	101.743	-33.8796
86.612984	101.634	-34.4803
87.240616	101.524	-35.0526
87.872803	101.412	-35.5938
88.509560	101.300	-36.0953
89.150940	101.187	-36.5582
89.796967	101.077	-36.9928
90.447670	100.967	-37.4060
91.103088	100.858	-37.7970
91.763260	100.748	-38.1632
92.428215	100.639	-38.4982
93.097992	100.530	-38.7980
93.772614	100.422	-39.0635
94.452133	100.316	-39.2884
95.136566	100.214	-39.4762
95.825966	100.118	-39.6695
96.520363	100.021	-39.8988
97.219788	99.921	-40.1257
97.924286	99.820	-40.3045
98.633881	99.722	-40.4512
99.348625	99.627	-40.5924
100.068542	99.534	-40.7294
100.793686	99.443	-40.8733
101.524078	99.352	-41.0270
102.259766	99.260	-41.1593
103.000778	99.169	-41.2648
103.747162	99.081	-41.3737
104.498962	98.993	-41.4847
105.256203	98.906	-41.5744
106.018929	98.821	-41.6523
106.787186	98.737	-41.7404
107.561012	98.654	-41.8318
108.340446	98.571	-41.9125
109.125526	98.490	-41.9833
109.916290	98.411	-42.0468
110.712791	98.333	-42.1126
111.515060	98.256	-42.1949
112.323143	98.177	-42.2736
113.137085	98.098	-42.3182
113.956924	98.021	-42.3439
114.782700	97.947	-42.3785
115.614464	97.873	-42.4266
116.452255	97.799	-42.4763
117.296112	97.727	-42.5166
118.146095	97.656	-42.5612
119.002228	97.586	-42.6193
119.864563	97.516	-42.6786
120.733154	97.446	-42.7351
121.608040	97.376	-42.7736
122.489258	97.309	-42.7925
123.376869	97.243	-42.8257
124.270905	97.177	-42.8693
125.171425	97.113	-42.8998
126.078468	97.051	-42.9319
126.992081	96.990	-42.9799
127.912323	96.929	-43.0372
128.839233	96.867	-43.1008
129.772842	96.803	-43.1561
130.713242	96.742	-43.1804
131.660431	96.684	-43.1972
132.614502	96.628	-43.2424
133.575485	96.571	-43.2972
134.543427	96.513	-43.3352
135.518387	96.455	-43.3506
136.500412	96.398	-43.3524
137.489548	96.341	-43.3618
138.485855	96.283	-43.3807
139.489380	96.225	-43.4116
140.500168	96.165	-43.4615
141.518295	96.104	-43.5002
142.543793	96.045	-43.5163
143.576721	95.988	-43.5511
144.617142	95.932	-43.6079
145.665100	95.875	-43.6577
146.720642	95.815	-43.6868
147.783844	95.755	-43.6910
148.854752	95.696	-43.6925
149.933411	95.636	-43.7112
151.019897	95.574	-43.7327
152.114243	95.512	-43.7491
153.216522	95.451	-43.7762
154.326797	95.390	-43.7970
155.445114	95.330	-43.8070
156.571533	95.271	-43.8172
157.706116	95.211	-43.8190
158.848923	95.151	-43.8176
160.000000	95.087	-43.8184
161.159424	95.021	-43.8182
162.327255	94.952	-43.8144
163.503540	94.882	-43.8113
164.688354	94.812	-43.8127
165.881760	94.741	-43.8215
167.083801	94.669	-43.8286
168.294571	94.596	-43.8170
169.514099	94.523	-43.8023
170.742462	94.449	-43.7896
171.979736	94.376	-43.7653
173.225967	94.303	-43.7493
174.481232	94.230	-43.7310
175.745605	94.157	-43.6934
177.019119	94.085	-43.6628
178.301880	94.011	-43.6268
179.593933	93.937	-43.5729
180.895340	93.861	-43.5284
182.206177	93.783	-43.4764
183.526520	93.703	-43.4131
184.856430	93.624	-43.3467
186.195984	93.545	-43.2808
187.545227	93.466	-43.2134
188.904266	93.387	-43.1321
190.273132	93.309	-43.0283
191.651932	93.232	-42.9070
193.040726	93.156	-42.7775
194.439575	93.081	-42.6565
195.848572	93.005	-42.5550
197.267761	92.930	-42.4425
198.697250	92.856	-42.3127
200.137085	92.784	-42.1848
201.587372	92.714	-42.0530
203.048157	92.644	-41.9124
204.519531	92.572	-41.7764
206.001556	92.498	-41.6521
207.494324	92.423	-41.5261
208.997925	92.349	-41.3904
210.512405	92.278	-41.2640
212.037857	92.207	-41.1444
213.574371	92.136	-40.9988
215.122025	92.064	-40.8392
216.680893	91.991	-40.6648
218.251053	91.916	-40.4856
219.832581	91.839	-40.2891
221.425583	91.761	-40.0975
223.030121	91.683	-39.9379
224.646286	91.606	-39.7821
226.274170	91.534	-39.5942
227.913849	91.466	-39.3812
229.565399	91.396	-39.1295
231.228928	91.319	-38.8167
232.904510	91.238	-38.4404
234.592224	91.159	-38.1475
236.292191	91.078	-38.0482
238.004456	90.997	-37.8987
239.729126	90.921	-37.7051
241.466309	90.845	-37.4868
243.216080	90.767	-37.2092
244.978516	90.687	-36.9164
246.753738	90.608	-36.6210
248.541809	90.531	-36.3180
250.342850	90.453	-36.0159
252.156937	90.371	-35.6956
253.984161	90.288	-35.3555
255.824646	90.206	-35.0120
257.678467	90.126	-34.6878
259.545685	90.046	-34.3737
261.426483	89.965	-34.0128
263.320862	89.885	-33.5972
265.229004	89.807	-33.2042
267.150970	89.727	-32.8206
269.086853	89.646	-32.4242
271.036774	89.565	-32.0394
273.000824	89.489	-31.6075
274.979095	89.419	-31.1105
276.971710	89.354	-30.6240
278.978760	89.288	-30.1822
281.000336	89.216	-29.7743
283.036591	89.141	-29.3253
285.087585	89.070	-28.8365
287.153442	88.999	-28.3512
289.234283	88.928	-27.8403
291.330200	88.857	-27.3214
293.441284	88.787	-26.8261
295.567688	88.719	-26.3160
297.709503	88.653	-25.7758
299.866821	88.590	-25.2307
302.039795	88.525	-24.6838
304.228485	88.458	-24.1360
306.433044	88.392	-23.5872
308.653595	88.329	-23.0233
310.890228	88.271	-22.4316
313.143066	88.217	-21.8475
315.412231	88.166	-21.2825
317.697845	88.119	-20.7072
320.000000	88.075	-20.0945
322.318848	88.034	-19.4618
324.654510	87.993	-18.8390
327.007080	87.953	-18.2141
329.376709	87.915	-17.5625
331.763519	87.879	-16.8896
334.167603	87.843	-16.2421
336.589142	87.809	-15.6221
339.028198	87.779	-14.9967
341.484924	87.753	-14.3407
343.959473	87.730	-13.6730
346.451935	87.706	-13.0192
348.962463	87.684	-12.3828
351.491211	87.663	-11.7277
354.038239	87.643	-11.0563
356.603760	87.624	-10.3739
359.187866	87.609	-9.7130
361.790680	87.596	-9.0679
364.412354	87.585	-8.4153
367.053040	87.574	-7.7561
369.712860	87.565	-7.0941
372.391968	87.559	-6.4290
375.090454	87.554	-5.7788
377.808533	87.548	-5.1270
380.546265	87.545	-4.4844
383.303864	87.545	-3.8479
386.081451	87.550	-3.2209
388.879150	87.555	-2.5841
391.697144	87.559	-1.9448
394.535522	87.561	-1.3019
397.394501	87.566	-0.6882
400.274170	87.575	-0.0839
403.174744	87.585	0.5588
406.096313	87.597	1.1872
409.039062	87.609	1.8024
412.003113	87.622	2.4209
414.988647	87.634	3.0127
417.995850	87.647	3.6075
421.024811	87.662	4.2068
424.075714	87.680	4.7999
427.148743	87.701	5.3843
430.244049	87.721	5.9567
433.361786	87.741	6.5336
436.502106	87.761	7.1140
439.665161	87.783	7.7014
442.851166	87.806	8.2800
446.060242	87.829	8.8199
449.292572	87.854	9.3479
452.548340	87.881	9.8822
455.827698	87.910	10.4415
459.130798	87.940	10.9995
462.457855	87.969	11.5342
465.809021	87.999	12.0903
469.184448	88.031	12.6389
472.584381	88.062	13.1447
476.008911	88.094	13.6518
479.458252	88.127	14.1452
482.932617	88.161	14.6328
486.432159	88.195	15.1469
489.957031	88.232	15.6660
493.507477	88.271	16.1639
497.083618	88.312	16.6454
500.685699	88.352	17.1115
504.313873	88.390	17.5574
507.968323	88.430	18.0046
511.649292	88.474	18.4586
515.356934	88.519	18.9176
519.091370	88.563	19.3668
522.852966	88.605	19.8124
526.641724	88.649	20.2487
530.458008	88.697	20.6758
534.301941	88.743	21.0882
538.173706	88.789	21.4816
542.073547	88.835	21.8918
546.001648	88.882	22.3181
549.958191	88.930	22.7235
553.943420	88.976	23.1007
557.957520	89.020	23.4675
562.000671	89.064	23.8445
566.073181	89.109	24.2134
570.175171	89.154	24.5540
574.306885	89.200	24.8834
578.468567	89.246	25.2175
582.660400	89.292	25.5598
586.882568	89.338	25.8927
591.135376	89.383	26.2032
595.419006	89.427	26.5077
599.733643	89.472	26.8368
604.079590	89.517	27.1669
608.456970	89.563	27.4896
612.866089	89.609	27.7910
617.307190	89.653	28.0550
621.780457	89.698	28.3316
626.286133	89.743	28.6392
630.824463	89.790	28.9416
635.395691	89.839	29.2099
640.000000	89.887	29.4660
644.637695	89.936	29.7415
649.309021	89.983	30.0168
654.014160	90.029	30.2738
658.753418	90.075	30.5286
663.527039	90.121	30.8239
668.335205	90.168	31.1360
673.178284	90.218	31.4163
678.056396	90.268	31.6703
682.969849	90.317	31.9359
687.918945	90.366	32.2277
692.903870	90.415	32.5085
697.924927	90.465	32.7624
702.982422	90.513	33.0149
708.076477	90.556	33.2980
713.207520	90.597	33.5869
718.375732	90.640	33.8262
723.581360	90.685	34.0373
728.824707	90.730	34.2633
734.106079	90.774	34.5191
739.425720	90.820	34.7885
744.783936	90.865	35.0502
750.180908	90.909	35.2962
755.617065	90.951	35.5352
761.092529	90.994	35.7951
766.607727	91.038	36.0547
772.162903	91.083	36.2924
777.758301	91.126	36.5312
783.394287	91.168	36.7854
789.071045	91.212	37.0459
794.789001	91.257	37.2981
800.548340	91.299	37.5402
806.349487	91.335	37.7888
812.192627	91.372	38.0492
818.078125	91.411	38.3141
824.006226	91.450	38.5782
829.977295	91.485	38.8313
835.991699	91.519	39.0830
842.049622	91.557	39.3605
848.151428	91.596	39.6518
854.297485	91.634	39.9180
860.488098	91.670	40.1619
866.723572	91.707	40.4209
873.004211	91.747	40.7057
879.330322	91.787	40.9855
885.702332	91.826	41.2343
892.120483	91.864	41.4811
898.585144	91.904	41.7723
905.096680	91.946	42.0746
911.655396	91.988	42.3388
918.261597	92.029	42.5703
924.915710	92.070	42.8352
931.618042	92.112	43.1437
938.368896	92.155	43.4281
945.168762	92.197	43.6626
952.017822	92.240	43.9060
958.916504	92.284	44.1903
965.865234	92.329	44.4792
972.864319	92.374	44.7388
979.914062	92.421	44.9760
987.014954	92.467	45.2145
994.167236	92.507	45.4648
1001.371399	92.539	45.7247
1008.627747	92.567	45.9919
1015.936646	92.596	46.2628
1023.298584	92.625	46.5232
1030.713867	92.650	46.7640
1038.182739	92.674	47.0041
1045.705933	92.701	47.2633
1053.283447	92.728	47.5339
1060.916016	92.750	47.7853
1068.603882	92.768	48.0096
1076.347412	92.787	48.2278
1084.147095	92.812	48.4582
1092.003296	92.838	48.6767
1099.916382	92.862	48.8964
1107.886841	92.883	49.1587
1115.915039	92.906	49.4439
1124.001343	92.933	49.6945
1132.146362	92.964	49.9164
1140.350342	92.995	50.1621
1148.613770	93.025	50.4236
1156.937134	93.058	50.6470
1165.320801	93.096	50.8143
1173.765137	93.130	50.9627
1182.270752	93.160	51.1222
1190.838013	93.187	51.2686
1199.467285	93.215	51.3821
1208.159180	93.242	51.4838
1216.913940	93.261	51.6037
1225.732178	93.276	51.7459
1234.614380	93.293	51.8811
1243.560913	93.313	52.0066
1252.572266	93.335	52.1477
1261.648926	93.356	52.3122
1270.791382	93.381	52.4867
1280.000000	93.410	52.6697
1289.275391	93.439	52.8658
1298.618042	93.464	53.0710
1308.028320	93.486	53.2941
1317.506836	93.512	53.5401
1327.054077	93.541	53.8011
1336.670410	93.567	54.0677
1346.356567	93.590	54.3440
1356.112793	93.616	54.6438
1365.939697	93.649	54.9700
1375.837891	93.684	55.2983
1385.807739	93.715	55.6133
1395.849854	93.748	55.9261
1405.964844	93.786	56.2551
1416.152954	93.827	56.5839
1426.415039	93.864	56.8895
1436.751465	93.896	57.1788
1447.162720	93.929	57.4860
1457.649414	93.966	57.8355
1468.212158	94.001	58.1885
1478.851440	94.031	58.5201
1489.567871	94.061	58.8709
1500.361816	94.096	59.2791
1511.234131	94.134	59.7198
1522.185059	94.170	60.1458
1533.215454	94.205	60.5459
1544.325806	94.242	60.9658
1555.516602	94.279	61.4738
1566.788574	94.319	62.0569
1578.142090	94.368	62.6295
1589.578003	94.426	63.1548
1601.096680	94.487	63.6929
1612.698975	94.545	64.3057
1624.385254	94.602	64.9498
1636.156250	94.664	65.5350
1648.012451	94.731	66.0559
1659.954590	94.802	66.5770
1671.983398	94.878	67.1649
1684.099243	94.960	67.8149
1696.302856	95.045	68.4331
1708.594971	95.130	68.9803
1720.976196	95.220	69.5408
1733.447144	95.315	70.1850
1746.008423	95.415	70.8363
1758.660645	95.517	71.4004
1771.404663	95.620	71.9286
1784.240967	95.731	72.5363
1797.170288	95.848	73.1991
1810.193359	95.967	73.8002
1823.310791	96.090	74.3255
1836.523193	96.215	74.8543
1849.831421	96.342	75.4497
1863.236084	96.470	76.0953
1876.737793	96.608	76.7400
1890.337524	96.760	77.3661
1904.035645	96.922	77.9819
1917.833008	97.080	78.6113
1931.730469	97.236	79.2646
1945.728638	97.402	79.9132
1959.828125	97.584	80.4978
1974.029907	97.782	81.0019
1988.334473	97.993	81.5023
2002.742798	98.219	82.0320
2017.255493	98.460	82.4599
2031.873291	98.711	82.6493
2046.597168	98.964	82.6533
2061.427734	99.213	82.6089
2076.365479	99.455	82.5239
2091.411865	99.688	82.2821
2106.566895	99.914	81.8861
2121.832031	100.128	81.4958
2137.207764	100.333	81.1902
2152.694824	100.533	80.8592
2168.294189	100.731	80.4033
2184.006592	100.926	79.9115
2199.832764	101.115	79.5032
2215.773682	101.301	79.1231
2231.830078	101.487	78.6276
2248.002686	101.673	78.0257
2264.292725	101.853	77.4601
2280.700684	102.027	76.9659
2297.227539	102.200	76.4063
2313.874268	102.373	75.7263
2330.641602	102.541	75.0343
2347.530273	102.699	74.3970
2364.541504	102.847	73.7735
2381.676025	102.996	73.1534
2398.934570	103.156	72.5772
2416.318359	103.321	72.0302
2433.827881	103.477	71.4353
2451.464355	103.619	70.7838
2469.228760	103.758	70.1287
2487.121826	103.904	69.4409
2505.144531	104.059	68.6442
2523.297852	104.213	67.7946
2541.582764	104.357	66.9870
2560.000000	104.494	66.1707
2578.550781	104.632	65.2386
2597.236084	104.769	64.2311
2616.056641	104.898	63.2947
2635.013672	105.018	62.4411
2654.108154	105.143	61.5395
2673.340820	105.273	60.5243
2692.713135	105.401	59.4904
2712.225586	105.521	58.5096
2731.879395	105.639	57.4832
2751.675781	105.763	56.2909
2771.615479	105.882	55.0065
2791.699707	105.986	53.7700
2811.929688	106.076	52.5491
2832.305908	106.162	51.2350
2852.830078	106.245	49.8273
2873.502930	106.313	48.4420
2894.325439	106.361	47.1251
2915.298828	106.402	45.8010
2936.424316	106.447	44.4158
2957.702881	106.486	43.0214
2979.135742	106.507	41.7019
3000.723633	106.516	40.4412
3022.468262	106.529	39.1343
3044.370117	106.546	37.7750
3066.430908	106.549	36.4540
3088.651611	106.534	35.1968
3111.033203	106.514	33.9246
3133.577148	106.499	32.5941
3156.284180	106.481	31.2817
3179.156006	106.447	30.0518
3202.193359	106.402	28.8557
3225.397949	106.360	27.6282
3248.770508	106.320	26.3944
3272.312500	106.266	25.2216
3296.024902	106.193	24.1219
3319.909180	106.121	23.0322
3343.966797	106.056	21.9333
3368.198486	105.986	20.8887
3392.605713	105.898	19.9345
3417.189941	105.802	19.0397
3441.952393	105.717	18.1564
3466.894287	105.637	17.3096
3492.016846	105.542	16.5500
3517.321289	105.433	15.8443
3542.809326	105.323	15.1615
3568.481934	105.224	14.6147
3594.340576	105.133	14.2747
3620.386719	105.039	13.9566
3646.621582	104.932	13.4951
3673.046387	104.810	12.9789
3699.662842	104.683	12.5081
3726.472168	104.570	12.0693
3753.475586	104.465	11.6604
3780.675049	104.349	11.3188
3808.071289	104.219	11.0288
3835.666016	104.094	10.7665
3863.460938	103.984	10.5399
3891.457275	103.872	10.3604
3919.656250	103.743	10.2231
3948.059814	103.611	10.1136
3976.668945	103.492	10.0474
4005.485596	103.377	10.0299
4034.510986	103.242	10.0457
4063.746582	103.092	10.0948
4093.194336	102.951	10.1893
4122.855469	102.827	10.3410
4152.730957	102.700	10.5411
4182.823730	102.557	10.7654
4213.133789	102.415	11.0262
4243.664062	102.293	11.3555
4274.415527	102.178	11.7342
4305.389648	102.051	12.1286
4336.588379	101.916	12.5551
4368.013184	101.798	13.0449
4399.665527	101.699	13.6096
4431.547363	101.595	14.1935
4463.660156	101.478	14.7589
4496.005371	101.369	15.3595
4528.585449	101.283	16.0457
4561.401367	101.206	16.7722
4594.455078	101.116	17.4889
4627.748535	101.024	18.2275
4661.283203	100.955	19.0538
4695.060547	100.906	19.9679
4729.083008	100.853	20.8812
4763.352051	100.791	21.7603
4797.869141	100.743	22.6831
4832.636719	100.724	23.6836
4867.655762	100.711	24.6873
4902.928711	100.688	25.6389
4938.457520	100.672	26.5939
4974.243652	100.686	27.6459
5010.289062	100.722	28.7574
5046.595703	100.756	29.8082
5083.165527	100.788	30.7928
5120.000000	100.844	31.8275
5157.101562	100.931	32.9514
5194.472168	101.025	34.0375
5232.113281	101.113	35.0145
5270.027344	101.216	35.9921
5308.216309	101.355	37.0505
5346.681641	101.515	38.0997
5385.426270	101.670	38.9935
5424.451172	101.828	39.7331
5463.758789	102.014	40.4975
5503.351562	102.231	41.4351
5543.230957	102.470	42.4937
5583.399414	102.724	43.3962
5623.859375	102.981	43.9191
5664.611816	103.237	44.1068
5705.660156	103.509	44.1411
5747.005859	103.817	44.1393
5788.650879	104.142	43.9970
5830.597656	104.455	43.5116
5872.848633	104.760	42.6801
5915.405762	105.080	41.6740
5958.271484	105.411	40.5137
6001.447266	105.718	39.0012
6044.936523	105.984	37.0371
6088.740234	106.226	34.7912
6132.861816	106.453	32.4337
6177.303223	106.635	29.8736
6222.066406	106.738	26.9534
6267.154297	106.770	23.8008
6312.568359	106.754	20.7606
6358.312012	106.691	17.9613
6404.386719	106.559	15.2382
6450.795898	106.356	12.5408
6497.541016	106.115	10.1068
6544.625000	105.864	8.1058
6592.049805	105.590	6.3615
6639.818359	105.272	4.6855
6687.933594	104.926	3.2056
6736.396973	104.588	2.2147
6785.211426	104.263	1.8402
6834.379883	103.947	1.9037
6883.904785	103.638	2.0751
6933.788574	103.331	2.1326
6984.033691	103.019	2.1158
7034.642578	102.727	2.2982
7085.618652	102.477	2.8701
7136.963867	102.252	3.6082
7188.681152	102.028	4.2131
7240.773438	101.813	4.7941
7293.243164	101.639	5.6526
7346.092773	101.503	6.7274
7399.325684	101.371	7.6599
7452.944336	101.235	8.3842
7506.951172	101.126	9.2449
7561.350098	101.059	10.4026
7616.142578	101.012	11.5524
7671.332031	100.962	12.4508
7726.921875	100.929	13.3103
7782.914551	100.941	14.4519
7839.312500	100.990	15.7194
7896.119629	101.042	16.6593
7953.337891	101.099	17.2582
8010.971191	101.194	17.9177
8069.021973	101.342	18.7812
8127.493164	101.514	19.4795
8186.388672	101.691	19.7311
8245.710938	101.899	19.8041
8305.461914	102.159	19.9657
8365.647461	102.450	19.9563
8426.267578	102.740	19.3381
8487.328125	103.032	18.1464
8548.831055	103.348	16.7638
8610.779297	103.676	15.1665
8673.176758	103.975	12.9152
8736.026367	104.218	9.8262
8799.331055	104.420	6.2970
8863.094727	104.582	2.6837
8927.320312	104.667	-1.2228
8992.010742	104.636	-5.7418
9057.170898	104.491	-10.5945
9122.802734	104.260	-15.1464
9188.910156	103.950	-19.2159
9255.497070	103.540	-23.1516
9322.566406	103.029	-27.0465
9390.121094	102.460	-30.4099
9458.166016	101.869	-32.8765
9526.704102	101.255	-34.7944
9595.738281	100.603	-36.6276
9665.273438	99.929	-38.2136
9735.311523	99.274	-39.0716
9805.857422	98.650	-39.3127
9876.915039	98.029	-39.5031
9948.487305	97.406	-39.7759
10020.578125	96.812	-39.6308
10093.191406	96.266	-38.8652
10166.331055	95.745	-37.9909
10240.000000	95.221	-37.4000
10314.203125	94.705	-36.7623
10388.944336	94.223	-35.5634
10464.226562	93.773	-33.7790
10540.054688	93.344	-31.7052
10616.432617	92.934	-29.7150
10693.363281	92.530	-28.1567
10770.852539	92.125	-26.9720
10848.902344	91.744	-25.5768
10927.517578	91.405	-23.6648
11006.703125	91.085	-21.7439
11086.461914	90.758	-20.2806
11166.798828	90.438	-18.9010
11247.718750	90.157	-17.0178
11329.223633	89.909	-14.8638
11411.320312	89.658	-13.1102
11494.011719	89.401	-11.7607
11577.301758	89.168	-10.1266
11661.195312	88.973	-7.9840
11745.697266	88.787	-5.9716
11830.811523	88.587	-4.5002
11916.542969	88.397	-3.0400
12002.894531	88.246	-1.0165
12089.873047	88.120	1.1846
12177.480469	87.983	2.8430
12265.723633	87.842	4.1428
12354.606445	87.734	5.8938
12444.132812	87.663	8.1386
12534.308594	87.592	10.0642
12625.136719	87.507	11.3928
12716.624023	87.438	12.8286
12808.773438	87.407	14.9418
12901.591797	87.401	17.5521
12995.082031	87.414	20.2289
13089.250000	87.443	22.5613
13184.099609	87.477	24.1785
13279.636719	87.519	25.3223
13375.867188	87.601	26.8086
13472.793945	87.732	28.8018
13570.422852	87.881	30.4941
13668.759766	88.034	31.4765
13767.809570	88.223	32.4563
13867.577148	88.475	34.0416
13968.067383	88.769	35.6503
14069.285156	89.078	36.4855
14171.237305	89.423	36.8520
14273.927734	89.843	37.6360
14377.362305	90.342	38.7743
14481.546875	90.894	39.2230
14586.486328	91.501	38.6205
14692.185547	92.212	37.7526
14798.651367	93.045	36.9588
14905.888672	93.974	35.2590
15013.902344	94.979	31.6710
15122.700195	96.063	26.2941
15232.285156	97.177	19.4089
15342.664062	98.176	10.1990
15453.843750	98.862	-2.3817
15565.829102	99.080	-17.6379
15678.625000	98.778	-33.0261
15792.239258	97.998	-46.3022
15906.675781	96.858	-57.0887
16021.942383	95.514	-65.9724
16138.043945	94.139	-72.8839
16254.986328	92.860	-77.4062
16372.777344	91.713	-80.2546
16491.421875	90.668	-82.8583
16610.923828	89.711	-85.5391
16731.294922	88.870	-87.4123
16852.535156	88.157	-88.2758
16974.656250	87.535	-89.2645
17097.662109	86.968	-91.1123
17221.558594	86.472	-93.1193
17346.353516	86.067	-94.4868
17472.052734	85.734	-95.7955
17598.662109	85.431	-98.1523
17726.189453	85.155	-101.3271
17854.640625	84.937	-104.1700
17984.021484	84.779	-106.6370
18114.341797	84.648	-109.9024
18245.605469	84.539	-114.4164
18377.820312	84.487	-119.2163
18510.994141	84.512	-123.7112
18645.132812	84.593	-128.8928
18780.242188	84.693	-135.8652
18916.332031	84.808	-144.2358
19053.408203	84.933	-152.9448
19191.476562	85.029	-162.2106
19330.546875	85.043	-173.2150
19470.623047	84.979	174.0804
19611.714844	84.898	161.0891
19753.830078	84.854	148.4006
19896.974609	84.857	134.9061
