20.000000	102.855	42.2191
20.144928	102.862	41.7025
20.290907	102.868	41.1878
20.437943	102.874	40.6752
20.586044	102.879	40.1655
20.735220	102.883	39.6586
20.885475	102.887	39.1550
21.036821	102.890	38.6550
21.189262	102.893	38.1583
21.342808	102.896	37.6648
21.497467	102.898	37.1745
21.653246	102.900	36.6863
21.810154	102.901	36.2002
21.968201	102.902	35.7156
22.127390	102.903	35.2320
22.287735	102.904	34.7495
22.449242	102.903	34.2680
22.611917	102.903	33.7878
22.775772	102.901	33.3099
22.940815	102.899	32.8342
23.107054	102.896	32.3619
23.274498	102.893	31.8934
23.443153	102.889	31.4286
23.613033	102.884	30.9682
23.784142	102.880	30.5114
23.956491	102.875	30.0577
24.130091	102.870	29.6067
24.304947	102.865	29.1570
24.481071	102.859	28.7087
24.658470	102.853	28.2610
24.837156	102.847	27.8140
25.017136	102.840	27.3685
25.198421	102.832	26.9245
25.381020	102.823	26.4839
25.564941	102.813	26.0468
25.750195	102.803	25.6150
25.936790	102.792	25.1883
26.124741	102.781	24.7673
26.314051	102.770	24.3521
26.504732	102.759	23.9413
26.696796	102.747	23.5350
26.890253	102.736	23.1315
27.085112	102.725	22.7307
27.281382	102.714	22.3311
27.479073	102.703	21.9327
27.678198	102.692	21.5350
27.878765	102.680	21.1382
28.080786	102.668	20.7420
28.284271	102.656	20.3467
28.489231	102.643	19.9523
28.695675	102.629	19.5592
28.903616	102.615	19.1676
29.113064	102.601	18.7782
29.324028	102.585	18.3918
29.536524	102.569	18.0092
29.750557	102.553	17.6313
29.966141	102.535	17.2591
30.183289	102.518	16.8928
30.402010	102.500	16.5322
30.622314	102.483	16.1768
30.844217	102.465	15.8250
31.067726	102.448	15.4760
31.292856	102.431	15.1278
31.519617	102.414	14.7802
31.748020	102.397	14.4321
31.978081	102.379	14.0847
32.209808	102.361	13.7383
32.443211	102.343	13.3949
32.678310	102.324	13.0555
32.915108	102.304	12.7213
33.153625	102.284	12.3928
33.393871	102.265	12.0695
33.635857	102.245	11.7509
33.879597	102.226	11.4349
34.125103	102.206	11.1206
34.372387	102.188	10.8066
34.621464	102.168	10.4924
34.872345	102.149	10.1785
35.125042	102.129	9.8655
35.379574	102.109	9.5552
35.635948	102.088	9.2489
35.894180	102.067	8.9475
36.154285	102.046	8.6517
36.416275	102.024	8.3605
36.680161	102.003	8.0733
36.945961	101.982	7.7890
37.213688	101.961	7.5067
37.483353	101.940	7.2266
37.754974	101.919	6.9487
38.028561	101.897	6.6740
38.304131	101.875	6.4026
38.581699	101.853	6.1346
38.861279	101.831	5.8700
39.142883	101.808	5.6083
39.426529	101.786	5.3498
39.712231	101.763	5.0956
40.000000	101.740	4.8464
40.289856	101.717	4.6026
40.581814	101.695	4.3632
40.875885	101.674	4.1246
41.172089	101.653	3.8835
41.470440	101.632	3.6373
41.770950	101.610	3.3849
42.073643	101.588	3.1288
42.378525	101.563	2.8749
42.685616	101.538	2.6282
42.994934	101.512	2.3918
43.306492	101.486	2.1657
43.620308	101.462	1.9464
43.936401	101.438	1.7290
44.254780	101.415	1.5095
44.575470	101.392	1.2880
44.898483	101.368	1.0671
45.223835	101.345	0.8503
45.551544	101.321	0.6389
45.881630	101.299	0.4318
46.214108	101.276	0.2257
46.548996	101.254	0.0187
46.886307	101.232	-0.1885
47.226067	101.209	-0.3911
47.568283	101.185	-0.5852
47.912983	101.162	-0.7709
48.260181	101.140	-0.9536
48.609894	101.118	-1.1409
48.962143	101.095	-1.3358
49.316940	101.070	-1.5334
49.674313	101.043	-1.7225
50.034271	101.013	-1.8942
50.396843	100.983	-2.0505
50.762039	100.954	-2.2051
51.129883	100.925	-2.3737
51.500389	100.895	-2.5594
51.873581	100.863	-2.7473
52.249481	100.828	-2.9152
52.628101	100.795	-3.0562
53.009464	100.767	-3.1935
53.393593	100.743	-3.3686
53.780506	100.717	-3.6068
54.170223	100.682	-3.8855
54.562763	100.636	-4.1359
54.958145	100.583	-4.2855
55.356396	100.535	-4.3132
55.757530	100.504	-4.2734
56.161572	100.489	-4.2645
56.568542	100.483	-4.3605
56.978462	100.475	-4.5614
57.391350	100.456	-4.8052
57.807232	100.428	-5.0233
58.226128	100.396	-5.1877
58.648056	100.366	-5.3141
59.073048	100.338	-5.4299
59.501114	100.311	-5.5471
59.932281	100.285	-5.6615
60.366577	100.259	-5.7712
60.804020	100.234	-5.8843
61.244629	100.210	-6.0078
61.688435	100.184	-6.1370
62.135452	100.158	-6.2614
62.585712	100.134	-6.3789
63.039234	100.112	-6.5005
63.496040	100.093	-6.6368
63.956161	100.075	-6.7911
64.419617	100.055	-6.9611
64.886421	100.032	-7.1425
65.356621	100.005	-7.3217
65.830215	99.972	-7.4683
66.307251	99.939	-7.5520
66.787743	99.911	-7.5769
67.271713	99.891	-7.5898
67.759193	99.876	-7.6470
68.250206	99.861	-7.7615
68.744774	99.841	-7.8980
69.242928	99.815	-8.0116
69.744690	99.790	-8.0907
70.250084	99.766	-8.1543
70.759148	99.746	-8.2250
71.271896	99.727	-8.3110
71.788361	99.708	-8.4146
72.308571	99.689	-8.5370
72.832550	99.667	-8.6700
73.360321	99.643	-8.7908
73.891922	99.618	-8.8801
74.427376	99.597	-8.9432
74.966705	99.579	-9.0073
75.509949	99.563	-9.0966
76.057121	99.546	-9.2076
76.608261	99.525	-9.3172
77.163399	99.502	-9.4100
77.722557	99.479	-9.4901
78.285767	99.455	-9.5666
78.853058	99.429	-9.6358
79.424461	99.404	-9.6892
80.000000	99.381	-9.7329
80.579712	99.360	-9.7894
81.163628	99.340	-9.8759
81.751770	99.318	-9.9850
82.344177	99.295	-10.0975
82.940880	99.270	-10.1988
83.541901	99.246	-10.2868
84.147285	99.222	-10.3649
84.757050	99.199	-10.4349
85.371231	99.178	-10.4971
85.989868	99.157	-10.5570
86.612984	99.136	-10.6290
87.240616	99.113	-10.7150
87.872803	99.086	-10.7891
88.509560	99.060	-10.8253
89.150940	99.036	-10.8474
89.796967	99.016	-10.9034
90.447670	98.994	-11.0021
91.103088	98.969	-11.1044
91.763260	98.943	-11.1851
92.428215	98.919	-11.2509
93.097992	98.895	-11.3112
93.772614	98.874	-11.3671
94.452133	98.853	-11.4226
95.136566	98.833	-11.4825
95.825966	98.811	-11.5430
96.520363	98.787	-11.5941
97.219788	98.763	-11.6263
97.924286	98.739	-11.6437
98.633881	98.717	-11.6679
99.348625	98.694	-11.7139
100.068542	98.671	-11.7709
100.793686	98.646	-11.8221
101.524078	98.622	-11.8666
102.259766	98.600	-11.9176
103.000778	98.579	-11.9808
103.747162	98.557	-12.0414
104.498962	98.535	-12.0850
105.256203	98.515	-12.1224
106.018929	98.495	-12.1724
106.787186	98.473	-12.2333
107.561012	98.450	-12.2909
108.340446	98.426	-12.3478
109.125526	98.401	-12.4273
109.916290	98.373	-12.5204
110.712791	98.344	-12.5740
111.515060	98.320	-12.5859
112.323143	98.302	-12.6229
113.137085	98.285	-12.7019
113.956924	98.265	-12.7743
114.782700	98.244	-12.8258
115.614464	98.221	-12.8656
116.452255	98.195	-12.8806
117.296112	98.168	-12.8950
118.146095	98.137	-12.9001
119.002228	98.109	-12.8048
119.864563	98.095	-12.7147
120.733154	98.085	-12.8363
121.608040	98.061	-13.0529
122.489258	98.030	-13.1766
123.376869	98.000	-13.2531
124.270905	97.975	-13.3290
125.171425	97.953	-13.3969
126.078468	97.935	-13.4667
126.992081	97.918	-13.5238
127.912323	97.902	-13.5702
128.839233	97.884	-13.6147
129.772842	97.866	-13.6488
130.713242	97.848	-13.6871
131.660431	97.829	-13.7379
132.614502	97.810	-13.7838
133.575485	97.791	-13.8278
134.543427	97.773	-13.8804
135.518387	97.755	-13.9359
136.500412	97.736	-13.9880
137.489548	97.716	-14.0402
138.485855	97.696	-14.0903
139.489380	97.675	-14.1281
140.500168	97.654	-14.1650
141.518295	97.633	-14.2114
142.543793	97.612	-14.2589
143.576721	97.590	-14.2933
144.617142	97.569	-14.3156
145.665100	97.549	-14.3428
146.720642	97.529	-14.3819
147.783844	97.508	-14.4229
148.854752	97.486	-14.4536
149.933411	97.465	-14.4760
151.019897	97.443	-14.4955
152.114243	97.420	-14.5118
153.216522	97.398	-14.5208
154.326797	97.376	-14.5247
155.445114	97.355	-14.5275
156.571533	97.334	-14.5355
157.706116	97.312	-14.5563
158.848923	97.289	-14.5736
160.000000	97.265	-14.5834
161.159424	97.238	-14.5941
162.327255	97.210	-14.6000
163.503540	97.181	-14.6077
164.688354	97.151	-14.6183
165.881760	97.119	-14.6184
167.083801	97.088	-14.6049
168.294571	97.057	-14.5864
169.514099	97.027	-14.5651
170.742462	96.997	-14.5414
171.979736	96.969	-14.5123
173.225967	96.941	-14.4882
174.481232	96.914	-14.4711
175.745605	96.887	-14.4559
177.019119	96.861	-14.4433
178.301880	96.834	-14.4399
179.593933	96.806	-14.4434
180.895340	96.778	-14.4463
182.206177	96.750	-14.4392
183.526520	96.722	-14.4324
184.856430	96.694	-14.4407
186.195984	96.663	-14.4573
187.545227	96.630	-14.4503
188.904266	96.596	-14.4165
190.273132	96.564	-14.3832
191.651932	96.533	-14.3518
193.040726	96.502	-14.3286
194.439575	96.471	-14.3073
195.848572	96.439	-14.2789
197.267761	96.408	-14.2375
198.697250	96.378	-14.2046
200.137085	96.349	-14.1870
201.587372	96.320	-14.1697
203.048157	96.291	-14.1448
204.519531	96.263	-14.1189
206.001556	96.235	-14.0862
207.494324	96.207	-14.0458
208.997925	96.178	-14.0096
210.512405	96.149	-13.9755
212.037857	96.119	-13.9328
213.574371	96.089	-13.8845
215.122025	96.058	-13.8353
216.680893	96.028	-13.7635
218.251053	95.999	-13.6978
219.832581	95.969	-13.6447
221.425583	95.938	-13.5732
223.030121	95.908	-13.5033
224.646286	95.876	-13.4300
226.274170	95.845	-13.3512
227.913849	95.813	-13.2828
229.565399	95.783	-13.2257
231.228928	95.754	-13.1655
232.904510	95.728	-13.0873
234.592224	95.702	-12.9664
236.292191	95.677	-12.8043
238.004456	95.649	-12.6904
239.729126	95.618	-12.6249
241.466309	95.584	-12.5554
243.216080	95.551	-12.4993
244.978516	95.520	-12.4119
246.753738	95.490	-12.2899
248.541809	95.460	-12.1667
250.342850	95.428	-12.0483
252.156937	95.394	-11.9210
253.984161	95.359	-11.7962
255.824646	95.325	-11.6633
257.678467	95.292	-11.5280
259.545685	95.259	-11.3866
261.426483	95.225	-11.2368
263.320862	95.190	-11.0912
265.229004	95.157	-10.9210
267.150970	95.128	-10.7540
269.086853	95.100	-10.6133
271.036774	95.071	-10.4460
273.000824	95.042	-10.2352
274.979095	95.013	-10.0361
276.971710	94.986	-9.8752
278.978760	94.958	-9.7300
281.000336	94.930	-9.5682
283.036591	94.903	-9.4083
285.087585	94.876	-9.2373
287.153442	94.850	-9.0709
289.234283	94.824	-8.9188
291.330200	94.797	-8.7645
293.441284	94.771	-8.5840
295.567688	94.746	-8.3893
297.709503	94.721	-8.2140
299.866821	94.695	-8.0356
302.039795	94.669	-7.8502
304.228485	94.643	-7.6705
306.433044	94.617	-7.4774
308.653595	94.593	-7.2842
310.890228	94.570	-7.1019
313.143066	94.550	-6.9309
315.412231	94.532	-6.7405
317.697845	94.516	-6.5223
320.000000	94.501	-6.3065
322.318848	94.488	-6.1050
324.654510	94.474	-5.9059
327.007080	94.461	-5.6908
329.376709	94.449	-5.4656
331.763519	94.439	-5.2491
334.167603	94.430	-5.0480
336.589142	94.420	-4.8535
339.028198	94.410	-4.6476
341.484924	94.400	-4.4305
343.959473	94.392	-4.2183
346.451935	94.386	-3.9993
348.962463	94.381	-3.7700
351.491211	94.377	-3.5597
354.038239	94.372	-3.3674
356.603760	94.366	-3.1676
359.187866	94.363	-2.9460
361.790680	94.361	-2.7151
364.412354	94.360	-2.5151
367.053040	94.358	-2.3261
369.712860	94.356	-2.1161
372.391968	94.355	-1.9066
375.090454	94.355	-1.7220
377.808533	94.354	-1.5406
380.546265	94.353	-1.3500
383.303864	94.352	-1.1538
386.081451	94.353	-0.9590
388.879150	94.356	-0.7613
391.697144	94.360	-0.5740
394.535522	94.362	-0.4056
397.394501	94.363	-0.2394
400.274170	94.366	-0.0630
403.174744	94.369	0.1016
406.096313	94.371	0.2638
409.039062	94.371	0.4439
412.003113	94.372	0.6166
414.988647	94.373	0.7842
417.995850	94.373	0.9554
421.024811	94.372	1.1155
424.075714	94.371	1.2716
427.148743	94.370	1.4321
430.244049	94.370	1.5844
433.361786	94.372	1.7191
436.502106	94.374	1.8523
439.665161	94.375	2.0186
442.851166	94.376	2.1992
446.060242	94.375	2.3513
449.292572	94.376	2.4897
452.548340	94.378	2.6346
455.827698	94.380	2.7872
459.130798	94.381	2.9690
462.457855	94.381	3.1485
465.809021	94.382	3.2858
469.184448	94.383	3.4302
472.584381	94.383	3.6063
476.008911	94.383	3.7894
479.458252	94.385	3.9276
482.932617	94.388	4.0383
486.432159	94.391	4.1779
489.957031	94.392	4.3456
493.507477	94.394	4.4907
497.083618	94.395	4.5975
500.685699	94.398	4.7247
504.313873	94.401	4.8966
507.968323	94.406	5.0722
511.649292	94.410	5.2115
515.356934	94.414	5.3370
519.091370	94.418	5.4902
522.852966	94.422	5.6484
526.641724	94.426	5.7935
530.458008	94.429	5.9271
534.301941	94.433	6.0649
538.173706	94.436	6.2129
542.073547	94.440	6.3652
546.001648	94.444	6.5095
549.958191	94.450	6.6560
553.943420	94.455	6.8016
557.957520	94.459	6.9276
562.000671	94.461	7.0465
566.073181	94.463	7.1893
570.175171	94.463	7.3603
574.306885	94.465	7.5154
578.468567	94.467	7.6449
582.660400	94.469	7.7795
586.882568	94.471	7.9427
591.135376	94.474	8.1167
595.419006	94.479	8.2682
599.733643	94.485	8.3943
604.079590	94.488	8.5488
608.456970	94.488	8.7301
612.866089	94.489	8.9021
617.307190	94.490	9.0594
621.780457	94.490	9.2115
626.286133	94.489	9.3737
630.824463	94.490	9.5255
635.395691	94.496	9.6653
640.000000	94.505	9.8036
644.637695	94.512	9.9689
649.309021	94.517	10.1548
654.014160	94.521	10.3328
658.753418	94.527	10.4990
663.527039	94.533	10.6538
668.335205	94.539	10.8136
673.178284	94.545	10.9949
678.056396	94.551	11.1721
682.969849	94.556	11.3315
687.918945	94.562	11.4987
692.903870	94.567	11.6877
697.924927	94.571	11.8865
702.982422	94.575	12.0867
708.076477	94.583	12.2861
713.207520	94.591	12.4927
718.375732	94.597	12.6712
723.581360	94.600	12.8311
728.824707	94.603	13.0244
734.106079	94.609	13.2614
739.425720	94.615	13.4968
744.783936	94.622	13.7019
750.180908	94.628	13.9037
755.617065	94.635	14.1352
761.092529	94.644	14.3828
766.607727	94.652	14.6020
772.162903	94.660	14.8179
777.758301	94.666	15.0679
783.394287	94.672	15.3557
789.071045	94.678	15.6222
794.789001	94.682	15.8421
800.548340	94.685	16.0703
806.349487	94.689	16.3439
812.192627	94.694	16.6397
818.078125	94.698	16.9188
824.006226	94.702	17.1775
829.977295	94.704	17.4292
835.991699	94.708	17.7042
842.049622	94.715	18.0057
848.151428	94.721	18.2958
854.297485	94.725	18.5596
860.488098	94.728	18.8335
866.723572	94.734	19.1384
873.004211	94.742	19.4536
879.330322	94.748	19.7438
885.702332	94.754	20.0201
892.120483	94.762	20.3242
898.585144	94.774	20.6597
905.096680	94.784	20.9738
911.655396	94.793	21.2482
918.261597	94.802	21.5418
924.915710	94.813	21.8816
931.618042	94.825	22.2105
938.368896	94.836	22.4905
945.168762	94.848	22.7678
952.017822	94.861	23.0990
958.916504	94.877	23.4585
965.865234	94.892	23.7767
972.864319	94.907	24.0574
979.914062	94.923	24.3674
987.014954	94.939	24.7251
994.167236	94.954	25.0635
1001.371399	94.963	25.3375
1008.627747	94.964	25.6141
1015.936646	94.959	25.9500
1023.298584	94.952	26.3114
1030.713867	94.946	26.6402
1038.182739	94.942	26.9296
1045.705933	94.938	27.2368
1053.283447	94.932	27.5970
1060.916016	94.928	27.9630
1068.603882	94.927	28.2866
1076.347412	94.927	28.6380
1084.147095	94.927	29.0526
1092.003296	94.928	29.4734
1099.916382	94.935	29.8623
1107.886841	94.948	30.2530
1115.915039	94.967	30.6567
1124.001343	94.987	31.0296
1132.146362	95.010	31.3508
1140.350342	95.035	31.6615
1148.613770	95.066	31.9730
1156.937134	95.096	32.2358
1165.320801	95.121	32.4099
1173.765137	95.141	32.5509
1182.270752	95.157	32.7309
1190.838013	95.169	32.9467
1199.467285	95.173	33.1331
1208.159180	95.171	33.2659
1216.913940	95.168	33.3913
1225.732178	95.166	33.5556
1234.614380	95.166	33.7404
1243.560913	95.166	33.9240
1252.572266	95.164	34.1198
1261.648926	95.165	34.3332
1270.791382	95.172	34.5537
1280.000000	95.182	34.7816
1289.275391	95.189	35.0235
1298.618042	95.192	35.2670
1308.028320	95.196	35.5348
1317.506836	95.204	35.8164
1327.054077	95.210	36.0948
1336.670410	95.210	36.3950
1346.356567	95.210	36.7228
1356.112793	95.214	37.0670
1365.939697	95.220	37.4420
1375.837891	95.223	37.8101
1385.807739	95.223	38.1651
1395.849854	95.223	38.5413
1405.964844	95.226	39.0096
1416.152954	95.231	39.5617
1426.415039	95.242	40.0909
1436.751465	95.258	40.5594
1447.162720	95.277	41.0493
1457.649414	95.294	41.6184
1468.212158	95.310	42.2201
1478.851440	95.328	42.7492
1489.567871	95.346	43.1926
1500.361816	95.363	43.6582
1511.234131	95.382	44.1930
1522.185059	95.405	44.7650
1533.215454	95.428	45.3442
1544.325806	95.449	45.8906
1555.516602	95.474	46.4451
1566.788574	95.505	47.0812
1578.142090	95.539	47.7528
1589.578003	95.571	48.3804
1601.096680	95.605	48.9942
1612.698975	95.647	49.6752
1624.385254	95.698	50.3982
1636.156250	95.749	51.0663
1648.012451	95.798	51.7055
1659.954590	95.854	52.4030
1671.983398	95.917	53.1559
1684.099243	95.984	53.9031
1696.302856	96.049	54.5956
1708.594971	96.117	55.2845
1720.976196	96.190	56.0580
1733.447144	96.269	56.8767
1746.008423	96.350	57.6415
1758.660645	96.436	58.3583
1771.404663	96.528	59.1056
1784.240967	96.624	59.9363
1797.170288	96.721	60.7946
1810.193359	96.825	61.6426
1823.310791	96.942	62.5217
1836.523193	97.072	63.4913
1849.831421	97.213	64.5079
1863.236084	97.360	65.4427
1876.737793	97.516	66.3214
1890.337524	97.684	67.1956
1904.035645	97.868	68.0032
1917.833008	98.067	68.6797
1931.730469	98.275	69.2144
1945.728638	98.486	69.6576
1959.828125	98.697	70.0483
1974.029907	98.905	70.3572
1988.334473	99.108	70.4944
2002.742798	99.304	70.5486
2017.255493	99.495	70.6634
2031.873291	99.680	70.8167
2046.597168	99.862	70.9263
2061.427734	100.045	70.9624
2076.365479	100.230	70.9978
2091.411865	100.416	71.1136
2106.566895	100.605	71.2374
2121.832031	100.802	71.2368
2137.207764	101.004	71.1438
2152.694824	101.207	71.0662
2168.294189	101.408	70.9792
2184.006592	101.610	70.7769
2199.832764	101.813	70.4322
2215.773682	102.011	70.0864
2231.830078	102.203	69.7635
2248.002686	102.389	69.3335
2264.292725	102.568	68.7692
2280.700684	102.739	68.2260
2297.227539	102.905	67.8051
2313.874268	103.069	67.3673
2330.641602	103.231	66.7616
2347.530273	103.387	66.0889
2364.541504	103.535	65.5656
2381.676025	103.683	65.1413
2398.934570	103.836	64.5908
2416.318359	103.992	63.9070
2433.827881	104.144	63.2277
2451.464355	104.289	62.5933
2469.228760	104.428	61.9459
2487.121826	104.569	61.1768
2505.144531	104.706	60.3079
2523.297852	104.831	59.5035
2541.582764	104.946	58.7461
2560.000000	105.057	57.8898
2578.550781	105.165	56.9901
2597.236084	105.267	56.1897
2616.056641	105.363	55.4668
2635.013672	105.456	54.6926
2654.108154	105.550	53.8351
2673.340820	105.643	53.0105
2692.713135	105.732	52.2998
2712.225586	105.821	51.5779
2731.879395	105.916	50.7908
2751.675781	106.028	50.0654
2771.615479	106.152	49.3698
2791.699707	106.270	48.5008
2811.929688	106.362	47.4285
2832.305908	106.432	46.3019
2852.830078	106.497	45.1658
2873.502930	106.564	43.9070
2894.325439	106.620	42.5744
2915.298828	106.653	41.3549
2936.424316	106.669	40.2074
2957.702881	106.681	38.9705
2979.135742	106.689	37.7066
3000.723633	106.684	36.5655
3022.468262	106.667	35.5581
3044.370117	106.650	34.5186
3066.430908	106.635	33.4099
3088.651611	106.616	32.3434
3111.033203	106.584	31.3778
3133.577148	106.546	30.4186
3156.284180	106.514	29.3958
3179.156006	106.484	28.3346
3202.193359	106.441	27.3650
3225.397949	106.383	26.4799
3248.770508	106.325	25.5791
3272.312500	106.274	24.6219
3296.024902	106.217	23.6918
3319.909180	106.140	22.8507
3343.966797	106.051	22.0491
3368.198486	105.965	21.2958
3392.605713	105.890	20.7304
3417.189941	105.820	20.2983
3441.952393	105.741	19.8041
3466.894287	105.644	19.1990
3492.016846	105.532	18.5919
3517.321289	105.425	18.0107
3542.809326	105.328	17.4262
3568.481934	105.228	16.9077
3594.340576	105.114	16.4972
3620.386719	104.995	16.1320
3646.621582	104.887	15.7499
3673.046387	104.788	15.3931
3699.662842	104.678	15.0529
3726.472168	104.549	14.7228
3753.475586	104.423	14.4934
3780.675049	104.316	14.2961
3808.071289	104.207	14.1213
3835.666016	104.081	13.9872
3863.460938	103.946	13.8478
3891.457275	103.822	13.7739
3919.656250	103.709	13.7404
3948.059814	103.582	13.7515
3976.668945	103.442	13.8492
4005.485596	103.308	13.9743
4034.510986	103.184	14.1300
4063.746582	103.051	14.3266
4093.194336	102.901	14.5416
4122.855469	102.748	14.7803
4152.730957	102.614	15.0751
4182.823730	102.490	15.4424
4213.133789	102.351	15.8117
4243.664062	102.200	16.1948
4274.415527	102.063	16.6674
4305.389648	101.945	17.2134
4336.588379	101.824	17.7947
4368.013184	101.689	18.3831
4399.665527	101.559	19.0057
4431.547363	101.452	19.6955
4463.660156	101.351	20.4243
4496.005371	101.236	21.1026
4528.585449	101.118	21.7642
4561.401367	101.022	22.5114
4594.455078	100.945	23.3318
4627.748535	100.865	24.1837
4661.283203	100.778	25.0179
4695.060547	100.704	25.8972
4729.083008	100.656	26.8782
4763.352051	100.613	27.8536
4797.869141	100.558	28.7614
4832.636719	100.507	29.6842
4867.655762	100.484	30.6736
4902.928711	100.480	31.7119
4938.457520	100.469	32.7140
4974.243652	100.452	33.6671
5010.289062	100.459	34.6870
5046.595703	100.497	35.7753
5083.165527	100.538	36.8521
5120.000000	100.569	37.8503
5157.101562	100.608	38.8134
5194.472168	100.677	39.9375
5232.113281	100.775	41.3261
5270.027344	100.888	42.7994
5308.216309	101.010	44.0575
5346.681641	101.129	45.0221
5385.426270	101.249	45.8357
5424.451172	101.396	46.6709
5463.758789	101.579	47.5754
5503.351562	101.775	48.4033
5543.230957	101.967	49.0159
5583.399414	102.173	49.5446
5623.859375	102.416	50.1147
5664.611816	102.682	50.6292
5705.660156	102.943	50.9048
5747.005859	103.205	50.9272
5788.650879	103.494	50.8262
5830.597656	103.811	50.6626
5872.848633	104.129	50.2351
5915.405762	104.431	49.4073
5958.271484	104.735	48.3100
6001.447266	105.054	47.0991
6044.936523	105.366	45.6390
6088.740234	105.636	43.7156
6132.861816	105.863	41.4084
6177.303223	106.066	38.9365
6222.066406	106.238	36.3480
6267.154297	106.343	33.5164
6312.568359	106.370	30.4413
6358.312012	106.337	27.4124
6404.386719	106.262	24.6919
6450.795898	106.137	22.3226
6497.541016	105.965	20.1749
6544.625000	105.750	18.0208
6592.049805	105.485	15.8005
6639.818359	105.177	13.7075
6687.933594	104.859	12.0000
6736.396973	104.544	10.7871
6785.211426	104.215	9.7980
6834.379883	103.861	8.8426
6883.904785	103.508	8.1337
6933.788574	103.184	7.8834
6984.033691	102.879	7.8892
7034.642578	102.567	7.8448
7085.618652	102.254	7.8265
7136.963867	101.979	8.1801
7188.681152	101.744	8.8708
7240.773438	101.519	9.5209
7293.243164	101.290	9.9521
7346.092773	101.082	10.4890
7399.325684	100.917	11.3947
7452.944336	100.775	12.3899
7506.951172	100.626	13.1775
7561.350098	100.485	13.9093
7616.142578	100.387	14.9058
7671.332031	100.327	16.0731
7726.921875	100.274	17.0442
7782.914551	100.225	17.7981
7839.312500	100.210	18.6516
7896.119629	100.241	19.7106
7953.337891	100.292	20.6278
8010.971191	100.347	21.1889
8069.021973	100.426	21.6865
8127.493164	100.553	22.3950
8186.388672	100.715	23.1222
8245.710938	100.885	23.4481
8305.461914	101.066	23.4224
8365.647461	101.292	23.4164
8426.267578	101.564	23.4299
8487.328125	101.847	23.0001
8548.831055	102.127	21.8957
8610.779297	102.429	20.4349
8673.176758	102.765	18.8735
8736.026367	103.100	16.8574
8799.331055	103.393	13.9326
8863.094727	103.640	10.2472
8927.320312	103.851	6.2446
8992.010742	103.995	1.9727
9057.170898	104.021	-2.9296
9122.802734	103.900	-8.4705
9188.910156	103.651	-14.0013
9255.497070	103.302	-18.9393
9322.566406	102.848	-23.4029
9390.121094	102.275	-27.7332
9458.166016	101.617	-31.6841
9526.704102	100.928	-34.7109
9595.738281	100.230	-36.8632
9665.273438	99.509	-38.7372
9735.311523	98.760	-40.5007
9805.857422	98.018	-41.6991
9876.915039	97.307	-42.0054
9948.487305	96.622	-41.5629
10020.578125	95.966	-40.7381
10093.191406	95.337	-39.9553
10166.331055	94.718	-39.5350
10240.000000	94.110	-39.2443
10314.203125	93.542	-38.4888
10388.944336	93.018	-37.2426
10464.226562	92.504	-36.1207
10540.054688	91.984	-35.3090
10616.432617	91.486	-34.2550
10693.363281	91.033	-32.6301
10770.852539	90.601	-30.9564
10848.902344	90.160	-29.7471
10927.517578	89.724	-28.6337
11006.703125	89.327	-26.9852
11086.461914	88.964	-24.9606
11166.798828	88.603	-23.2451
11247.718750	88.240	-21.8997
11329.223633	87.907	-20.2811
11411.320312	87.622	-18.1771
11494.011719	87.349	-16.2068
11577.301758	87.059	-14.8123
11661.195312	86.770	-13.4671
11745.697266	86.511	-11.5085
11830.811523	86.274	-8.9980
11916.542969	86.046	-6.3507
12002.894531	85.830	-3.8997
12089.873047	85.617	-1.9885
12177.480469	85.401	-0.5198
12265.723633	85.211	1.1844
12354.606445	85.061	3.4119
12444.132812	84.926	5.5446
12534.308594	84.780	7.1130
12625.136719	84.645	8.5956
12716.624023	84.549	10.6140
12808.773438	84.483	12.8793
12901.591797	84.415	14.6825
12995.082031	84.350	16.1509
13089.250000	84.323	18.0093
13184.099609	84.336	20.2936
13279.636719	84.362	22.2524
13375.867188	84.389	23.5740
13472.793945	84.442	24.8917
13570.422852	84.550	26.8291
13668.759766	84.695	28.9188
13767.809570	84.847	30.3397
13867.577148	85.019	31.3109
13968.067383	85.248	32.6970
14069.285156	85.534	34.4737
14171.237305	85.848	35.7582
14273.927734	86.187	36.2526
14377.362305	86.590	36.7373
14481.546875	87.083	37.7408
14586.486328	87.646	38.5220
14692.185547	88.259	38.1946
14798.651367	88.952	37.1156
14905.888672	89.765	36.0836
15013.902344	90.689	34.6905
15122.700195	91.690	31.6640
15232.285156	92.756	26.5242
15342.664062	93.863	19.7221
15453.843750	94.904	11.1469
15565.829102	95.697	-0.2253
15678.625000	96.067	-14.6221
15792.239258	95.931	-30.2200
15906.675781	95.319	-44.3594
16021.942383	94.343	-55.8590
16138.043945	93.141	-65.2903
16254.986328	91.857	-73.0624
16372.777344	90.617	-78.6682
16491.421875	89.495	-82.1738
16610.923828	88.491	-84.8951
16731.294922	87.580	-87.8008
16852.535156	86.775	-90.3687
16974.656250	86.100	-91.9285
17097.662109	85.530	-93.1999
17221.558594	85.022	-95.3313
17346.353516	84.572	-98.1194
17472.052734	84.204	-100.4521
17598.662109	83.917	-102.0679
17726.189453	83.682	-103.6371
17854.640625	83.488	-105.7350
17984.021484	83.330	-108.8109
18114.341797	83.197	-113.1202
18245.605469	83.110	-117.9760
18377.820312	83.100	-122.4629
18510.994141	83.157	-127.1438
18645.132812	83.247	-133.4166
18780.242188	83.365	-141.3506
18916.332031	83.516	-149.8760
19053.408203	83.669	-158.7689
19191.476562	83.761	-169.1484
19330.546875	83.763	178.4518
19470.623047	83.712	165.2385
19611.714844	83.660	152.3345
19753.830078	83.633	138.8602
19896.974609	83.626	122.9432
