20.000000	106.042	28.0557
20.144928	106.044	27.4953
20.290907	106.046	26.9363
20.437943	106.048	26.3785
20.586044	106.049	25.8217
20.735220	106.050	25.2656
20.885475	106.050	24.7104
21.036821	106.049	24.1558
21.189262	106.048	23.6019
21.342808	106.046	23.0496
21.497467	106.044	22.4984
21.653246	106.040	21.9499
21.810154	106.036	21.4041
21.968201	106.031	20.8616
22.127390	106.026	20.3232
22.287735	106.020	19.7886
22.449242	106.014	19.2578
22.611917	106.007	18.7308
22.775772	106.001	18.2063
22.940815	105.994	17.6844
23.107054	105.988	17.1633
23.274498	105.981	16.6428
23.443153	105.974	16.1224
23.613033	105.967	15.6011
23.784142	105.959	15.0795
23.956491	105.951	14.5577
24.130091	105.942	14.0363
24.304947	105.932	13.5164
24.481071	105.922	12.9979
24.658470	105.911	12.4825
24.837156	105.900	11.9698
25.017136	105.888	11.4603
25.198421	105.876	10.9538
25.381020	105.863	10.4492
25.564941	105.850	9.9468
25.750195	105.837	9.4447
25.936790	105.824	8.9434
26.124741	105.810	8.4421
26.314051	105.795	7.9412
26.504732	105.780	7.4412
26.696796	105.764	6.9424
26.890253	105.748	6.4467
27.085112	105.730	5.9541
27.281382	105.712	5.4661
27.479073	105.694	4.9824
27.678198	105.675	4.5037
27.878765	105.656	4.0286
28.080786	105.638	3.5570
28.284271	105.619	3.0873
28.489231	105.600	2.6193
28.695675	105.580	2.1514
28.903616	105.561	1.6840
29.113064	105.541	1.2168
29.324028	105.520	0.7504
29.536524	105.499	0.2852
29.750557	105.478	-0.1779
29.966141	105.456	-0.6385
30.183289	105.433	-1.0967
30.402010	105.410	-1.5527
30.622314	105.387	-2.0070
30.844217	105.364	-2.4604
31.067726	105.341	-2.9134
31.292856	105.317	-3.3662
31.519617	105.293	-3.8185
31.748020	105.268	-4.2696
31.978081	105.243	-4.7180
32.209808	105.217	-5.1631
32.443211	105.191	-5.6035
32.678310	105.164	-6.0396
32.915108	105.138	-6.4711
33.153625	105.111	-6.9000
33.393871	105.085	-7.3276
33.635857	105.059	-7.7552
33.879597	105.033	-8.1844
34.125103	105.006	-8.6146
34.372387	104.979	-9.0457
34.621464	104.951	-9.4753
34.872345	104.922	-9.9022
35.125042	104.893	-10.3246
35.379574	104.863	-10.7417
35.635948	104.834	-11.1542
35.894180	104.804	-11.5627
36.154285	104.775	-11.9695
36.416275	104.745	-12.3763
36.680161	104.716	-12.7837
36.945961	104.686	-13.1921
37.213688	104.655	-13.6005
37.483353	104.624	-14.0071
37.754974	104.592	-14.4108
38.028561	104.560	-14.8103
38.304131	104.528	-15.2057
38.581699	104.495	-15.5979
38.861279	104.462	-15.9876
39.142883	104.430	-16.3763
39.426529	104.397	-16.7646
39.712231	104.363	-17.1523
40.000000	104.330	-17.5391
40.289856	104.296	-17.9240
40.581814	104.262	-18.3065
40.875885	104.228	-18.6863
41.172089	104.194	-19.0637
41.470440	104.159	-19.4385
41.770950	104.124	-19.8112
42.073643	104.090	-20.1816
42.378525	104.055	-20.5502
42.685616	104.020	-20.9174
42.994934	103.984	-21.2839
43.306492	103.949	-21.6506
43.620308	103.913	-22.0175
43.936401	103.877	-22.3839
44.254780	103.840	-22.7477
44.575470	103.803	-23.1068
44.898483	103.765	-23.4597
45.223835	103.727	-23.8067
45.551544	103.690	-24.1498
45.881630	103.653	-24.4922
46.214108	103.616	-24.8370
46.548996	103.579	-25.1858
46.886307	103.541	-25.5376
47.226067	103.502	-25.8893
47.568283	103.462	-26.2373
47.912983	103.421	-26.5786
48.260181	103.380	-26.9120
48.609894	103.339	-27.2386
48.962143	103.298	-27.5615
49.316940	103.258	-27.8848
49.674313	103.218	-28.2122
50.034271	103.176	-28.5460
50.396843	103.132	-28.8856
50.762039	103.086	-29.2273
51.129883	103.038	-29.5659
51.500389	102.989	-29.8973
51.873581	102.940	-30.2207
52.249481	102.892	-30.5385
52.628101	102.844	-30.8540
53.009464	102.797	-31.1692
53.393593	102.751	-31.4839
53.780506	102.705	-31.7983
54.170223	102.660	-32.1162
54.562763	102.615	-32.4448
54.958145	102.570	-32.7892
55.356396	102.521	-33.1455
55.757530	102.467	-33.4974
56.161572	102.410	-33.8220
56.568542	102.351	-34.1021
56.978462	102.295	-34.3398
57.391350	102.244	-34.5579
57.807232	102.199	-34.7877
58.226128	102.155	-35.0514
58.648056	102.111	-35.3489
59.073048	102.063	-35.6626
59.501114	102.011	-35.9705
59.932281	101.957	-36.2615
60.366577	101.904	-36.5404
60.804020	101.851	-36.8182
61.244629	101.798	-37.1001
61.688435	101.745	-37.3828
62.135452	101.691	-37.6631
62.585712	101.639	-37.9436
63.039234	101.588	-38.2283
63.496040	101.538	-38.5120
63.956161	101.489	-38.7833
64.419617	101.441	-39.0414
64.886421	101.397	-39.3094
65.356621	101.353	-39.6144
65.830215	101.304	-39.9518
66.307251	101.247	-40.2722
66.787743	101.186	-40.5247
67.271713	101.129	-40.7090
67.759193	101.080	-40.8831
68.250206	101.036	-41.1017
68.744774	100.990	-41.3635
69.242928	100.940	-41.6249
69.744690	100.890	-41.8640
70.250084	100.842	-42.1057
70.759148	100.794	-42.3810
71.271896	100.742	-42.6796
71.788361	100.686	-42.9607
72.308571	100.630	-43.2051
72.832550	100.576	-43.4336
73.360321	100.524	-43.6752
73.891922	100.473	-43.9337
74.427376	100.420	-44.1959
74.966705	100.366	-44.4554
75.509949	100.311	-44.7106
76.057121	100.255	-44.9520
76.608261	100.198	-45.1682
77.163399	100.144	-45.3662
77.722557	100.093	-45.5729
78.285767	100.042	-45.8042
78.853058	99.988	-46.0447
79.424461	99.931	-46.2684
80.000000	99.875	-46.4722
80.579712	99.820	-46.6781
81.163628	99.763	-46.9008
81.751770	99.704	-47.1252
82.344177	99.645	-47.3324
82.940880	99.586	-47.5294
83.541901	99.528	-47.7384
84.147285	99.468	-47.9615
84.757050	99.407	-48.1749
85.371231	99.345	-48.3671
85.989868	99.285	-48.5551
86.612984	99.226	-48.7588
87.240616	99.165	-48.9707
87.872803	99.102	-49.1680
88.509560	99.040	-49.3419
89.150940	98.980	-49.5095
89.796967	98.922	-49.6936
90.447670	98.863	-49.8999
91.103088	98.801	-50.1083
91.763260	98.738	-50.2998
92.428215	98.675	-50.4803
93.097992	98.611	-50.6630
93.772614	98.547	-50.8435
94.452133	98.484	-51.0193
95.136566	98.419	-51.2028
95.825966	98.354	-51.3848
96.520363	98.290	-51.5470
97.219788	98.227	-51.7125
97.924286	98.164	-51.9067
98.633881	98.098	-52.0919
99.348625	98.032	-52.2361
100.068542	97.969	-52.3787
100.793686	97.906	-52.5463
101.524078	97.841	-52.7035
102.259766	97.777	-52.8433
103.000778	97.715	-53.0034
103.747162	97.650	-53.1844
104.498962	97.582	-53.3557
105.256203	97.514	-53.5118
106.018929	97.446	-53.6610
106.787186	97.379	-53.8080
107.561012	97.312	-53.9596
108.340446	97.245	-54.1162
109.125526	97.177	-54.2615
109.916290	97.110	-54.3774
110.712791	97.046	-54.4926
111.515060	96.982	-54.6648
112.323143	96.911	-54.8650
113.137085	96.835	-55.0020
113.956924	96.762	-55.0873
114.782700	96.692	-55.1909
115.614464	96.622	-55.3161
116.452255	96.552	-55.4506
117.296112	96.481	-55.5916
118.146095	96.408	-55.7202
119.002228	96.335	-55.8398
119.864563	96.261	-55.9603
120.733154	96.188	-56.0746
121.608040	96.113	-56.1920
122.489258	96.038	-56.3119
123.376869	95.963	-56.4050
124.270905	95.892	-56.4767
125.171425	95.826	-56.5728
126.078468	95.762	-56.6964
126.992081	95.696	-56.8051
127.912323	95.630	-56.8804
128.839233	95.565	-56.9323
129.772842	95.501	-56.9901
130.713242	95.437	-57.0786
131.660431	95.370	-57.1835
132.614502	95.302	-57.2932
133.575485	95.232	-57.4271
134.543427	95.158	-57.5688
135.518387	95.084	-57.6357
136.500412	95.016	-57.6440
137.489548	94.954	-57.6863
138.485855	94.892	-57.7430
139.489380	94.826	-57.7935
140.500168	94.758	-57.8411
141.518295	94.686	-57.8799
142.543793	94.613	-57.9260
143.576721	94.540	-57.9856
144.617142	94.467	-58.0673
145.665100	94.394	-58.1632
146.720642	94.320	-58.2250
147.783844	94.250	-58.2448
148.854752	94.182	-58.2736
149.933411	94.113	-58.3065
151.019897	94.041	-58.3203
152.114243	93.968	-58.3231
153.216522	93.894	-58.3357
154.326797	93.818	-58.3604
155.445114	93.743	-58.3779
156.571533	93.668	-58.3810
157.706116	93.594	-58.3905
158.848923	93.519	-58.4099
160.000000	93.441	-58.4048
161.159424	93.360	-58.3790
162.327255	93.277	-58.3623
163.503540	93.194	-58.3444
164.688354	93.110	-58.3309
165.881760	93.026	-58.3276
167.083801	92.942	-58.3098
168.294571	92.858	-58.2776
169.514099	92.774	-58.2526
170.742462	92.688	-58.2263
171.979736	92.602	-58.1873
173.225967	92.517	-58.1348
174.481232	92.432	-58.0892
175.745605	92.345	-58.0515
177.019119	92.258	-57.9955
178.301880	92.171	-57.9121
179.593933	92.085	-57.8160
180.895340	91.999	-57.7186
182.206177	91.912	-57.6378
183.526520	91.823	-57.5711
184.856430	91.730	-57.4884
186.195984	91.637	-57.3759
187.545227	91.546	-57.2458
188.904266	91.457	-57.1091
190.273132	91.370	-56.9833
191.651932	91.285	-56.8630
193.040726	91.200	-56.7300
194.439575	91.116	-56.5916
195.848572	91.032	-56.4437
197.267761	90.947	-56.2880
198.697250	90.860	-56.1236
200.137085	90.774	-55.9553
201.587372	90.687	-55.7977
203.048157	90.602	-55.6262
204.519531	90.519	-55.4509
206.001556	90.440	-55.2634
207.494324	90.364	-55.0614
208.997925	90.288	-54.8527
210.512405	90.212	-54.6411
212.037857	90.136	-54.4288
213.574371	90.059	-54.2215
215.122025	89.982	-54.0209
216.680893	89.906	-53.8268
218.251053	89.830	-53.6537
219.832581	89.753	-53.4881
221.425583	89.673	-53.3000
223.030121	89.593	-53.0753
224.646286	89.514	-52.8452
226.274170	89.435	-52.6203
227.913849	89.356	-52.4014
229.565399	89.278	-52.2040
231.228928	89.202	-51.9733
232.904510	89.129	-51.7533
234.592224	89.050	-51.6424
236.292191	88.958	-51.4207
238.004456	88.864	-51.0988
239.729126	88.772	-50.7679
241.466309	88.685	-50.4416
243.216080	88.603	-50.1647
244.978516	88.525	-49.9067
246.753738	88.449	-49.6415
248.541809	88.375	-49.3301
250.342850	88.300	-48.9800
252.156937	88.223	-48.6364
253.984161	88.141	-48.3157
255.824646	88.056	-48.0352
257.678467	87.971	-47.7546
259.545685	87.887	-47.4667
261.426483	87.801	-47.1519
263.320862	87.713	-46.7477
265.229004	87.632	-46.2518
267.150970	87.558	-45.8666
269.086853	87.483	-45.5396
271.036774	87.406	-45.1627
273.000824	87.327	-44.7879
274.979095	87.246	-44.4187
276.971710	87.163	-44.0520
278.978760	87.082	-43.6685
281.000336	87.003	-43.2939
283.036591	86.927	-42.9069
285.087585	86.852	-42.4951
287.153442	86.778	-42.0842
289.234283	86.703	-41.6503
291.330200	86.628	-41.2017
293.441284	86.552	-40.7465
295.567688	86.477	-40.3228
297.709503	86.402	-39.9122
299.866821	86.329	-39.4705
302.039795	86.258	-39.0073
304.228485	86.189	-38.5416
306.433044	86.123	-38.0707
308.653595	86.058	-37.6320
310.890228	85.990	-37.1899
313.143066	85.919	-36.6987
315.412231	85.851	-36.1871
317.697845	85.789	-35.7068
320.000000	85.731	-35.2249
322.318848	85.673	-34.7277
324.654510	85.616	-34.2432
327.007080	85.560	-33.7549
329.376709	85.508	-33.2491
331.763519	85.456	-32.6986
334.167603	85.403	-32.1276
336.589142	85.348	-31.5842
339.028198	85.293	-31.0747
341.484924	85.241	-30.5698
343.959473	85.191	-30.0501
346.451935	85.142	-29.5138
348.962463	85.093	-28.9487
351.491211	85.044	-28.3838
354.038239	84.998	-27.8522
356.603760	84.955	-27.3289
359.187866	84.911	-26.7877
361.790680	84.866	-26.2169
364.412354	84.820	-25.6379
367.053040	84.775	-25.0701
369.712860	84.733	-24.5160
372.391968	84.692	-23.9671
375.090454	84.651	-23.4229
377.808533	84.609	-22.8853
380.546265	84.568	-22.2883
383.303864	84.531	-21.6616
386.081451	84.495	-21.0755
388.879150	84.460	-20.5032
391.697144	84.427	-19.9083
394.535522	84.400	-19.2776
397.394501	84.375	-18.6958
400.274170	84.347	-18.1663
403.174744	84.314	-17.6062
406.096313	84.277	-17.0046
409.039062	84.241	-16.3867
412.003113	84.206	-15.7678
414.988647	84.177	-15.1503
417.995850	84.153	-14.5411
421.024811	84.131	-13.9406
424.075714	84.107	-13.3418
427.148743	84.082	-12.7449
430.244049	84.060	-12.1702
433.361786	84.037	-11.5850
436.502106	84.014	-10.9595
439.665161	83.991	-10.3404
442.851166	83.968	-9.7622
446.060242	83.948	-9.1672
449.292572	83.936	-8.5427
452.548340	83.924	-7.9209
455.827698	83.907	-7.3092
459.130798	83.886	-6.7162
462.457855	83.866	-6.1088
465.809021	83.848	-5.4846
469.184448	83.833	-4.8639
472.584381	83.819	-4.2726
476.008911	83.807	-3.6580
479.458252	83.798	-3.0402
482.932617	83.789	-2.4338
486.432159	83.780	-1.8032
489.957031	83.770	-1.1735
493.507477	83.762	-0.5591
497.083618	83.755	0.0549
500.685699	83.750	0.6558
504.313873	83.745	1.2324
507.968323	83.741	1.8466
511.649292	83.738	2.4976
515.356934	83.735	3.1381
519.091370	83.730	3.7464
522.852966	83.727	4.3496
526.641724	83.728	4.9641
530.458008	83.731	5.5840
534.301941	83.733	6.1946
538.173706	83.734	6.7832
542.073547	83.734	7.3798
546.001648	83.736	7.9949
549.958191	83.739	8.6100
553.943420	83.744	9.2271
557.957520	83.750	9.8430
562.000671	83.756	10.4651
566.073181	83.761	11.0693
570.175171	83.769	11.6862
574.306885	83.777	12.3209
578.468567	83.783	12.9277
582.660400	83.788	13.5269
586.882568	83.797	14.1575
591.135376	83.808	14.7845
595.419006	83.818	15.3824
599.733643	83.829	15.9697
604.079590	83.843	16.5953
608.456970	83.859	17.2327
612.866089	83.874	17.8253
617.307190	83.888	18.3948
621.780457	83.903	19.0077
626.286133	83.919	19.6564
630.824463	83.937	20.2730
635.395691	83.956	20.8516
640.000000	83.977	21.4282
644.637695	83.998	22.0474
649.309021	84.021	22.6826
654.014160	84.046	23.2812
658.753418	84.071	23.8619
663.527039	84.096	24.4782
668.335205	84.121	25.1250
673.178284	84.146	25.7582
678.056396	84.172	26.3497
682.969849	84.199	26.9570
687.918945	84.225	27.5952
692.903870	84.250	28.2288
697.924927	84.277	28.8635
702.982422	84.309	29.4951
708.076477	84.343	30.0864
713.207520	84.372	30.6612
718.375732	84.398	31.2372
723.581360	84.427	31.8421
728.824707	84.459	32.4902
734.106079	84.493	33.1131
739.425720	84.527	33.6969
744.783936	84.560	34.3076
750.180908	84.597	34.9614
755.617065	84.636	35.6071
761.092529	84.673	36.2129
766.607727	84.709	36.8056
772.162903	84.746	37.4484
777.758301	84.782	38.1143
783.394287	84.819	38.7355
789.071045	84.857	39.3104
794.789001	84.896	39.8989
800.548340	84.936	40.5249
806.349487	84.974	41.1539
812.192627	85.012	41.7638
818.078125	85.047	42.3849
824.006226	85.083	43.0084
829.977295	85.122	43.6255
835.991699	85.162	44.2442
842.049622	85.201	44.8502
848.151428	85.240	45.4487
854.297485	85.281	46.0571
860.488098	85.324	46.6887
866.723572	85.367	47.3173
873.004211	85.409	47.9268
879.330322	85.452	48.5211
885.702332	85.497	49.1356
892.120483	85.544	49.7802
898.585144	85.591	50.4025
905.096680	85.638	50.9859
911.655396	85.685	51.5531
918.261597	85.728	52.1438
924.915710	85.771	52.7806
931.618042	85.817	53.4286
938.368896	85.870	54.0649
945.168762	85.924	54.6887
952.017822	85.977	55.3217
958.916504	86.028	55.9644
965.865234	86.081	56.6090
972.864319	86.136	57.2581
979.914062	86.186	57.9134
987.014954	86.232	58.5790
994.167236	86.277	59.2561
1001.371399	86.321	59.9210
1008.627747	86.362	60.5779
1015.936646	86.397	61.2724
1023.298584	86.433	62.0384
1030.713867	86.473	62.8475
1038.182739	86.523	63.6373
1045.705933	86.581	64.4123
1053.283447	86.649	65.2369
1060.916016	86.727	66.0950
1068.603882	86.818	66.8797
1076.347412	86.919	67.5340
1084.147095	87.025	68.1060
1092.003296	87.129	68.6219
1099.916382	87.230	69.0563
1107.886841	87.328	69.3808
1115.915039	87.420	69.6443
1124.001343	87.501	69.9183
1132.146362	87.574	70.1965
1140.350342	87.643	70.4441
1148.613770	87.708	70.6644
1156.937134	87.765	70.9063
1165.320801	87.816	71.1909
1173.765137	87.866	71.4836
1182.270752	87.917	71.7562
1190.838013	87.967	72.0212
1199.467285	88.010	72.3228
1208.159180	88.050	72.6526
1216.913940	88.092	72.9761
1225.732178	88.137	73.2910
1234.614380	88.178	73.6186
1243.560913	88.216	73.9719
1252.572266	88.260	74.3318
1261.648926	88.315	74.6848
1270.791382	88.372	75.0361
1280.000000	88.425	75.4142
1289.275391	88.476	75.8170
1298.618042	88.532	76.2202
1308.028320	88.589	76.6323
1317.506836	88.643	77.0562
1327.054077	88.693	77.4910
1336.670410	88.746	77.9334
1346.356567	88.804	78.3940
1356.112793	88.862	78.8862
1365.939697	88.915	79.3567
1375.837891	88.968	79.8138
1385.807739	89.023	80.3251
1395.849854	89.082	80.8964
1405.964844	89.143	81.4821
1416.152954	89.207	82.0529
1426.415039	89.278	82.6351
1436.751465	89.354	83.2426
1447.162720	89.427	83.8237
1457.649414	89.491	84.3659
1468.212158	89.551	84.9123
1478.851440	89.616	85.4694
1489.567871	89.683	86.0013
1500.361816	89.748	86.5142
1511.234131	89.812	87.0622
1522.185059	89.878	87.6771
1533.215454	89.948	88.3113
1544.325806	90.018	88.9257
1555.516602	90.085	89.5208
1566.788574	90.155	90.1499
1578.142090	90.230	90.8579
1589.578003	90.307	91.5739
1601.096680	90.384	92.2427
1612.698975	90.463	92.9233
1624.385254	90.550	93.6902
1636.156250	90.642	94.5092
1648.012451	90.734	95.2927
1659.954590	90.826	96.0473
1671.983398	90.921	96.8753
1684.099243	91.025	97.8013
1696.302856	91.134	98.7311
1708.594971	91.249	99.6251
1720.976196	91.372	100.5493
1733.447144	91.503	101.5702
1746.008423	91.644	102.6908
1758.660645	91.803	103.8499
1771.404663	91.990	104.9691
1784.240967	92.202	106.0089
1797.170288	92.423	106.9669
1810.193359	92.646	107.8430
1823.310791	92.872	108.5836
1836.523193	93.102	109.1324
1849.831421	93.329	109.5139
1863.236084	93.546	109.8274
1876.737793	93.753	110.1940
1890.337524	93.955	110.6027
1904.035645	94.151	110.9508
1917.833008	94.344	111.2600
1931.730469	94.536	111.6670
1945.728638	94.731	112.2092
1959.828125	94.933	112.7533
1974.029907	95.145	113.2317
1988.334473	95.370	113.7460
2002.742798	95.614	114.3612
2017.255493	95.880	114.9572
2031.873291	96.164	115.3652
2046.597168	96.462	115.5795
2061.427734	96.764	115.7141
2076.365479	97.066	115.7558
2091.411865	97.363	115.5686
2106.566895	97.650	115.1652
2121.832031	97.923	114.7014
2137.207764	98.177	114.2523
2152.694824	98.415	113.8007
2168.294189	98.647	113.3527
2184.006592	98.883	112.9320
2199.832764	99.118	112.5167
2215.773682	99.339	112.0774
2231.830078	99.546	111.6249
2248.002686	99.750	111.1739
2264.292725	99.961	110.6701
2280.700684	100.175	110.0648
2297.227539	100.385	109.4590
2313.874268	100.589	108.9438
2330.641602	100.791	108.4139
2347.530273	100.996	107.7421
2364.541504	101.198	107.0027
2381.676025	101.392	106.3338
2398.934570	101.578	105.7168
2416.318359	101.765	105.0094
2433.827881	101.952	104.1927
2451.464355	102.131	103.4118
2469.228760	102.301	102.7357
2487.121826	102.469	102.0627
2505.144531	102.642	101.3018
2523.297852	102.816	100.5316
2541.582764	102.984	99.8774
2560.000000	103.155	99.2902
2578.550781	103.339	98.6177
2597.236084	103.535	97.8558
2616.056641	103.734	97.1177
2635.013672	103.932	96.3969
2654.108154	104.139	95.5477
2673.340820	104.354	94.4985
2692.713135	104.565	93.3445
2712.225586	104.762	92.1857
2731.879395	104.949	90.9576
2751.675781	105.135	89.5467
2771.615479	105.310	88.0108
2791.699707	105.462	86.4941
2811.929688	105.593	85.0233
2832.305908	105.714	83.4956
2852.830078	105.830	81.8793
2873.502930	105.931	80.2999
2894.325439	106.011	78.8246
2915.298828	106.079	77.3655
2936.424316	106.148	75.8504
2957.702881	106.213	74.3389
2979.135742	106.264	72.9251
3000.723633	106.302	71.5830
3022.468262	106.343	70.2023
3044.370117	106.388	68.7671
3066.430908	106.422	67.3622
3088.651611	106.439	66.0258
3111.033203	106.452	64.6935
3133.577148	106.473	63.3182
3156.284180	106.493	61.9501
3179.156006	106.499	60.6570
3202.193359	106.497	59.4032
3225.397949	106.498	58.1141
3248.770508	106.503	56.7860
3272.312500	106.492	55.4888
3296.024902	106.463	54.2411
3319.909180	106.428	53.0012
3343.966797	106.400	51.8509
3368.198486	106.380	50.8919
3392.605713	106.356	50.0002
3417.189941	106.316	48.9949
3441.952393	106.258	47.9015
3466.894287	106.192	46.8387
3492.016846	106.134	45.8027
3517.321289	106.085	44.7708
3542.809326	106.025	43.7823
3568.481934	105.949	42.8554
3594.340576	105.870	41.9628
3620.386719	105.803	41.0746
3646.621582	105.736	40.2147
3673.046387	105.650	39.4105
3699.662842	105.553	38.6502
3726.472168	105.467	37.9086
3753.475586	105.391	37.1861
3780.675049	105.302	36.5001
3808.071289	105.194	35.8427
3835.666016	105.089	35.2160
3863.460938	105.001	34.6325
3891.457275	104.913	34.0929
3919.656250	104.807	33.6042
3948.059814	104.693	33.1615
3976.668945	104.592	32.7555
4005.485596	104.496	32.3941
4034.510986	104.381	32.0862
4063.746582	104.246	31.7993
4093.194336	104.115	31.5486
4122.855469	103.999	31.4750
4152.730957	103.893	31.6326
4182.823730	103.786	31.8117
4213.133789	103.670	31.8345
4243.664062	103.541	31.7821
4274.415527	103.411	31.7680
4305.389648	103.300	31.8368
4336.588379	103.202	31.9847
4368.013184	103.096	32.1779
4399.665527	102.979	32.4089
4431.547363	102.873	32.7172
4463.660156	102.789	33.1193
4496.005371	102.706	33.5488
4528.585449	102.608	33.9593
4561.401367	102.510	34.4110
4594.455078	102.437	34.9742
4627.748535	102.380	35.6043
4661.283203	102.313	36.2139
4695.060547	102.236	36.8069
4729.083008	102.177	37.4562
4763.352051	102.143	38.1948
4797.869141	102.112	38.9549
4832.636719	102.070	39.6699
4867.655762	102.036	40.4013
4902.928711	102.028	41.2327
4938.457520	102.036	42.0981
4974.243652	102.036	42.8947
5010.289062	102.036	43.6649
5046.595703	102.062	44.5311
5083.165527	102.117	45.4962
5120.000000	102.175	46.4341
5157.101562	102.226	47.2841
5194.472168	102.291	48.1425
5232.113281	102.388	49.0938
5270.027344	102.501	50.0421
5308.216309	102.606	50.8703
5346.681641	102.716	51.6602
5385.426270	102.861	52.5308
5424.451172	103.035	53.4318
5463.758789	103.209	54.1995
5503.351562	103.381	54.8028
5543.230957	103.579	55.3937
5583.399414	103.814	56.0558
5623.859375	104.060	56.6272
5664.611816	104.301	56.9442
5705.660156	104.555	57.1095
5747.005859	104.845	57.3019
5788.650879	105.162	57.4368
5830.597656	105.475	57.3116
5872.848633	105.786	56.8972
5915.405762	106.121	56.3534
5958.271484	106.484	55.7126
6001.447266	106.842	54.7733
6044.936523	107.179	53.4077
6088.740234	107.513	51.7543
6132.861816	107.858	49.9828
6177.303223	108.186	47.9632
6222.066406	108.463	45.4714
6267.154297	108.687	42.5627
6312.568359	108.873	39.5240
6358.312012	109.016	36.5818
6404.386719	109.101	33.7453
6450.795898	109.125	30.8323
6497.541016	109.078	27.6799
6544.625000	108.953	24.3313
6592.049805	108.766	21.0764
6639.818359	108.553	18.2365
6687.933594	108.315	15.8047
6736.396973	108.032	13.5452
6785.211426	107.710	11.4467
6834.379883	107.383	9.7675
6883.904785	107.068	8.5596
6933.788574	106.749	7.5482
6984.033691	106.412	6.5657
7034.642578	106.083	5.8263
7085.618652	105.789	5.5211
7136.963867	105.519	5.4417
7188.681152	105.247	5.2908
7240.773438	104.981	5.1445
7293.243164	104.753	5.3084
7346.092773	104.563	5.7427
7399.325684	104.379	6.0883
7452.944336	104.190	6.2299
7506.951172	104.021	6.5204
7561.350098	103.897	7.1902
7616.142578	103.800	7.9429
7671.332031	103.700	8.4288
7726.921875	103.605	8.7477
7782.914551	103.544	9.2964
7839.312500	103.522	10.2524
7896.119629	103.528	11.4517
7953.337891	103.557	12.5289
8010.971191	103.597	13.1416
8069.021973	103.640	13.3212
8127.493164	103.712	13.4387
8186.388672	103.836	13.7849
8245.710938	103.990	14.0547
8305.461914	104.146	13.8507
8365.647461	104.317	13.3255
8426.267578	104.534	12.8719
8487.328125	104.790	12.4107
8548.831055	105.048	11.4182
8610.779297	105.297	9.7142
8673.176758	105.555	7.6598
8736.026367	105.829	5.4823
8799.331055	106.079	2.8294
8863.094727	106.266	-0.6525
8927.320312	106.392	-4.7050
8992.010742	106.467	-8.8729
9057.170898	106.465	-13.2033
9122.802734	106.343	-18.0411
9188.910156	106.096	-23.2311
9255.497070	105.756	-28.0923
9322.566406	105.345	-32.2706
9390.121094	104.851	-36.0703
9458.166016	104.266	-39.7787
9526.704102	103.620	-43.0529
9595.738281	102.960	-45.3710
9665.273438	102.298	-46.7156
9735.311523	101.632	-47.4398
9805.857422	100.969	-47.9551
9876.915039	100.306	-48.6071
9948.487305	99.638	-49.3573
10020.578125	98.995	-49.6893
10093.191406	98.400	-49.3235
10166.331055	97.834	-48.7464
10240.000000	97.266	-48.4374
10314.203125	96.710	-48.1311
10388.944336	96.195	-47.2983
10464.226562	95.720	-46.0741
10540.054688	95.252	-45.0811
10616.432617	94.778	-44.4036
10693.363281	94.329	-43.4374
10770.852539	93.922	-41.9411
10848.902344	93.530	-40.4900
10927.517578	93.128	-39.4598
11006.703125	92.739	-38.3685
11086.461914	92.392	-36.7144
11166.798828	92.072	-34.8683
11247.718750	91.747	-33.4614
11329.223633	91.418	-32.3461
11411.320312	91.122	-30.8152
11494.011719	90.865	-28.8010
11577.301758	90.614	-27.0085
11661.195312	90.353	-25.7355
11745.697266	90.108	-24.4050
11830.811523	89.902	-22.5374
11916.542969	89.718	-20.5592
12002.894531	89.525	-19.0769
12089.873047	89.333	-17.8242
12177.480469	89.176	-16.0800
12265.723633	89.055	-13.9139
12354.606445	88.933	-12.1300
12444.132812	88.801	-10.9097
12534.308594	88.691	-9.4998
12625.136719	88.623	-7.4602
12716.624023	88.575	-5.4061
12808.773438	88.519	-3.9758
12901.591797	88.475	-2.7481
12995.082031	88.476	-0.9888
13089.250000	88.516	1.0863
13184.099609	88.562	2.6895
13279.636719	88.615	3.8050
13375.867188	88.709	5.1968
13472.793945	88.856	7.0840
13570.422852	89.027	8.7147
13668.759766	89.205	9.6065
13767.809570	89.417	10.3582
13867.577148	89.690	11.6132
13968.067383	90.009	12.9654
14069.285156	90.349	13.6284
14171.237305	90.723	13.7964
14273.927734	91.174	14.3162
14377.362305	91.708	15.1492
14481.546875	92.305	15.3131
14586.486328	92.973	14.4255
14692.185547	93.754	13.1780
14798.651367	94.672	12.0061
14905.888672	95.713	10.3600
15013.902344	96.851	7.2788
15122.700195	98.011	1.6126
15232.285156	99.062	-7.6582
15342.664062	99.853	-20.3654
15453.843750	100.243	-34.9393
15565.829102	100.132	-49.6536
15678.625000	99.504	-63.5471
15792.239258	98.461	-75.9431
15906.675781	97.188	-85.8315
16021.942383	95.879	-92.6726
16138.043945	94.650	-97.3672
16254.986328	93.516	-101.4218
16372.777344	92.475	-105.1224
16491.421875	91.555	-107.6268
16610.923828	90.767	-108.9580
16731.294922	90.071	-110.3571
16852.535156	89.444	-112.4307
16974.656250	88.905	-114.3582
17097.662109	88.472	-115.5129
17221.558594	88.120	-116.7007
17346.353516	87.813	-118.9270
17472.052734	87.557	-121.7694
17598.662109	87.383	-124.1549
17726.189453	87.285	-126.2714
17854.640625	87.222	-129.3459
17984.021484	87.187	-133.5682
18114.341797	87.216	-137.8020
18245.605469	87.329	-141.6152
18377.820312	87.501	-146.1333
18510.994141	87.727	-152.2065
18645.132812	88.046	-159.2004
18780.242188	88.488	-166.3260
18916.332031	89.045	-174.0651
19053.408203	89.679	176.6284
19191.476562	90.321	164.7664
19330.546875	90.860	149.2646
19470.623047	91.180	130.1009
19611.714844	91.216	108.9343
19753.830078	90.967	87.4231
19896.974609	90.562	65.4034
