20.000000	92.246	-127.3369
20.299999	92.326	-127.7992
20.600000	92.405	-128.2333
20.900000	92.483	-128.6438
21.200001	92.560	-129.0589
21.400000	92.611	-129.3351
21.799999	92.711	-129.8687
22.000000	92.760	-130.1284
22.400000	92.857	-130.6698
22.700001	92.928	-131.0657
23.000000	92.998	-131.4572
23.299999	93.066	-131.8648
23.600000	93.130	-132.2676
24.000000	93.212	-132.7876
24.299999	93.269	-133.1816
24.700001	93.344	-133.6758
25.000000	93.399	-134.0236
25.400000	93.474	-134.5024
25.799999	93.547	-134.9684
26.200001	93.619	-135.4337
26.500000	93.671	-135.7802
26.900000	93.737	-136.2256
27.200001	93.786	-136.5639
27.600000	93.852	-137.0152
28.000000	93.916	-137.4592
28.500000	93.993	-138.0322
29.000000	94.065	-138.5932
29.500000	94.132	-139.1436
30.000000	94.198	-139.6558
30.400000	94.250	-140.0607
30.700001	94.288	-140.3572
31.100000	94.339	-140.7499
31.500000	94.389	-141.1484
32.000000	94.448	-141.6277
32.500000	94.506	-142.1105
33.000000	94.563	-142.5753
33.500000	94.617	-143.0391
34.000000	94.669	-143.4967
34.500000	94.717	-143.9668
35.000000	94.762	-144.4207
35.500000	94.806	-144.8626
36.000000	94.849	-145.2875
36.500000	94.891	-145.7060
37.000000	94.932	-146.1122
37.500000	94.971	-146.5202
38.200001	95.024	-147.0842
38.700001	95.058	-147.4838
39.500000	95.111	-148.0794
40.000000	95.146	-148.4277
40.599998	95.191	-148.8609
41.200001	95.235	-149.3038
41.799999	95.275	-149.7569
42.500000	95.316	-150.2861
43.099998	95.348	-150.7305
43.700001	95.376	-151.1653
44.400002	95.403	-151.6468
45.000000	95.425	-152.0270
45.500000	95.444	-152.3230
46.200001	95.471	-152.7027
46.799999	95.498	-153.0031
47.500000	95.535	-153.3545
48.200001	95.579	-153.7438
48.700001	95.610	-154.0610
49.400002	95.647	-154.5299
50.000000	95.671	-154.9105
50.799999	95.702	-155.3620
51.500000	95.731	-155.7608
52.200001	95.758	-156.1741
53.000000	95.783	-156.6259
53.799999	95.806	-157.0676
54.500000	95.825	-157.4379
55.200001	95.844	-157.7978
56.000000	95.865	-158.2106
57.000000	95.892	-158.7196
58.000000	95.923	-159.2222
59.000000	95.948	-159.7944
60.000000	95.952	-160.3127
60.799999	95.957	-160.5903
61.500000	95.971	-160.8167
62.200001	95.987	-161.0788
63.000000	95.999	-161.3945
64.000000	96.012	-161.7615
65.000000	96.026	-162.1023
66.000000	96.044	-162.4733
67.000000	96.062	-162.8846
68.000000	96.076	-163.2919
69.000000	96.089	-163.6867
70.000000	96.103	-164.0691
71.000000	96.117	-164.4392
72.000000	96.129	-164.7976
73.000000	96.140	-165.1405
74.000000	96.149	-165.4725
75.000000	96.157	-165.8094
76.199997	96.165	-166.2042
77.500000	96.172	-166.6221
78.800003	96.177	-167.0298
80.000000	96.181	-167.3810
81.199997	96.185	-167.7285
82.500000	96.188	-168.0983
83.800003	96.191	-168.4449
85.000000	96.191	-168.7709
86.199997	96.191	-169.0880
87.500000	96.188	-169.4236
88.500000	96.185	-169.6536
90.000000	96.190	-169.9822
91.199997	96.197	-170.2643
92.500000	96.202	-170.5940
93.800003	96.204	-170.9116
95.000000	96.204	-171.1832
96.199997	96.203	-171.4501
97.500000	96.203	-171.7241
98.800003	96.200	-172.0276
100.000000	96.195	-172.2834
101.500000	96.189	-172.5963
103.000000	96.185	-172.8976
104.400002	96.180	-173.1625
106.000000	96.176	-173.4485
107.500000	96.172	-173.7421
109.000000	96.163	-174.0207
110.599998	96.154	-174.3079
112.000000	96.147	-174.5430
113.800003	96.138	-174.8602
115.000000	96.132	-175.0600
117.199997	96.120	-175.3931
118.000000	96.116	-175.5220
120.599998	96.105	-175.9204
122.000000	96.099	-176.1369
124.099998	96.088	-176.4468
125.000000	96.083	-176.5862
126.500000	96.074	-176.7883
128.000000	96.064	-176.9810
131.500000	96.042	-177.4493
132.000000	96.038	-177.5125
134.000000	96.025	-177.7588
136.000000	96.010	-178.0009
138.000000	95.996	-178.2412
140.000000	95.983	-178.4969
143.000000	95.963	-178.8513
145.000000	95.950	-179.0677
147.500000	95.933	-179.3243
150.000000	95.914	-179.5539
152.500000	95.896	-179.8059
155.000000	95.877	179.9466
157.500000	95.858	179.7164
160.000000	95.839	179.5083
162.500000	95.821	179.3018
165.000000	95.803	179.0884
167.500000	95.784	178.8878
170.000000	95.767	178.7028
172.500000	95.751	178.5278
175.000000	95.734	178.3561
177.500000	95.716	178.1734
180.000000	95.697	177.9759
182.500000	95.679	177.7937
185.000000	95.661	177.6136
187.500000	95.642	177.4318
190.000000	95.622	177.2843
192.500000	95.602	177.1273
195.000000	95.583	176.9901
197.500000	95.564	176.8445
200.000000	95.545	176.7181
203.000000	95.525	176.5730
206.000000	95.504	176.4060
209.000000	95.482	176.2509
212.000000	95.458	176.0983
214.000000	95.442	175.9899
218.000000	95.412	175.8009
220.000000	95.399	175.7072
224.000000	95.370	175.5324
227.000000	95.347	175.4108
230.000000	95.324	175.2854
233.000000	95.302	175.1567
236.000000	95.280	175.0219
240.000000	95.251	174.8826
243.000000	95.229	174.7858
247.000000	95.198	174.6383
250.000000	95.175	174.5432
254.000000	95.145	174.4089
258.000000	95.115	174.2898
262.000000	95.085	174.1653
265.000000	95.064	174.0872
269.000000	95.035	173.9714
272.000000	95.013	173.9058
276.000000	94.982	173.8020
280.000000	94.952	173.7069
285.000000	94.914	173.5927
290.000000	94.876	173.4920
295.000000	94.838	173.3890
300.000000	94.798	173.3264
304.000000	94.767	173.2605
307.000000	94.744	173.2248
311.000000	94.713	173.1863
315.000000	94.683	173.1747
320.000000	94.648	173.1742
325.000000	94.616	173.1611
330.000000	94.589	173.1516
335.000000	94.565	173.1248
340.000000	94.542	173.0819
345.000000	94.516	173.0226
350.000000	94.489	172.9403
355.000000	94.459	172.8612
360.000000	94.428	172.7979
365.000000	94.395	172.7273
370.000000	94.360	172.6736
375.000000	94.323	172.6378
382.000000	94.269	172.5771
387.000000	94.228	172.5552
395.000000	94.163	172.5618
400.000000	94.125	172.5914
406.000000	94.079	172.6340
412.000000	94.034	172.7240
418.000000	93.993	172.8308
425.000000	93.951	172.9520
431.000000	93.918	173.0705
437.000000	93.887	173.1510
444.000000	93.853	173.2583
450.000000	93.824	173.3287
455.000000	93.800	173.3914
462.000000	93.768	173.4680
468.000000	93.740	173.5310
475.000000	93.706	173.6228
482.000000	93.671	173.6990
487.000000	93.646	173.7768
494.000000	93.612	173.8646
500.000000	93.583	173.9369
508.000000	93.544	174.0579
515.000000	93.511	174.1539
522.000000	93.477	174.2465
530.000000	93.438	174.3958
538.000000	93.399	174.5270
545.000000	93.366	174.6455
552.000000	93.334	174.8089
560.000000	93.298	174.9506
570.000000	93.253	175.1429
580.000000	93.210	175.3643
590.000000	93.168	175.6002
600.000000	93.126	175.8254
608.000000	93.095	176.0293
615.000000	93.068	176.1935
622.000000	93.041	176.3715
630.000000	93.011	176.5704
640.000000	92.977	176.8375
650.000000	92.945	177.1172
660.000000	92.914	177.3908
670.000000	92.884	177.6631
680.000000	92.856	177.9446
690.000000	92.832	178.2154
700.000000	92.810	178.4834
710.000000	92.790	178.7685
720.000000	92.772	179.0361
730.000000	92.757	179.2965
740.000000	92.745	179.5301
750.000000	92.734	179.7294
762.000000	92.725	179.9493
775.000000	92.713	-179.8901
788.000000	92.696	-179.8269
800.000000	92.667	-179.8860
812.000000	92.615	179.9820
825.000000	92.517	179.8441
838.000000	92.370	179.8790
850.000000	92.205	-179.6898
862.000000	92.053	-178.7716
875.000000	91.948	-177.4012
885.000000	91.922	-176.2876
900.000000	91.952	-174.8029
912.000000	92.010	-173.9051
925.000000	92.081	-173.2183
938.000000	92.147	-172.7672
950.000000	92.192	-172.5186
962.000000	92.215	-172.3890
975.000000	92.208	-172.2783
988.000000	92.169	-172.1125
1000.000000	92.110	-171.7872
1015.000000	92.027	-171.0736
1030.000000	91.964	-170.0369
1044.000000	91.942	-168.8766
1060.000000	91.966	-167.5193
1075.000000	92.028	-166.3289
1090.000000	92.117	-165.2775
1106.000000	92.229	-164.3495
1120.000000	92.331	-163.6798
1138.000000	92.465	-162.9782
1150.000000	92.553	-162.5875
1172.000000	92.706	-162.0136
1180.000000	92.760	-161.8614
1206.000000	92.925	-161.4006
1220.000000	93.007	-161.2233
1241.000000	93.123	-161.0086
1250.000000	93.170	-160.9193
1265.000000	93.244	-160.7970
1280.000000	93.314	-160.6973
1315.000000	93.460	-160.5190
1320.000000	93.480	-160.4934
1340.000000	93.553	-160.4078
1360.000000	93.622	-160.3288
1380.000000	93.686	-160.2434
1400.000000	93.747	-160.1664
1430.000000	93.833	-160.0377
1450.000000	93.888	-159.9616
1475.000000	93.953	-159.8708
1500.000000	94.014	-159.7616
1525.000000	94.073	-159.6373
1550.000000	94.130	-159.5150
1575.000000	94.186	-159.3898
1600.000000	94.241	-159.2372
1625.000000	94.298	-159.0847
1650.000000	94.353	-158.9507
1675.000000	94.410	-158.7944
1700.000000	94.467	-158.6614
1725.000000	94.524	-158.5007
1750.000000	94.583	-158.3577
1775.000000	94.643	-158.2139
1800.000000	94.703	-158.0797
1825.000000	94.765	-157.9480
1850.000000	94.829	-157.8384
1875.000000	94.893	-157.7469
1900.000000	94.957	-157.6539
1925.000000	95.022	-157.5899
1950.000000	95.087	-157.5308
1975.000000	95.152	-157.4860
2000.000000	95.218	-157.4658
2030.000000	95.297	-157.4313
2060.000000	95.376	-157.4194
2090.000000	95.454	-157.4514
2120.000000	95.530	-157.5255
2140.000000	95.580	-157.5551
2180.000000	95.678	-157.7006
2200.000000	95.726	-157.7775
2240.000000	95.817	-157.9654
2270.000000	95.882	-158.1227
2300.000000	95.944	-158.3167
2330.000000	96.001	-158.5070
2360.000000	96.054	-158.7067
2400.000000	96.118	-158.9839
2430.000000	96.161	-159.2042
2470.000000	96.213	-159.4719
2500.000000	96.248	-159.6326
2540.000000	96.291	-159.8597
2580.000000	96.329	-160.0952
2620.000000	96.359	-160.3300
2650.000000	96.374	-160.4576
2690.000000	96.384	-160.5610
2720.000000	96.389	-160.5301
2760.000000	96.402	-160.3599
2800.000000	96.438	-159.9864
2850.000000	96.531	-159.4607
2900.000000	96.682	-159.0203
2950.000000	96.880	-158.8113
3000.000000	97.112	-158.9034
3040.000000	97.309	-159.5030
3070.000000	97.452	-160.0870
3110.000000	97.616	-161.1927
3150.000000	97.735	-162.5248
3200.000000	97.810	-164.2946
3250.000000	97.812	-166.0105
3300.000000	97.761	-167.5098
3350.000000	97.676	-168.7690
3400.000000	97.571	-169.8094
3450.000000	97.458	-170.5865
3500.000000	97.344	-171.1896
3550.000000	97.233	-171.6667
3600.000000	97.128	-171.9932
3650.000000	97.028	-172.2591
3700.000000	96.932	-172.4538
3750.000000	96.841	-172.5528
3820.000000	96.719	-172.6302
3870.000000	96.638	-172.6242
3950.000000	96.514	-172.5364
4000.000000	96.439	-172.4526
4060.000000	96.348	-172.3142
4120.000000	96.253	-172.0645
4180.000000	96.156	-171.7392
4250.000000	96.048	-171.1591
4310.000000	95.971	-170.4565
4370.000000	95.917	-169.6738
4440.000000	95.889	-168.6724
4500.000000	95.892	-167.8100
4550.000000	95.911	-167.0979
4620.000000	95.960	-166.1568
4680.000000	96.021	-165.4095
4750.000000	96.111	-164.5897
4820.000000	96.220	-163.8995
4870.000000	96.308	-163.4326
4940.000000	96.444	-162.8832
5000.000000	96.572	-162.5147
5080.000000	96.756	-162.1881
5150.000000	96.926	-162.0120
5220.000000	97.101	-162.0186
5300.000000	97.301	-162.1987
5380.000000	97.496	-162.5316
5450.000000	97.659	-162.9728
5520.000000	97.815	-163.4892
5600.000000	97.986	-164.1428
5700.000000	98.197	-165.0677
5800.000000	98.412	-166.1630
5900.000000	98.627	-167.5659
6000.000000	98.829	-169.6300
6080.000000	98.967	-170.8254
6150.000000	99.064	-172.3700
6220.000000	99.135	-174.0053
6300.000000	99.180	-175.9250
6400.000000	99.184	-178.3630
6500.000000	99.135	179.3191
6600.000000	99.042	177.1157
6700.000000	98.918	175.1163
6800.000000	98.773	173.3346
6900.000000	98.617	171.7745
7000.000000	98.459	170.3840
7100.000000	98.308	169.2015
7200.000000	98.175	168.1344
7300.000000	98.064	167.1003
7400.000000	97.973	166.0599
7500.000000	97.898	164.9374
7620.000000	97.826	163.4583
7750.000000	97.767	161.6256
7880.000000	97.718	159.3989
8000.000000	97.666	156.9678
8120.000000	97.584	154.0746
8250.000000	97.434	150.4492
8380.000000	97.187	146.4193
8500.000000	96.851	142.4799
8620.000000	96.399	138.5310
8750.000000	95.780	134.4604
8850.000000	95.218	131.6414
9000.000000	94.257	128.0618
9120.000000	93.403	125.8910
9250.000000	92.404	124.3435
9380.000000	91.353	124.0078
9500.000000	90.474	124.8915
9620.000000	89.695	125.4800
9750.000000	88.783	126.2998
9880.000000	87.860	128.1295
10000.000000	87.071	130.4304
10150.000000	86.171	133.7589
10300.000000	85.356	137.4533
10440.000000	84.669	141.1647
10600.000000	83.965	145.6308
10750.000000	83.378	149.9453
10900.000000	82.856	154.3979
11060.000000	82.371	159.2377
11200.000000	82.004	163.4568
11380.000000	81.606	168.9214
11500.000000	81.384	172.5837
11720.000000	81.058	179.1435
11800.000000	80.965	-178.5383
12060.000000	80.747	-171.0345
12200.000000	80.684	-167.0325
12410.000000	80.657	-161.2928
12500.000000	80.671	-158.8955
12650.000000	80.728	-154.9636
12800.000000	80.827	-151.1853
13150.000000	81.219	-143.0453
13200.000000	81.293	-141.9675
13400.000000	81.636	-137.8727
13600.000000	82.047	-134.3152
13800.000000	82.522	-131.2855
14000.000000	83.049	-129.0033
14300.000000	83.899	-126.8705
14500.000000	84.493	-126.3992
14750.000000	85.239	-126.9561
15000.000000	85.959	-128.8251
15250.000000	86.636	-131.8970
15500.000000	87.278	-136.2538
15750.000000	87.897	-142.1842
16000.000000	88.449	-150.4934
16250.000000	88.750	-161.8686
16500.000000	88.476	-176.0089
16750.000000	87.346	169.1994
17000.000000	85.357	156.8136
17250.000000	82.787	148.9555
17500.000000	80.008	146.0318
17750.000000	77.313	147.2511
18000.000000	74.854	151.4642
18250.000000	72.666	157.4865
18500.000000	70.718	164.5869
18750.000000	68.961	172.5326
19000.000000	67.370	-178.7181
19250.000000	65.927	-169.3005
19500.000000	64.648	-159.2322
19750.000000	63.598	-148.7617
20000.000000	62.993	-140.3192
