20.000000	93.493	-125.9131
20.299999	93.580	-126.2195
20.600000	93.665	-126.5120
20.900000	93.748	-126.7889
21.200001	93.829	-127.0728
21.400000	93.883	-127.2611
21.799999	93.987	-127.6194
22.000000	94.039	-127.7930
22.400000	94.142	-128.1665
22.700001	94.216	-128.4370
23.000000	94.289	-128.6987
23.299999	94.360	-128.9682
23.600000	94.430	-129.2256
24.000000	94.521	-129.5490
24.299999	94.589	-129.8033
24.700001	94.679	-130.1306
25.000000	94.746	-130.3669
25.400000	94.835	-130.7054
25.799999	94.922	-131.0301
26.200001	95.009	-131.3507
26.500000	95.073	-131.5919
26.900000	95.157	-131.9087
27.200001	95.219	-132.1602
27.600000	95.300	-132.5012
28.000000	95.378	-132.8290
28.500000	95.474	-133.2404
29.000000	95.569	-133.6393
29.500000	95.662	-134.0570
30.000000	95.751	-134.4700
30.400000	95.817	-134.8008
30.700001	95.865	-135.0325
31.100000	95.929	-135.3202
31.500000	95.994	-135.5986
32.000000	96.079	-135.9346
32.500000	96.166	-136.3087
33.000000	96.250	-136.7014
33.500000	96.329	-137.1053
34.000000	96.401	-137.4896
34.500000	96.471	-137.8673
35.000000	96.543	-138.2250
35.500000	96.616	-138.5879
36.000000	96.688	-138.9604
36.500000	96.757	-139.3435
37.000000	96.821	-139.7101
37.500000	96.883	-140.0607
38.200001	96.972	-140.5314
38.700001	97.036	-140.8879
39.500000	97.133	-141.4774
40.000000	97.189	-141.8330
40.599998	97.256	-142.2514
41.200001	97.323	-142.6529
41.799999	97.390	-143.0581
42.500000	97.466	-143.5405
43.099998	97.529	-143.9542
43.700001	97.590	-144.3703
44.400002	97.658	-144.8523
45.000000	97.715	-145.2549
45.500000	97.762	-145.5862
46.200001	97.826	-146.0458
46.799999	97.879	-146.4400
47.500000	97.938	-146.9023
48.200001	97.996	-147.3570
48.700001	98.037	-147.6819
49.400002	98.094	-148.1398
50.000000	98.141	-148.5325
50.799999	98.200	-149.0388
51.500000	98.250	-149.4773
52.200001	98.301	-149.9151
53.000000	98.357	-150.4127
53.799999	98.409	-150.9160
54.500000	98.454	-151.3339
55.200001	98.497	-151.7364
56.000000	98.548	-152.1991
57.000000	98.610	-152.7924
58.000000	98.669	-153.3699
59.000000	98.729	-153.9640
60.000000	98.781	-154.6086
60.799999	98.816	-155.0764
61.500000	98.849	-155.4517
62.200001	98.884	-155.8360
63.000000	98.922	-156.2972
64.000000	98.964	-156.8633
65.000000	99.005	-157.3983
66.000000	99.045	-157.9468
67.000000	99.082	-158.4996
68.000000	99.117	-159.0369
69.000000	99.151	-159.5776
70.000000	99.183	-160.1144
71.000000	99.213	-160.6410
72.000000	99.241	-161.1666
73.000000	99.266	-161.6820
74.000000	99.289	-162.1804
75.000000	99.310	-162.6799
76.199997	99.332	-163.2689
77.500000	99.353	-163.8837
78.800003	99.369	-164.4753
80.000000	99.382	-164.9674
81.199997	99.398	-165.4175
82.500000	99.421	-165.8892
83.800003	99.452	-166.3460
85.000000	99.485	-166.8222
86.199997	99.515	-167.3486
87.500000	99.541	-167.9372
88.500000	99.558	-168.3963
90.000000	99.579	-169.0957
91.199997	99.591	-169.6244
92.500000	99.600	-170.1891
93.800003	99.607	-170.7379
95.000000	99.612	-171.2299
96.199997	99.615	-171.7186
97.500000	99.616	-172.2229
98.800003	99.616	-172.7355
100.000000	99.615	-173.1785
101.500000	99.612	-173.7198
103.000000	99.609	-174.2436
104.400002	99.606	-174.7222
106.000000	99.603	-175.2514
107.500000	99.600	-175.7552
109.000000	99.596	-176.2324
110.599998	99.593	-176.7401
112.000000	99.590	-177.1776
113.800003	99.585	-177.7769
115.000000	99.580	-178.1748
117.199997	99.566	-178.8817
118.000000	99.560	-179.1426
120.599998	99.540	-179.9515
122.000000	99.527	179.6237
124.099998	99.506	179.0123
125.000000	99.497	178.7395
126.500000	99.480	178.3113
128.000000	99.461	177.9077
131.500000	99.417	176.9636
132.000000	99.411	176.8322
134.000000	99.382	176.3154
136.000000	99.353	175.8057
138.000000	99.323	175.3138
140.000000	99.292	174.8323
143.000000	99.244	174.1410
145.000000	99.211	173.6953
147.500000	99.167	173.1598
150.000000	99.123	172.6614
152.500000	99.079	172.1860
155.000000	99.039	171.7410
157.500000	99.002	171.2910
160.000000	98.966	170.8245
162.500000	98.929	170.3498
165.000000	98.887	169.8746
167.500000	98.843	169.4124
170.000000	98.796	168.9680
172.500000	98.748	168.5462
175.000000	98.699	168.1366
177.500000	98.649	167.7441
180.000000	98.599	167.3623
182.500000	98.548	167.0045
185.000000	98.496	166.6575
187.500000	98.445	166.3040
190.000000	98.392	165.9837
192.500000	98.340	165.6648
195.000000	98.287	165.3774
197.500000	98.234	165.0861
200.000000	98.181	164.8210
203.000000	98.119	164.5339
206.000000	98.058	164.2513
209.000000	97.999	163.9896
212.000000	97.941	163.7284
214.000000	97.904	163.5434
218.000000	97.828	163.1873
220.000000	97.789	163.0120
224.000000	97.710	162.6940
227.000000	97.650	162.4891
230.000000	97.591	162.2948
233.000000	97.535	162.1065
236.000000	97.481	161.9103
240.000000	97.409	161.6642
243.000000	97.354	161.4848
247.000000	97.280	161.2481
250.000000	97.225	161.0961
254.000000	97.153	160.9070
258.000000	97.085	160.7458
262.000000	97.020	160.5685
265.000000	96.972	160.4355
269.000000	96.908	160.2293
272.000000	96.858	160.0885
276.000000	96.789	159.8863
280.000000	96.719	159.7069
285.000000	96.632	159.4969
290.000000	96.542	159.3195
295.000000	96.453	159.1498
300.000000	96.363	159.0247
304.000000	96.293	158.9219
307.000000	96.241	158.8605
311.000000	96.171	158.7797
315.000000	96.102	158.7189
320.000000	96.019	158.6531
325.000000	95.935	158.5813
330.000000	95.852	158.5338
335.000000	95.769	158.4956
340.000000	95.687	158.4719
345.000000	95.606	158.4632
350.000000	95.526	158.4638
355.000000	95.446	158.4796
360.000000	95.368	158.5162
365.000000	95.291	158.5447
370.000000	95.216	158.5950
375.000000	95.141	158.6563
382.000000	95.038	158.7274
387.000000	94.965	158.7945
395.000000	94.850	158.9192
400.000000	94.779	159.0092
406.000000	94.695	159.1116
412.000000	94.612	159.2522
418.000000	94.531	159.3974
425.000000	94.438	159.5632
431.000000	94.359	159.7334
437.000000	94.281	159.8856
444.000000	94.192	160.0961
450.000000	94.116	160.2775
455.000000	94.054	160.4483
462.000000	93.969	160.6847
468.000000	93.898	160.9003
475.000000	93.816	161.1610
482.000000	93.736	161.4115
487.000000	93.679	161.6204
494.000000	93.602	161.8947
500.000000	93.537	162.1350
508.000000	93.451	162.4775
515.000000	93.378	162.7786
522.000000	93.307	163.0784
530.000000	93.227	163.4550
538.000000	93.149	163.8148
545.000000	93.082	164.1357
552.000000	93.016	164.5023
560.000000	92.943	164.8866
570.000000	92.855	165.3833
580.000000	92.769	165.9045
590.000000	92.687	166.4423
600.000000	92.608	166.9753
608.000000	92.547	167.4226
615.000000	92.496	167.8015
622.000000	92.446	168.2000
630.000000	92.392	168.6462
640.000000	92.327	169.2210
650.000000	92.266	169.8044
660.000000	92.209	170.3758
670.000000	92.156	170.9407
680.000000	92.108	171.5149
690.000000	92.064	172.0796
700.000000	92.024	172.6288
710.000000	91.990	173.1736
720.000000	91.961	173.6875
730.000000	91.937	174.1779
740.000000	91.916	174.6098
750.000000	91.899	174.9628
762.000000	91.881	175.2973
775.000000	91.858	175.4690
788.000000	91.815	175.4042
800.000000	91.737	175.0998
812.000000	91.590	174.6513
825.000000	91.325	174.3288
838.000000	90.957	174.6948
850.000000	90.594	176.0609
862.000000	90.301	178.3560
875.000000	90.125	-178.6806
885.000000	90.084	-176.4576
900.000000	90.122	-173.5222
912.000000	90.196	-171.5740
925.000000	90.295	-169.7820
938.000000	90.400	-168.2174
950.000000	90.497	-166.9274
962.000000	90.595	-165.7621
975.000000	90.700	-164.5851
988.000000	90.805	-163.5033
1000.000000	90.903	-162.5554
1015.000000	91.030	-161.4539
1030.000000	91.159	-160.4454
1044.000000	91.283	-159.5828
1060.000000	91.427	-158.7177
1075.000000	91.564	-158.0172
1090.000000	91.699	-157.4333
1106.000000	91.837	-156.9877
1120.000000	91.941	-156.7410
1138.000000	92.038	-156.5278
1150.000000	92.077	-156.3530
1172.000000	92.117	-155.7651
1180.000000	92.131	-155.4658
1206.000000	92.212	-154.2146
1220.000000	92.280	-153.5471
1241.000000	92.400	-152.6457
1250.000000	92.456	-152.2878
1265.000000	92.549	-151.7505
1280.000000	92.643	-151.2757
1315.000000	92.852	-150.3384
1320.000000	92.880	-150.2150
1340.000000	92.993	-149.7622
1360.000000	93.100	-149.3442
1380.000000	93.203	-148.9434
1400.000000	93.301	-148.5706
1430.000000	93.442	-148.0187
1450.000000	93.533	-147.6685
1475.000000	93.643	-147.2414
1500.000000	93.751	-146.8053
1525.000000	93.856	-146.3687
1550.000000	93.961	-145.9420
1575.000000	94.065	-145.5224
1600.000000	94.170	-145.0819
1625.000000	94.274	-144.6496
1650.000000	94.380	-144.2498
1675.000000	94.487	-143.8346
1700.000000	94.595	-143.4497
1725.000000	94.705	-143.0497
1750.000000	94.817	-142.6789
1775.000000	94.930	-142.3146
1800.000000	95.045	-141.9681
1825.000000	95.161	-141.6327
1850.000000	95.280	-141.3248
1875.000000	95.401	-141.0420
1900.000000	95.523	-140.7682
1925.000000	95.647	-140.5319
1950.000000	95.773	-140.3113
1975.000000	95.900	-140.1216
2000.000000	96.027	-139.9705
2030.000000	96.182	-139.7972
2060.000000	96.337	-139.6663
2090.000000	96.494	-139.5970
2120.000000	96.651	-139.5931
2140.000000	96.755	-139.5857
2180.000000	96.962	-139.6908
2200.000000	97.065	-139.7659
2240.000000	97.269	-139.9900
2270.000000	97.418	-140.2109
2300.000000	97.565	-140.4985
2330.000000	97.708	-140.8187
2360.000000	97.847	-141.1906
2400.000000	98.023	-141.7679
2430.000000	98.148	-142.2657
2470.000000	98.304	-142.9789
2500.000000	98.412	-143.5255
2540.000000	98.542	-144.3220
2580.000000	98.656	-145.1716
2620.000000	98.753	-146.0520
2650.000000	98.814	-146.6904
2690.000000	98.880	-147.5344
2720.000000	98.919	-148.1218
2760.000000	98.960	-148.8632
2800.000000	98.994	-149.4559
2850.000000	99.042	-150.0981
2900.000000	99.112	-150.6671
2950.000000	99.204	-151.3236
3000.000000	99.296	-152.1656
3040.000000	99.349	-153.1820
3070.000000	99.370	-153.8784
3110.000000	99.376	-154.8205
3150.000000	99.359	-155.6789
3200.000000	99.319	-156.6026
3250.000000	99.265	-157.3913
3300.000000	99.205	-158.0257
3350.000000	99.145	-158.5470
3400.000000	99.085	-158.9897
3450.000000	99.029	-159.3009
3500.000000	98.978	-159.5530
3550.000000	98.933	-159.7703
3600.000000	98.893	-159.9095
3650.000000	98.858	-160.0393
3700.000000	98.828	-160.1416
3750.000000	98.803	-160.1834
3820.000000	98.777	-160.2083
3870.000000	98.770	-160.1802
3950.000000	98.784	-160.1225
4000.000000	98.810	-160.1375
4060.000000	98.852	-160.2417
4120.000000	98.903	-160.4095
4180.000000	98.960	-160.7206
4250.000000	99.034	-161.2138
4310.000000	99.102	-161.7414
4370.000000	99.175	-162.4793
4440.000000	99.258	-163.6113
4500.000000	99.316	-164.8818
4550.000000	99.343	-166.1616
4620.000000	99.327	-168.3136
4680.000000	99.238	-170.4296
4750.000000	99.016	-173.0020
4820.000000	98.642	-175.3940
4870.000000	98.285	-176.6567
4940.000000	97.691	-177.4777
5000.000000	97.157	-177.0845
5080.000000	96.524	-175.0719
5150.000000	96.126	-172.3626
5220.000000	95.894	-169.4771
5300.000000	95.786	-166.4723
5380.000000	95.780	-164.0035
5450.000000	95.812	-162.3157
5520.000000	95.853	-160.9395
5600.000000	95.897	-159.6229
5700.000000	95.939	-158.2167
5800.000000	95.968	-156.9290
5900.000000	95.990	-155.6962
6000.000000	96.014	-154.7656
6080.000000	96.041	-153.3117
6150.000000	96.071	-152.3900
6220.000000	96.107	-151.4608
6300.000000	96.155	-150.3821
6400.000000	96.222	-149.0414
6500.000000	96.297	-147.5806
6600.000000	96.390	-145.9919
6700.000000	96.522	-144.1869
6800.000000	96.719	-142.2335
6900.000000	96.996	-140.2772
7000.000000	97.358	-138.5294
7100.000000	97.801	-137.0800
7200.000000	98.319	-136.1100
7300.000000	98.902	-135.7611
7400.000000	99.534	-136.1329
7500.000000	100.194	-137.3925
7620.000000	100.983	-140.2313
7750.000000	101.748	-145.0676
7880.000000	102.302	-151.6456
8000.000000	102.528	-158.6667
8120.000000	102.438	-165.8467
8250.000000	102.018	-172.8488
8380.000000	101.360	-178.3556
8500.000000	100.644	178.0975
8620.000000	99.912	175.9558
8750.000000	99.170	174.9341
8850.000000	98.661	174.8730
9000.000000	98.013	175.5592
9120.000000	97.597	176.6096
9250.000000	97.252	178.0853
9380.000000	97.024	179.7494
9500.000000	96.926	-178.6406
9620.000000	96.933	-177.2200
9750.000000	97.036	-176.0169
9880.000000	97.236	-175.0204
10000.000000	97.582	-174.4035
10150.000000	98.145	-175.4936
10300.000000	98.701	-178.3197
10440.000000	99.164	177.5192
10600.000000	99.536	171.2210
10750.000000	99.668	164.2069
10900.000000	99.556	156.7466
11060.000000	99.181	148.9268
11200.000000	98.683	142.5762
11380.000000	97.932	135.4794
11500.000000	97.449	131.0833
11720.000000	96.542	122.0285
11800.000000	96.139	118.3734
12060.000000	94.388	106.8626
12200.000000	93.185	101.6719
12410.000000	91.151	95.7919
12500.000000	90.234	94.0813
12650.000000	88.692	92.3089
12800.000000	87.172	91.6940
13150.000000	83.855	93.5775
13200.000000	83.411	94.1376
13400.000000	81.707	97.0165
13600.000000	80.119	100.6575
13800.000000	78.656	104.9672
14000.000000	77.304	109.6503
14300.000000	75.440	117.8266
14500.000000	74.367	124.1429
14750.000000	73.269	132.2388
15000.000000	72.367	140.1222
15250.000000	71.610	148.0372
15500.000000	70.999	156.1978
15750.000000	70.592	164.7212
16000.000000	70.435	172.9887
16250.000000	70.475	-179.6372
16500.000000	70.607	-173.1734
16750.000000	70.790	-167.1212
17000.000000	71.040	-161.1694
17250.000000	71.386	-155.1930
17500.000000	71.851	-149.0203
17750.000000	72.532	-142.3005
18000.000000	73.653	-135.3171
18250.000000	75.256	-130.9034
18500.000000	76.897	-131.0437
18750.000000	78.350	-133.7057
19000.000000	79.755	-137.9902
19250.000000	81.110	-144.9576
19500.000000	82.194	-155.3867
19750.000000	82.778	-168.3124
20000.000000	82.918	-179.2264
