20.000000	97.933	-90.8617
20.299999	98.030	-92.0222
20.600000	98.122	-93.1747
20.900000	98.210	-94.3103
21.200001	98.294	-95.4208
21.400000	98.349	-96.1457
21.799999	98.456	-97.5643
22.000000	98.509	-98.2630
22.400000	98.612	-99.6488
22.700001	98.685	-100.6776
23.000000	98.754	-101.6903
23.299999	98.819	-102.6772
23.600000	98.882	-103.6321
24.000000	98.965	-104.8578
24.299999	99.027	-105.7529
24.700001	99.112	-106.9359
25.000000	99.174	-107.8248
25.400000	99.251	-109.0110
25.799999	99.321	-110.1817
26.200001	99.384	-111.3162
26.500000	99.427	-112.1365
26.900000	99.484	-113.1927
27.200001	99.526	-113.9643
27.600000	99.581	-114.9772
28.000000	99.634	-115.9792
28.500000	99.694	-117.2131
29.000000	99.747	-118.4133
29.500000	99.796	-119.5735
30.000000	99.842	-120.7015
30.400000	99.877	-121.5881
30.700001	99.902	-122.2446
31.100000	99.932	-123.1059
31.500000	99.960	-123.9465
32.000000	99.994	-124.9669
32.500000	100.028	-125.9629
33.000000	100.061	-126.9492
33.500000	100.092	-127.9330
34.000000	100.117	-128.9089
34.500000	100.135	-129.8636
35.000000	100.147	-130.7828
35.500000	100.153	-131.6553
36.000000	100.154	-132.4766
36.500000	100.151	-133.2501
37.000000	100.143	-133.9807
37.500000	100.128	-134.6608
38.200001	100.088	-135.4641
38.700001	100.051	-135.8597
39.500000	100.002	-136.0501
40.000000	100.005	-135.8865
40.599998	100.073	-135.5376
41.200001	100.226	-135.3077
41.799999	100.442	-135.5255
42.500000	100.703	-136.5400
43.099998	100.877	-137.9174
43.700001	100.985	-139.4633
44.400002	101.045	-141.1694
45.000000	101.067	-142.4562
45.500000	101.076	-143.4159
46.200001	101.081	-144.6239
46.799999	101.085	-145.5646
47.500000	101.089	-146.6012
48.200001	101.088	-147.5969
48.700001	101.083	-148.2706
49.400002	101.073	-149.1491
50.000000	101.063	-149.8609
50.799999	101.045	-150.7784
51.500000	101.025	-151.5430
52.200001	101.006	-152.2667
53.000000	100.987	-153.0628
53.799999	100.968	-153.8406
54.500000	100.951	-154.5009
55.200001	100.933	-155.1356
56.000000	100.913	-155.8407
57.000000	100.883	-156.6912
58.000000	100.855	-157.4756
59.000000	100.834	-158.3051
60.000000	100.798	-159.1577
60.799999	100.768	-159.7591
61.500000	100.751	-160.2695
62.200001	100.738	-160.8086
63.000000	100.722	-161.4454
64.000000	100.702	-162.2057
65.000000	100.683	-162.8837
66.000000	100.669	-163.5103
67.000000	100.659	-164.1488
68.000000	100.640	-164.8106
69.000000	100.613	-165.4315
70.000000	100.586	-166.0238
71.000000	100.554	-166.6184
72.000000	100.520	-167.1383
73.000000	100.494	-167.6050
74.000000	100.468	-168.0764
75.000000	100.436	-168.4815
76.199997	100.395	-168.8408
77.500000	100.353	-169.0256
78.800003	100.354	-169.0292
80.000000	100.405	-169.2415
81.199997	100.464	-169.8547
82.500000	100.490	-170.7986
83.800003	100.481	-171.6767
85.000000	100.459	-172.3857
86.199997	100.424	-172.9500
87.500000	100.382	-173.4216
88.500000	100.345	-173.7361
90.000000	100.302	-174.1154
91.199997	100.281	-174.6279
92.500000	100.238	-175.2709
93.800003	100.201	-175.8134
95.000000	100.177	-176.2744
96.199997	100.156	-176.6694
97.500000	100.133	-177.0010
98.800003	100.106	-177.2698
100.000000	100.082	-177.5017
101.500000	100.056	-177.9232
103.000000	100.026	-178.4664
104.400002	99.994	-178.9781
106.000000	99.961	-179.3935
107.500000	99.934	-179.7090
109.000000	99.898	179.9807
110.599998	99.853	179.6049
112.000000	99.822	179.2305
113.800003	99.805	178.7792
115.000000	99.806	178.5996
117.199997	99.802	178.7353
118.000000	99.806	178.9741
120.599998	99.880	178.7213
122.000000	99.805	177.7671
124.099998	99.665	176.8430
125.000000	99.634	176.5190
126.500000	99.613	176.0602
128.000000	99.610	175.7237
131.500000	99.578	175.1758
132.000000	99.570	175.0935
134.000000	99.542	174.7342
136.000000	99.524	174.3991
138.000000	99.516	174.1364
140.000000	99.510	173.9082
143.000000	99.508	173.4751
145.000000	99.511	173.1157
147.500000	99.510	172.6579
150.000000	99.497	172.2208
152.500000	99.481	171.8088
155.000000	99.470	171.4345
157.500000	99.463	171.0876
160.000000	99.457	170.7341
162.500000	99.447	170.3364
165.000000	99.433	169.8996
167.500000	99.416	169.4219
170.000000	99.390	168.9070
172.500000	99.358	168.3937
175.000000	99.322	167.9073
177.500000	99.283	167.4554
180.000000	99.242	167.0301
182.500000	99.201	166.6113
185.000000	99.159	166.2026
187.500000	99.117	165.8205
190.000000	99.076	165.4517
192.500000	99.035	165.0881
195.000000	98.994	164.7340
197.500000	98.953	164.3904
200.000000	98.913	164.0558
203.000000	98.868	163.6555
206.000000	98.826	163.2658
209.000000	98.785	162.8889
212.000000	98.743	162.5202
214.000000	98.716	162.2790
218.000000	98.662	161.7993
220.000000	98.635	161.5563
224.000000	98.581	161.0771
227.000000	98.542	160.7225
230.000000	98.502	160.3596
233.000000	98.460	159.9914
236.000000	98.415	159.6286
240.000000	98.354	159.1650
243.000000	98.307	158.8274
247.000000	98.242	158.3860
250.000000	98.191	158.0659
254.000000	98.117	157.6606
258.000000	98.041	157.2743
262.000000	97.965	156.9099
265.000000	97.908	156.6455
269.000000	97.833	156.2961
272.000000	97.777	156.0391
276.000000	97.703	155.7009
280.000000	97.628	155.3649
285.000000	97.534	154.9504
290.000000	97.438	154.5533
295.000000	97.342	154.1604
300.000000	97.244	153.7733
304.000000	97.163	153.4726
307.000000	97.102	153.2557
311.000000	97.021	152.9845
315.000000	96.942	152.7260
320.000000	96.848	152.4181
325.000000	96.756	152.1339
330.000000	96.664	151.8666
335.000000	96.571	151.6267
340.000000	96.476	151.4175
345.000000	96.380	151.2395
350.000000	96.283	151.0851
355.000000	96.184	150.9637
360.000000	96.085	150.8886
365.000000	95.985	150.8699
370.000000	95.890	150.9195
375.000000	95.803	151.0246
382.000000	95.698	151.1657
387.000000	95.623	151.2108
395.000000	95.483	151.3783
400.000000	95.399	151.6973
406.000000	95.339	152.2811
412.000000	95.343	152.7832
418.000000	95.382	152.8389
425.000000	95.395	152.3795
431.000000	95.354	151.8648
437.000000	95.279	151.4459
444.000000	95.173	151.1334
450.000000	95.076	150.9790
455.000000	94.995	150.9009
462.000000	94.886	150.8556
468.000000	94.795	150.8642
475.000000	94.691	150.9143
482.000000	94.591	151.0001
487.000000	94.522	151.0777
494.000000	94.429	151.2051
500.000000	94.352	151.3303
508.000000	94.255	151.5255
515.000000	94.173	151.7193
522.000000	94.095	151.9278
530.000000	94.009	152.1760
538.000000	93.926	152.4400
545.000000	93.856	152.6854
552.000000	93.788	152.9435
560.000000	93.714	153.2424
570.000000	93.626	153.6282
580.000000	93.542	154.0449
590.000000	93.463	154.4750
600.000000	93.389	154.9136
608.000000	93.334	155.2728
615.000000	93.287	155.5978
622.000000	93.243	155.9330
630.000000	93.197	156.3113
640.000000	93.150	156.7759
650.000000	93.110	157.2379
660.000000	93.073	157.6849
670.000000	93.039	158.1168
680.000000	93.008	158.5380
690.000000	92.981	158.9412
700.000000	92.955	159.3386
710.000000	92.934	159.7397
720.000000	92.915	160.1368
730.000000	92.899	160.5208
740.000000	92.886	160.9063
750.000000	92.874	161.2878
762.000000	92.860	161.7315
775.000000	92.849	162.2040
788.000000	92.840	162.6702
800.000000	92.829	163.0928
812.000000	92.816	163.5028
825.000000	92.799	163.9334
838.000000	92.783	164.3600
850.000000	92.770	164.7368
862.000000	92.758	165.1100
875.000000	92.748	165.5123
885.000000	92.741	165.8139
900.000000	92.733	166.2561
912.000000	92.729	166.6030
925.000000	92.725	166.9743
938.000000	92.723	167.3398
950.000000	92.724	167.6685
962.000000	92.729	167.9877
975.000000	92.736	168.3077
988.000000	92.740	168.5930
1000.000000	92.735	168.8381
1015.000000	92.709	169.1350
1030.000000	92.672	169.4152
1044.000000	92.635	169.6681
1060.000000	92.592	169.9551
1075.000000	92.554	170.2158
1090.000000	92.516	170.4669
1106.000000	92.476	170.7336
1120.000000	92.443	170.9675
1138.000000	92.403	171.2572
1150.000000	92.377	171.4394
1172.000000	92.331	171.7534
1180.000000	92.314	171.8618
1206.000000	92.263	172.1942
1220.000000	92.237	172.3531
1241.000000	92.201	172.5637
1250.000000	92.190	172.6484
1265.000000	92.180	172.7826
1280.000000	92.175	172.9068
1315.000000	92.158	173.2045
1320.000000	92.155	173.2507
1340.000000	92.140	173.4512
1360.000000	92.124	173.6751
1380.000000	92.109	173.9254
1400.000000	92.096	174.2028
1430.000000	92.083	174.6268
1450.000000	92.076	174.8876
1475.000000	92.065	175.1701
1500.000000	92.045	175.4385
1525.000000	92.005	175.7687
1550.000000	91.946	176.3300
1575.000000	91.896	177.3465
1600.000000	91.928	178.8603
1625.000000	92.117	-179.6418
1650.000000	92.429	-179.0743
1675.000000	92.710	-179.7892
1700.000000	92.853	178.8282
1725.000000	92.859	177.5439
1750.000000	92.787	176.7424
1775.000000	92.696	176.4587
1800.000000	92.625	176.5710
1825.000000	92.590	176.9042
1850.000000	92.591	177.2787
1875.000000	92.619	177.5827
1900.000000	92.663	177.7687
1925.000000	92.708	177.8378
1950.000000	92.747	177.8253
1975.000000	92.777	177.7859
2000.000000	92.799	177.7724
2030.000000	92.828	177.8183
2060.000000	92.867	177.9081
2090.000000	92.924	177.9683
2120.000000	92.991	177.9272
2140.000000	93.037	177.8240
2180.000000	93.114	177.4598
2200.000000	93.143	177.2282
2240.000000	93.182	176.7469
2270.000000	93.197	176.4141
2300.000000	93.205	176.1231
2330.000000	93.212	175.8598
2360.000000	93.219	175.5951
2400.000000	93.226	175.2115
2430.000000	93.224	174.9121
2470.000000	93.207	174.5242
2500.000000	93.181	174.2623
2540.000000	93.133	173.9813
2580.000000	93.077	173.7971
2620.000000	93.016	173.7092
2650.000000	92.968	173.6955
2690.000000	92.899	173.7531
2720.000000	92.845	173.8760
2760.000000	92.779	174.1947
2800.000000	92.730	174.6968
2850.000000	92.715	175.4219
2900.000000	92.744	175.9929
2950.000000	92.787	176.3083
3000.000000	92.822	176.5024
3040.000000	92.846	176.6920
3070.000000	92.866	176.8671
3110.000000	92.900	177.0884
3150.000000	92.943	177.2388
3200.000000	93.002	177.3064
3250.000000	93.053	177.2967
3300.000000	93.094	177.2488
3350.000000	93.124	177.1494
3400.000000	93.140	177.0261
3450.000000	93.144	176.9353
3500.000000	93.139	176.8943
3550.000000	93.127	176.8789
3600.000000	93.101	176.8597
3650.000000	93.053	176.8747
3700.000000	92.984	177.0069
3750.000000	92.905	177.3083
3820.000000	92.792	178.0044
3870.000000	92.719	178.6766
3950.000000	92.624	-179.9811
4000.000000	92.577	-179.0012
4060.000000	92.527	-177.7333
4120.000000	92.483	-176.4561
4180.000000	92.455	-175.1498
4250.000000	92.447	-173.5440
4310.000000	92.463	-172.1422
4370.000000	92.498	-170.7438
4440.000000	92.570	-169.1143
4500.000000	92.662	-167.7565
4550.000000	92.763	-166.7086
4620.000000	92.933	-165.4463
4680.000000	93.099	-164.6014
4750.000000	93.307	-163.9290
4820.000000	93.513	-163.6560
4870.000000	93.646	-163.7276
4940.000000	93.797	-164.1258
5000.000000	93.887	-164.6069
5080.000000	93.956	-165.2862
5150.000000	93.968	-165.8370
5220.000000	93.948	-166.2606
5300.000000	93.896	-166.5398
5380.000000	93.824	-166.6155
5450.000000	93.750	-166.5212
5520.000000	93.674	-166.2658
5600.000000	93.590	-165.8091
5700.000000	93.485	-165.0850
5800.000000	93.374	-164.1704
5900.000000	93.263	-162.7834
6000.000000	93.258	-160.7342
6080.000000	93.348	-159.7455
6150.000000	93.369	-159.2688
6220.000000	93.349	-158.5785
6300.000000	93.320	-157.5443
6400.000000	93.290	-156.0481
6500.000000	93.272	-154.3913
6600.000000	93.269	-152.5256
6700.000000	93.292	-150.2986
6800.000000	93.401	-147.6290
6900.000000	93.618	-145.1383
7000.000000	93.874	-142.7773
7100.000000	94.209	-140.2696
7200.000000	94.655	-137.8179
7300.000000	95.230	-135.5985
7400.000000	95.952	-133.8708
7500.000000	96.842	-133.0101
7620.000000	98.116	-133.9353
7750.000000	99.607	-138.6880
7880.000000	100.863	-148.0973
8000.000000	101.441	-159.8149
8120.000000	101.296	-171.9736
8250.000000	100.463	177.1209
8380.000000	99.298	169.7238
8500.000000	98.197	165.7367
8620.000000	97.238	163.3602
8750.000000	96.295	161.0578
8850.000000	95.526	159.7560
9000.000000	94.371	159.3445
9120.000000	93.528	159.9590
9250.000000	92.706	161.2698
9380.000000	91.972	163.0405
9500.000000	91.355	164.8845
9620.000000	90.787	166.8210
9750.000000	90.226	169.1305
9880.000000	89.724	171.7122
10000.000000	89.313	174.2780
10150.000000	88.876	177.6776
10300.000000	88.525	-178.8359
10440.000000	88.262	-175.5699
10600.000000	88.037	-171.6621
10750.000000	87.925	-167.9294
10900.000000	87.919	-164.2975
11060.000000	88.032	-160.5942
11200.000000	88.236	-157.6531
11380.000000	88.644	-154.6075
11500.000000	89.003	-153.1734
11720.000000	89.813	-152.2356
11800.000000	90.140	-152.5842
12060.000000	91.182	-156.9072
12200.000000	91.615	-161.3725
12410.000000	91.854	-170.2656
12500.000000	91.750	-174.3796
12650.000000	91.316	179.2420
12800.000000	90.647	173.9730
13150.000000	88.741	166.4081
13200.000000	88.473	165.7809
13400.000000	87.493	164.0173
13600.000000	86.675	163.0493
13800.000000	86.010	162.4285
14000.000000	85.489	161.7819
14300.000000	84.947	159.8177
14500.000000	84.691	157.4279
14750.000000	84.341	152.8573
15000.000000	83.815	147.1203
15250.000000	83.119	141.4781
15500.000000	82.331	136.4902
15750.000000	81.652	132.3823
16000.000000	81.312	127.9606
16250.000000	81.350	121.5661
16500.000000	81.511	112.0358
16750.000000	81.479	99.4931
17000.000000	81.111	84.9504
17250.000000	80.453	69.0396
17500.000000	79.536	51.4216
17750.000000	78.176	32.0019
18000.000000	76.178	12.1224
18250.000000	73.534	-6.4159
18500.000000	70.426	-22.4409
18750.000000	67.127	-36.0105
19000.000000	63.852	-48.1777
19250.000000	60.726	-60.4277
19500.000000	57.758	-74.8971
19750.000000	54.896	-93.9139
