20.000000	94.479
20.144928	94.501
20.290907	94.519
20.437943	94.535
20.586044	94.549
20.735220	94.563
20.885475	94.578
21.036821	94.596
21.189262	94.616
21.342808	94.643
21.497467	94.673
21.653246	94.707
21.810154	94.745
21.968201	94.783
22.127390	94.820
22.287735	94.855
22.449242	94.884
22.611917	94.908
22.775772	94.926
22.940815	94.937
23.107054	94.944
23.274498	94.947
23.443153	94.950
23.613033	94.955
23.784142	94.963
23.956491	94.977
24.130091	94.997
24.304947	95.022
24.481071	95.052
24.658470	95.083
24.837156	95.115
25.017136	95.143
25.198421	95.169
25.381020	95.190
25.564941	95.207
25.750195	95.220
25.936790	95.231
26.124741	95.244
26.314051	95.257
26.504732	95.274
26.696796	95.295
26.890253	95.319
27.085112	95.346
27.281382	95.374
27.479073	95.402
27.678198	95.429
27.878765	95.454
28.080786	95.476
28.284271	95.496
28.489231	95.514
28.695675	95.531
28.903616	95.548
29.113064	95.565
29.324028	95.582
29.536524	95.599
29.750557	95.615
29.966141	95.631
30.183289	95.646
30.402010	95.660
30.622314	95.673
30.844217	95.685
31.067726	95.697
31.292856	95.709
31.519617	95.722
31.748020	95.735
31.978081	95.748
32.209808	95.761
32.443211	95.775
32.678310	95.788
32.915108	95.803
33.153625	95.818
33.393871	95.834
33.635857	95.851
33.879597	95.868
34.125103	95.885
34.372387	95.901
34.621464	95.914
34.872345	95.923
35.125042	95.929
35.379574	95.932
35.635948	95.934
35.894180	95.937
36.154285	95.944
36.416275	95.957
36.680161	95.973
36.945961	95.991
37.213688	96.008
37.483353	96.020
37.754974	96.026
38.028561	96.027
38.304131	96.027
38.581699	96.029
38.861279	96.036
39.142883	96.048
39.426529	96.063
39.712231	96.075
40.000000	96.081
40.289856	96.080
40.581814	96.075
40.875885	96.076
41.172089	96.088
41.470440	96.116
41.770950	96.157
42.073643	96.201
42.378525	96.233
42.685616	96.247
42.994934	96.240
43.306492	96.220
43.620308	96.198
43.936401	96.188
44.254780	96.196
44.575470	96.217
44.898483	96.242
45.223835	96.263
45.551544	96.275
45.881630	96.282
46.214108	96.293
46.548996	96.314
46.886307	96.345
47.226067	96.381
47.568283	96.414
47.912983	96.438
48.260181	96.454
48.609894	96.464
48.962143	96.468
49.316940	96.465
49.674313	96.456
50.034271	96.445
50.396843	96.444
50.762039	96.466
51.129883	96.513
51.500389	96.572
51.873581	96.620
52.249481	96.639
52.628101	96.625
53.009464	96.592
53.393593	96.560
53.780506	96.542
54.170223	96.533
54.562763	96.522
54.958145	96.500
55.356396	96.474
55.757530	96.456
56.161572	96.452
56.568542	96.456
56.978462	96.455
57.391350	96.443
57.807232	96.427
58.226128	96.421
58.648056	96.433
59.073048	96.457
59.501114	96.478
59.932281	96.487
60.366577	96.484
60.804020	96.476
61.244629	96.468
61.688435	96.458
62.135452	96.447
62.585712	96.437
63.039234	96.431
63.496040	96.432
63.956161	96.434
64.419617	96.436
64.886421	96.437
65.356621	96.439
65.830215	96.446
66.307251	96.456
66.787743	96.463
67.271713	96.466
67.759193	96.467
68.250206	96.469
68.744774	96.474
69.242928	96.481
69.744690	96.484
70.250084	96.485
70.759148	96.486
71.271896	96.487
71.788361	96.489
72.308571	96.490
72.832550	96.488
73.360321	96.486
73.891922	96.484
74.427376	96.483
74.966705	96.482
75.509949	96.484
76.057121	96.485
76.608261	96.486
77.163399	96.486
77.722557	96.488
78.285767	96.493
78.853058	96.498
79.424461	96.500
80.000000	96.499
80.579712	96.495
81.163628	96.492
81.751770	96.489
82.344177	96.486
82.940880	96.482
83.541901	96.479
84.147285	96.476
84.757050	96.473
85.371231	96.471
85.989868	96.469
86.612984	96.467
87.240616	96.466
87.872803	96.463
88.509560	96.461
89.150940	96.458
89.796967	96.458
90.447670	96.458
91.103088	96.456
91.763260	96.451
92.428215	96.445
93.097992	96.439
93.772614	96.433
94.452133	96.428
95.136566	96.423
95.825966	96.420
96.520363	96.415
97.219788	96.409
97.924286	96.404
98.633881	96.400
99.348625	96.394
100.068542	96.387
100.793686	96.380
101.524078	96.374
102.259766	96.368
103.000778	96.359
103.747162	96.348
104.498962	96.336
105.256203	96.323
106.018929	96.309
106.787186	96.299
107.561012	96.290
108.340446	96.280
109.125526	96.269
109.916290	96.259
110.712791	96.250
111.515060	96.240
112.323143	96.230
113.137085	96.220
113.956924	96.211
114.782700	96.202
115.614464	96.194
116.452255	96.201
117.296112	96.223
118.146095	96.238
119.002228	96.235
119.864563	96.250
120.733154	96.294
121.608040	96.324
122.489258	96.327
123.376869	96.326
124.270905	96.325
125.171425	96.321
126.078468	96.315
126.992081	96.310
127.912323	96.307
128.839233	96.301
129.772842	96.296
130.713242	96.291
131.660431	96.287
132.614502	96.283
133.575485	96.281
134.543427	96.282
135.518387	96.282
136.500412	96.280
137.489548	96.276
138.485855	96.271
139.489380	96.267
140.500168	96.263
141.518295	96.259
142.543793	96.256
143.576721	96.255
144.617142	96.252
145.665100	96.249
146.720642	96.247
147.783844	96.243
148.854752	96.241
149.933411	96.238
151.019897	96.235
152.114243	96.231
153.216522	96.227
154.326797	96.225
155.445114	96.222
156.571533	96.219
157.706116	96.215
158.848923	96.213
160.000000	96.209
161.159424	96.201
162.327255	96.189
163.503540	96.178
164.688354	96.166
165.881760	96.155
167.083801	96.143
168.294571	96.132
169.514099	96.120
170.742462	96.108
171.979736	96.095
173.225967	96.082
174.481232	96.070
175.745605	96.058
177.019119	96.045
178.301880	96.033
179.593933	96.019
180.895340	96.006
182.206177	95.992
183.526520	95.980
184.856430	95.967
186.195984	95.954
187.545227	95.941
188.904266	95.928
190.273132	95.915
191.651932	95.902
193.040726	95.888
194.439575	95.874
195.848572	95.860
197.267761	95.845
198.697250	95.831
200.137085	95.819
201.587372	95.807
203.048157	95.797
204.519531	95.786
206.001556	95.775
207.494324	95.765
208.997925	95.754
210.512405	95.742
212.037857	95.730
213.574371	95.718
215.122025	95.706
216.680893	95.695
218.251053	95.684
219.832581	95.674
221.425583	95.663
223.030121	95.652
224.646286	95.641
226.274170	95.629
227.913849	95.617
229.565399	95.605
231.228928	95.593
232.904510	95.580
234.592224	95.567
236.292191	95.555
238.004456	95.541
239.729126	95.528
241.466309	95.515
243.216080	95.501
244.978516	95.488
246.753738	95.474
248.541809	95.460
250.342850	95.444
252.156937	95.427
253.984161	95.409
255.824646	95.391
257.678467	95.372
259.545685	95.352
261.426483	95.333
263.320862	95.314
265.229004	95.294
267.150970	95.275
269.086853	95.256
271.036774	95.236
273.000824	95.216
274.979095	95.196
276.971710	95.176
278.978760	95.156
281.000336	95.136
283.036591	95.115
285.087585	95.094
287.153442	95.073
289.234283	95.052
291.330200	95.031
293.441284	95.009
295.567688	94.988
297.709503	94.966
299.866821	94.944
302.039795	94.922
304.228485	94.900
306.433044	94.878
308.653595	94.856
310.890228	94.834
313.143066	94.813
315.412231	94.793
317.697845	94.776
320.000000	94.760
322.318848	94.745
324.654510	94.730
327.007080	94.715
329.376709	94.699
331.763519	94.684
334.167603	94.668
336.589142	94.654
339.028198	94.638
341.484924	94.623
343.959473	94.609
346.451935	94.595
348.962463	94.583
351.491211	94.571
354.038239	94.561
356.603760	94.552
359.187866	94.545
361.790680	94.538
364.412354	94.532
367.053040	94.526
369.712860	94.520
372.391968	94.513
375.090454	94.507
377.808533	94.501
380.546265	94.495
383.303864	94.489
386.081451	94.484
388.879150	94.481
391.697144	94.479
394.535522	94.477
397.394501	94.477
400.274170	94.476
403.174744	94.474
406.096313	94.471
409.039062	94.466
412.003113	94.460
414.988647	94.451
417.995850	94.442
421.024811	94.431
424.075714	94.419
427.148743	94.406
430.244049	94.393
433.361786	94.379
436.502106	94.364
439.665161	94.349
442.851166	94.332
446.060242	94.314
449.292572	94.296
452.548340	94.277
455.827698	94.258
459.130798	94.239
462.457855	94.221
465.809021	94.203
469.184448	94.187
472.584381	94.170
476.008911	94.154
479.458252	94.139
482.932617	94.126
486.432159	94.113
489.957031	94.103
493.507477	94.093
497.083618	94.083
500.685699	94.073
504.313873	94.063
507.968323	94.052
511.649292	94.040
515.356934	94.027
519.091370	94.014
522.852966	93.999
526.641724	93.983
530.458008	93.968
534.301941	93.953
538.173706	93.938
542.073547	93.922
546.001648	93.906
549.958191	93.889
553.943420	93.872
557.957520	93.855
562.000671	93.838
566.073181	93.820
570.175171	93.802
574.306885	93.784
578.468567	93.767
582.660400	93.750
586.882568	93.734
591.135376	93.719
595.419006	93.706
599.733643	93.695
604.079590	93.687
608.456970	93.683
612.866089	93.683
617.307190	93.688
621.780457	93.698
626.286133	93.713
630.824463	93.735
635.395691	93.763
640.000000	93.792
644.637695	93.819
649.309021	93.842
654.014160	93.859
658.753418	93.870
663.527039	93.876
668.335205	93.878
673.178284	93.876
678.056396	93.873
682.969849	93.869
687.918945	93.865
692.903870	93.862
697.924927	93.860
702.982422	93.859
708.076477	93.861
713.207520	93.864
718.375732	93.870
723.581360	93.877
728.824707	93.888
734.106079	93.900
739.425720	93.913
744.783936	93.927
750.180908	93.942
755.617065	93.957
761.092529	93.972
766.607727	93.987
772.162903	94.002
777.758301	94.019
783.394287	94.037
789.071045	94.056
794.789001	94.076
800.548340	94.096
806.349487	94.114
812.192627	94.132
818.078125	94.150
824.006226	94.169
829.977295	94.187
835.991699	94.206
842.049622	94.224
848.151428	94.243
854.297485	94.262
860.488098	94.281
866.723572	94.300
873.004211	94.321
879.330322	94.343
885.702332	94.365
892.120483	94.389
898.585144	94.415
905.096680	94.442
911.655396	94.470
918.261597	94.499
924.915710	94.531
931.618042	94.563
938.368896	94.597
945.168762	94.633
952.017822	94.670
958.916504	94.708
965.865234	94.748
972.864319	94.790
979.914062	94.832
987.014954	94.876
994.167236	94.920
1001.371399	94.958
1008.627747	94.990
1015.936646	95.019
1023.298584	95.047
1030.713867	95.077
1038.182739	95.108
1045.705933	95.140
1053.283447	95.172
1060.916016	95.206
1068.603882	95.240
1076.347412	95.275
1084.147095	95.310
1092.003296	95.346
1099.916382	95.383
1107.886841	95.419
1115.915039	95.456
1124.001343	95.492
1132.146362	95.528
1140.350342	95.565
1148.613770	95.601
1156.937134	95.637
1165.320801	95.673
1173.765137	95.709
1182.270752	95.744
1190.838013	95.780
1199.467285	95.814
1208.159180	95.848
1216.913940	95.882
1225.732178	95.915
1234.614380	95.948
1243.560913	95.982
1252.572266	96.021
1261.648926	96.066
1270.791382	96.114
1280.000000	96.162
1289.275391	96.209
1298.618042	96.256
1308.028320	96.301
1317.506836	96.346
1327.054077	96.390
1336.670410	96.434
1346.356567	96.477
1356.112793	96.520
1365.939697	96.562
1375.837891	96.603
1385.807739	96.645
1395.849854	96.685
1405.964844	96.725
1416.152954	96.764
1426.415039	96.803
1436.751465	96.842
1447.162720	96.880
1457.649414	96.918
1468.212158	96.956
1478.851440	96.995
1489.567871	97.032
1500.361816	97.070
1511.234131	97.108
1522.185059	97.146
1533.215454	97.184
1544.325806	97.221
1555.516602	97.259
1566.788574	97.298
1578.142090	97.336
1589.578003	97.376
1601.096680	97.416
1612.698975	97.459
1624.385254	97.503
1636.156250	97.549
1648.012451	97.595
1659.954590	97.641
1671.983398	97.687
1684.099243	97.734
1696.302856	97.782
1708.594971	97.830
1720.976196	97.879
1733.447144	97.928
1746.008423	97.978
1758.660645	98.028
1771.404663	98.079
1784.240967	98.131
1797.170288	98.184
1810.193359	98.237
1823.310791	98.291
1836.523193	98.346
1849.831421	98.402
1863.236084	98.458
1876.737793	98.514
1890.337524	98.571
1904.035645	98.628
1917.833008	98.686
1931.730469	98.745
1945.728638	98.803
1959.828125	98.862
1974.029907	98.921
1988.334473	98.980
2002.742798	99.041
2017.255493	99.102
2031.873291	99.164
2046.597168	99.228
2061.427734	99.291
2076.365479	99.356
2091.411865	99.420
2106.566895	99.486
2121.832031	99.551
2137.207764	99.616
2152.694824	99.682
2168.294189	99.748
2184.006592	99.814
2199.832764	99.879
2215.773682	99.945
2231.830078	100.010
2248.002686	100.076
2264.292725	100.140
2280.700684	100.205
2297.227539	100.269
2313.874268	100.332
2330.641602	100.395
2347.530273	100.457
2364.541504	100.518
2381.676025	100.578
2398.934570	100.636
2416.318359	100.694
2433.827881	100.749
2451.464355	100.804
2469.228760	100.856
2487.121826	100.907
2505.144531	100.956
2523.297852	101.003
2541.582764	101.047
2560.000000	101.088
2578.550781	101.127
2597.236084	101.163
2616.056641	101.196
2635.013672	101.226
2654.108154	101.253
2673.340820	101.277
2692.713135	101.297
2712.225586	101.314
2731.879395	101.326
2751.675781	101.335
2771.615479	101.339
2791.699707	101.340
2811.929688	101.336
2832.305908	101.329
2852.830078	101.318
2873.502930	101.303
2894.325439	101.284
2915.298828	101.261
2936.424316	101.233
2957.702881	101.203
2979.135742	101.168
3000.723633	101.130
3022.468262	101.089
3044.370117	101.045
3066.430908	100.997
3088.651611	100.947
3111.033203	100.894
3133.577148	100.839
3156.284180	100.785
3179.156006	100.731
3202.193359	100.678
3225.397949	100.622
3248.770508	100.565
3272.312500	100.507
3296.024902	100.447
3319.909180	100.386
3343.966797	100.324
3368.198486	100.261
3392.605713	100.197
3417.189941	100.133
3441.952393	100.069
3466.894287	100.004
3492.016846	99.939
3517.321289	99.874
3542.809326	99.809
3568.481934	99.745
3594.340576	99.680
3620.386719	99.616
3646.621582	99.553
3673.046387	99.490
3699.662842	99.429
3726.472168	99.368
3753.475586	99.308
3780.675049	99.249
3808.071289	99.191
3835.666016	99.134
3863.460938	99.079
3891.457275	99.026
3919.656250	98.974
3948.059814	98.924
3976.668945	98.874
4005.485596	98.821
4034.510986	98.763
4063.746582	98.703
4093.194336	98.644
4122.855469	98.588
4152.730957	98.535
4182.823730	98.485
4213.133789	98.438
4243.664062	98.393
4274.415527	98.352
4305.389648	98.314
4336.588379	98.279
4368.013184	98.247
4399.665527	98.219
4431.547363	98.193
4463.660156	98.170
4496.005371	98.151
4528.585449	98.134
4561.401367	98.120
4594.455078	98.109
4627.748535	98.101
4661.283203	98.096
4695.060547	98.095
4729.083008	98.096
4763.352051	98.100
4797.869141	98.107
4832.636719	98.118
4867.655762	98.132
4902.928711	98.150
4938.457520	98.170
4974.243652	98.195
5010.289062	98.225
5046.595703	98.262
5083.165527	98.303
5120.000000	98.349
5157.101562	98.397
5194.472168	98.448
5232.113281	98.503
5270.027344	98.561
5308.216309	98.621
5346.681641	98.683
5385.426270	98.748
5424.451172	98.814
5463.758789	98.881
5503.351562	98.950
5543.230957	99.019
5583.399414	99.088
5623.859375	99.157
5664.611816	99.227
5705.660156	99.296
5747.005859	99.364
5788.650879	99.432
5830.597656	99.499
5872.848633	99.565
5915.405762	99.631
5958.271484	99.697
6001.447266	99.763
6044.936523	99.829
6088.740234	99.896
6132.861816	99.963
6177.303223	100.029
6222.066406	100.090
6267.154297	100.146
6312.568359	100.196
6358.312012	100.241
6404.386719	100.283
6450.795898	100.326
6497.541016	100.371
6544.625000	100.418
6592.049805	100.467
6639.818359	100.520
6687.933594	100.578
6736.396973	100.642
6785.211426	100.713
6834.379883	100.792
6883.904785	100.881
6933.788574	100.981
6984.033691	101.093
7034.642578	101.220
7085.618652	101.362
7136.963867	101.522
7188.681152	101.700
7240.773438	101.898
7293.243164	102.119
7346.092773	102.363
7399.325684	102.633
7452.944336	102.929
7506.951172	103.252
7561.350098	103.603
7616.142578	103.981
7671.332031	104.383
7726.921875	104.802
7782.914551	105.225
7839.312500	105.636
7896.119629	106.008
7953.337891	106.309
8010.971191	106.502
8069.021973	106.550
8127.493164	106.428
8186.388672	106.125
8245.710938	105.652
8305.461914	105.034
8365.647461	104.308
8426.267578	103.512
8487.328125	102.678
8548.831055	101.834
8610.779297	101.003
8673.176758	100.204
8736.026367	99.440
8799.331055	98.709
8863.094727	98.009
8927.320312	97.340
8992.010742	96.702
9057.170898	96.095
9122.802734	95.517
9188.910156	94.967
9255.497070	94.445
9322.566406	93.950
9390.121094	93.480
9458.166016	93.036
9526.704102	92.617
9595.738281	92.224
9665.273438	91.855
9735.311523	91.512
9805.857422	91.193
9876.915039	90.897
9948.487305	90.623
10020.578125	90.371
10093.191406	90.139
10166.331055	89.925
10240.000000	89.730
10314.203125	89.553
10388.944336	89.393
10464.226562	89.252
10540.054688	89.131
10616.432617	89.034
10693.363281	88.961
10770.852539	88.916
10848.902344	88.900
10927.517578	88.914
11006.703125	88.955
11086.461914	89.019
11166.798828	89.105
11247.718750	89.217
11329.223633	89.359
11411.320312	89.535
11494.011719	89.749
11577.301758	90.004
11661.195312	90.297
11745.697266	90.621
11830.811523	90.973
11916.542969	91.346
12002.894531	91.732
12089.873047	92.120
12177.480469	92.497
12265.723633	92.846
12354.606445	93.138
12444.132812	93.338
12534.308594	93.429
12625.136719	93.409
12716.624023	93.275
12808.773438	93.036
12901.591797	92.707
12995.082031	92.299
13089.250000	91.832
13184.099609	91.329
13279.636719	90.817
13375.867188	90.315
13472.793945	89.839
13570.422852	89.399
13668.759766	89.004
13767.809570	88.658
13867.577148	88.363
13968.067383	88.119
14069.285156	87.925
14171.237305	87.785
14273.927734	87.702
14377.362305	87.684
14481.546875	87.735
14586.486328	87.863
14692.185547	88.069
14798.651367	88.353
14905.888672	88.714
15013.902344	89.149
15122.700195	89.649
15232.285156	90.193
15342.664062	90.741
15453.843750	91.230
15565.829102	91.576
15678.625000	91.699
15792.239258	91.549
15906.675781	91.138
16021.942383	90.554
16138.043945	89.912
16254.986328	89.298
16372.777344	88.764
16491.421875	88.342
16610.923828	88.036
16731.294922	87.816
16852.535156	87.605
16974.656250	87.276
17097.662109	86.677
17221.558594	85.671
17346.353516	84.184
17472.052734	82.200
17598.662109	79.719
17726.189453	76.719
17854.640625	73.219
17984.021484	69.518
18114.341797	66.375
18245.605469	64.361
18377.820312	63.092
18510.994141	61.981
18645.132812	60.811
18780.242188	59.582
18916.332031	58.353
19053.408203	57.185
19191.476562	56.134
19330.546875	55.262
19470.623047	54.612
19611.714844	54.190
19753.830078	53.949
19896.974609	53.811
