20.000000	98.109	179.3085
20.299999	98.116	179.1654
20.600000	98.123	179.0314
20.900000	98.131	178.9063
21.200001	98.138	178.7742
21.400000	98.143	178.6845
21.799999	98.154	178.5115
22.000000	98.159	178.4262
22.400000	98.168	178.2356
22.700001	98.175	178.0983
23.000000	98.180	177.9665
23.299999	98.186	177.8262
23.600000	98.191	177.6928
24.000000	98.199	177.5258
24.299999	98.204	177.3919
24.700001	98.211	177.2188
25.000000	98.217	177.0939
25.400000	98.223	176.9159
25.799999	98.230	176.7469
26.200001	98.237	176.5779
26.500000	98.242	176.4485
26.900000	98.250	176.2781
27.200001	98.255	176.1456
27.600000	98.262	175.9659
28.000000	98.268	175.7896
28.500000	98.274	175.5674
29.000000	98.279	175.3542
29.500000	98.285	175.1349
30.000000	98.290	174.9184
30.400000	98.293	174.7432
30.700001	98.296	174.6164
31.100000	98.299	174.4513
31.500000	98.302	174.2820
32.000000	98.307	174.0725
32.500000	98.311	173.8505
33.000000	98.313	173.6335
33.500000	98.314	173.4193
34.000000	98.316	173.2143
34.500000	98.317	173.0063
35.000000	98.319	172.7993
35.500000	98.320	172.5903
36.000000	98.322	172.3853
36.500000	98.323	172.1778
37.000000	98.324	171.9688
37.500000	98.324	171.7543
38.200001	98.323	171.4610
38.700001	98.321	171.2590
39.500000	98.320	170.9433
40.000000	98.320	170.7426
40.599998	98.319	170.4902
41.200001	98.316	170.2430
41.799999	98.312	170.0058
42.500000	98.309	169.7364
43.099998	98.306	169.5051
43.700001	98.303	169.2708
44.400002	98.299	169.0036
45.000000	98.296	168.7762
45.500000	98.293	168.5801
46.200001	98.288	168.3015
46.799999	98.281	168.0670
47.500000	98.273	167.8069
48.200001	98.265	167.5580
48.700001	98.261	167.3805
49.400002	98.255	167.1243
50.000000	98.249	166.9014
50.799999	98.240	166.6108
51.500000	98.234	166.3657
52.200001	98.228	166.1207
53.000000	98.223	165.8341
53.799999	98.217	165.5465
54.500000	98.212	165.2931
55.200001	98.206	165.0369
56.000000	98.197	164.7476
57.000000	98.186	164.3936
58.000000	98.173	164.0387
59.000000	98.160	163.6894
60.000000	98.147	163.3371
60.799999	98.135	163.0475
61.500000	98.124	162.7980
62.200001	98.112	162.5560
63.000000	98.099	162.2835
64.000000	98.083	161.9454
65.000000	98.068	161.6125
66.000000	98.052	161.2814
67.000000	98.035	160.9504
68.000000	98.018	160.6310
69.000000	98.002	160.3096
70.000000	97.984	159.9896
71.000000	97.965	159.6738
72.000000	97.947	159.3655
73.000000	97.929	159.0560
74.000000	97.910	158.7464
75.000000	97.890	158.4412
76.199997	97.866	158.0747
77.500000	97.840	157.6908
78.800003	97.815	157.3106
80.000000	97.791	156.9573
81.199997	97.767	156.6059
82.500000	97.740	156.2291
83.800003	97.713	155.8546
85.000000	97.688	155.5135
86.199997	97.663	155.1760
87.500000	97.635	154.8179
88.500000	97.613	154.5426
90.000000	97.580	154.1403
91.199997	97.553	153.8213
92.500000	97.524	153.4759
93.800003	97.495	153.1394
95.000000	97.469	152.8278
96.199997	97.442	152.5164
97.500000	97.411	152.1892
98.800003	97.382	151.8680
100.000000	97.355	151.5663
101.500000	97.320	151.1966
103.000000	97.285	150.8313
104.400002	97.252	150.5000
106.000000	97.216	150.1286
107.500000	97.181	149.7757
109.000000	97.146	149.4267
110.599998	97.109	149.0573
112.000000	97.076	148.7379
113.800003	97.033	148.3368
115.000000	97.004	148.0734
117.199997	96.951	147.5944
118.000000	96.932	147.4239
120.599998	96.868	146.8689
122.000000	96.834	146.5775
124.099998	96.783	146.1515
125.000000	96.761	145.9707
126.500000	96.725	145.6712
128.000000	96.688	145.3796
131.500000	96.603	144.7079
132.000000	96.591	144.6125
134.000000	96.542	144.2370
136.000000	96.493	143.8773
138.000000	96.445	143.5214
140.000000	96.396	143.1677
143.000000	96.325	142.6332
145.000000	96.277	142.2844
147.500000	96.216	141.8573
150.000000	96.154	141.4366
152.500000	96.091	141.0263
155.000000	96.027	140.6275
157.500000	95.961	140.2586
160.000000	95.894	139.9142
162.500000	95.829	139.6061
165.000000	95.767	139.3286
167.500000	95.710	139.0749
170.000000	95.660	138.8280
172.500000	95.614	138.5659
175.000000	95.571	138.2751
177.500000	95.526	137.9531
180.000000	95.479	137.6251
182.500000	95.429	137.3067
185.000000	95.379	137.0238
187.500000	95.332	136.7585
190.000000	95.289	136.4906
192.500000	95.249	136.2016
195.000000	95.211	135.8922
197.500000	95.169	135.5607
200.000000	95.125	135.2292
203.000000	95.068	134.8214
206.000000	95.010	134.4422
209.000000	94.950	134.0773
212.000000	94.889	133.7168
214.000000	94.847	133.4840
218.000000	94.762	133.0546
220.000000	94.719	132.8553
224.000000	94.634	132.5016
227.000000	94.573	132.2754
230.000000	94.516	132.0768
233.000000	94.465	131.8984
236.000000	94.422	131.7105
240.000000	94.371	131.4064
243.000000	94.334	131.1247
247.000000	94.280	130.7149
250.000000	94.235	130.4069
254.000000	94.170	129.9946
258.000000	94.100	129.6029
262.000000	94.029	129.2518
265.000000	93.976	129.0091
269.000000	93.905	128.7061
272.000000	93.853	128.4931
276.000000	93.783	128.2170
280.000000	93.712	127.9559
285.000000	93.624	127.6745
290.000000	93.536	127.4556
295.000000	93.455	127.2927
300.000000	93.387	127.1902
304.000000	93.347	127.1116
307.000000	93.323	127.0198
311.000000	93.292	126.8660
315.000000	93.261	126.6760
320.000000	93.222	126.4093
325.000000	93.184	126.1198
330.000000	93.144	125.7876
335.000000	93.097	125.4487
340.000000	93.045	125.1505
345.000000	92.991	124.8934
350.000000	92.938	124.6559
355.000000	92.888	124.4097
360.000000	92.842	124.1576
365.000000	92.798	123.9141
370.000000	92.754	123.6860
375.000000	92.708	123.4523
382.000000	92.647	123.1462
387.000000	92.604	122.9432
395.000000	92.536	122.6351
400.000000	92.496	122.4382
406.000000	92.450	122.2420
412.000000	92.406	122.0428
418.000000	92.363	121.8396
425.000000	92.315	121.6193
431.000000	92.275	121.4327
437.000000	92.237	121.2670
444.000000	92.196	121.0836
450.000000	92.163	120.9262
455.000000	92.137	120.7862
462.000000	92.101	120.5960
468.000000	92.070	120.4377
475.000000	92.036	120.2698
482.000000	92.003	120.1130
487.000000	91.982	120.0120
494.000000	91.952	119.8689
500.000000	91.929	119.7435
508.000000	91.900	119.6059
515.000000	91.876	119.4838
522.000000	91.854	119.3775
530.000000	91.832	119.2528
538.000000	91.811	119.1413
545.000000	91.796	119.0602
552.000000	91.782	118.9870
560.000000	91.770	118.9203
570.000000	91.759	118.8442
580.000000	91.756	118.7775
590.000000	91.760	118.7066
600.000000	91.768	118.6144
608.000000	91.777	118.5257
615.000000	91.787	118.4439
622.000000	91.798	118.3463
630.000000	91.811	118.2369
640.000000	91.829	118.0857
650.000000	91.848	117.9246
660.000000	91.867	117.7730
670.000000	91.888	117.6081
680.000000	91.909	117.4477
690.000000	91.932	117.2821
700.000000	91.955	117.1136
710.000000	91.978	116.9392
720.000000	92.001	116.7692
730.000000	92.026	116.6072
740.000000	92.050	116.4362
750.000000	92.075	116.2628
762.000000	92.105	116.0671
775.000000	92.137	115.8451
788.000000	92.170	115.6364
800.000000	92.201	115.4462
812.000000	92.231	115.2582
825.000000	92.264	115.0692
838.000000	92.297	114.8834
850.000000	92.328	114.7133
862.000000	92.360	114.5462
875.000000	92.394	114.3699
885.000000	92.421	114.2416
900.000000	92.461	114.0646
912.000000	92.494	113.9203
925.000000	92.530	113.7709
938.000000	92.569	113.6382
950.000000	92.605	113.5032
962.000000	92.642	113.3644
975.000000	92.682	113.2163
988.000000	92.721	113.0720
1000.000000	92.757	112.9466
1015.000000	92.802	112.7696
1030.000000	92.847	112.5819
1044.000000	92.889	112.4088
1060.000000	92.936	112.1988
1075.000000	92.979	112.0116
1090.000000	93.020	111.8106
1106.000000	93.063	111.5823
1120.000000	93.099	111.3807
1138.000000	93.141	111.0986
1150.000000	93.166	110.9311
1172.000000	93.208	110.5976
1180.000000	93.221	110.4785
1206.000000	93.257	110.0839
1220.000000	93.272	109.8914
1241.000000	93.290	109.6245
1250.000000	93.297	109.5198
1265.000000	93.306	109.3344
1280.000000	93.311	109.1659
1315.000000	93.305	108.9169
1320.000000	93.302	108.8907
1340.000000	93.289	108.8082
1360.000000	93.276	108.7468
1380.000000	93.262	108.7420
1400.000000	93.247	108.7813
1430.000000	93.221	108.9243
1450.000000	93.204	109.0727
1475.000000	93.183	109.3154
1500.000000	93.163	109.6192
1525.000000	93.144	109.9754
1550.000000	93.129	110.3999
1575.000000	93.116	110.8559
1600.000000	93.106	111.3893
1625.000000	93.102	111.9529
1650.000000	93.105	112.5565
1675.000000	93.114	113.1701
1700.000000	93.124	113.8337
1725.000000	93.136	114.5493
1750.000000	93.150	115.2879
1775.000000	93.171	116.0261
1800.000000	93.200	116.7974
1825.000000	93.234	117.5961
1850.000000	93.274	118.3913
1875.000000	93.319	119.2195
1900.000000	93.369	120.0548
1925.000000	93.424	120.8949
1950.000000	93.485	121.7417
1975.000000	93.551	122.5833
2000.000000	93.622	123.4251
2030.000000	93.714	124.4427
2060.000000	93.814	125.4522
2090.000000	93.921	126.4755
2120.000000	94.040	127.4543
2140.000000	94.124	128.0878
2180.000000	94.301	129.3396
2200.000000	94.392	129.9449
2240.000000	94.580	131.1237
2270.000000	94.728	131.9492
2300.000000	94.882	132.7392
2330.000000	95.041	133.4870
2360.000000	95.204	134.1686
2400.000000	95.426	134.9989
2430.000000	95.595	135.5566
2470.000000	95.823	136.1923
2500.000000	95.994	136.5764
2540.000000	96.219	137.0006
2580.000000	96.439	137.3027
2620.000000	96.652	137.4903
2650.000000	96.807	137.5606
2690.000000	97.004	137.5658
2720.000000	97.144	137.4890
2760.000000	97.319	137.3004
2800.000000	97.478	137.0115
2850.000000	97.650	136.5079
2900.000000	97.786	135.8902
2950.000000	97.883	135.1871
3000.000000	97.934	134.4591
3040.000000	97.942	133.8892
3070.000000	97.928	133.4944
3110.000000	97.883	133.0431
3150.000000	97.810	132.7038
3200.000000	97.685	132.4914
3250.000000	97.532	132.5779
3300.000000	97.360	132.9567
3350.000000	97.182	133.6245
3400.000000	97.006	134.5493
3450.000000	96.832	135.6754
3500.000000	96.658	136.9834
3550.000000	96.486	138.5096
3600.000000	96.321	140.2188
3650.000000	96.169	142.1157
3700.000000	96.032	144.1704
3750.000000	95.914	146.3474
3820.000000	95.782	149.6025
3870.000000	95.711	152.0195
3950.000000	95.634	156.0625
4000.000000	95.609	158.7060
4060.000000	95.609	162.0222
4120.000000	95.654	165.4588
4180.000000	95.748	168.9480
4250.000000	95.924	172.9517
4310.000000	96.123	176.2574
4370.000000	96.362	179.4030
4440.000000	96.685	-177.2044
4500.000000	96.996	-174.5259
4550.000000	97.276	-172.5097
4620.000000	97.691	-170.0460
4680.000000	98.060	-168.3239
4750.000000	98.492	-166.7909
4820.000000	98.906	-165.8025
4870.000000	99.180	-165.4279
4940.000000	99.513	-165.2969
5000.000000	99.738	-165.5048
5080.000000	99.938	-166.0188
5150.000000	100.011	-166.5321
5220.000000	99.996	-166.9057
5300.000000	99.885	-166.9846
5380.000000	99.700	-166.5100
5450.000000	99.501	-165.5753
5520.000000	99.294	-164.1277
5600.000000	99.075	-161.9294
5700.000000	98.859	-158.5508
5800.000000	98.723	-154.7173
5900.000000	98.670	-150.6807
6000.000000	98.697	-146.6167
6080.000000	98.774	-143.4420
6150.000000	98.875	-140.8211
6220.000000	98.999	-138.3778
6300.000000	99.156	-135.8550
6400.000000	99.358	-133.0453
6500.000000	99.547	-130.6467
6600.000000	99.704	-128.5807
6700.000000	99.811	-126.7360
6800.000000	99.862	-124.9149
6900.000000	99.865	-122.9602
7000.000000	99.841	-120.7139
7100.000000	99.821	-118.0994
7200.000000	99.843	-115.1454
7300.000000	99.937	-112.0421
7400.000000	100.119	-109.0695
7500.000000	100.391	-106.4782
7620.000000	100.816	-104.2784
7750.000000	101.335	-103.5874
7880.000000	101.783	-105.0265
8000.000000	101.975	-108.1526
8120.000000	101.837	-112.1639
8250.000000	101.285	-116.2785
8380.000000	100.391	-118.9709
8500.000000	99.399	-119.6543
8620.000000	98.383	-118.6552
8750.000000	97.360	-116.2029
8850.000000	96.659	-113.8178
9000.000000	95.742	-110.0847
9120.000000	95.084	-107.4693
9250.000000	94.376	-105.2649
9380.000000	93.587	-103.7433
9500.000000	92.720	-102.6701
9620.000000	91.685	-101.4030
9750.000000	90.379	-99.2944
9880.000000	88.931	-95.9532
10000.000000	87.533	-91.5462
10150.000000	85.790	-84.5584
10300.000000	84.080	-76.2210
10440.000000	82.524	-67.2335
10600.000000	80.837	-55.6239
10750.000000	79.366	-43.7032
10900.000000	78.008	-31.0656
11060.000000	76.677	-16.8725
11200.000000	75.599	-3.9166
11380.000000	74.337	13.7576
11500.000000	73.608	26.2892
11720.000000	72.601	50.1427
11800.000000	72.343	58.8350
12060.000000	71.815	86.3657
12200.000000	71.673	100.7463
12410.000000	71.597	121.9976
12500.000000	71.620	131.1182
12650.000000	71.751	146.3407
12800.000000	72.007	161.4684
13150.000000	73.156	-163.9950
13200.000000	73.388	-159.1909
13400.000000	74.514	-140.5285
13600.000000	75.989	-123.2300
13800.000000	77.786	-108.5735
14000.000000	79.744	-97.8427
14300.000000	82.354	-89.8960
14500.000000	83.503	-87.9958
14750.000000	84.303	-85.1921
15000.000000	84.894	-79.9665
15250.000000	85.643	-73.5298
15500.000000	86.756	-67.4136
15750.000000	88.348	-64.4063
16000.000000	89.999	-68.1778
16250.000000	90.680	-76.8316
16500.000000	91.277	-82.9994
16750.000000	91.988	-97.6234
17000.000000	91.594	-118.3205
17250.000000	89.960	-142.2823
17500.000000	86.486	-164.6931
17750.000000	81.285	-178.5861
18000.000000	75.077	178.8738
18250.000000	68.579	-173.4168
18500.000000	62.322	-158.2534
18750.000000	56.563	-139.0825
19000.000000	51.146	-116.2040
19250.000000	46.188	-76.3356
19500.000000	43.593	-26.9713
19750.000000	43.093	-4.6141
20000.000000	42.763	8.8604
