20.000000	94.619
20.144928	94.661
20.290907	94.701
20.437943	94.739
20.586044	94.773
20.735220	94.802
20.885475	94.828
21.036821	94.849
21.189262	94.868
21.342808	94.885
21.497467	94.901
21.653246	94.917
21.810154	94.935
21.968201	94.955
22.127390	94.977
22.287735	95.002
22.449242	95.028
22.611917	95.057
22.775772	95.086
22.940815	95.115
23.107054	95.144
23.274498	95.171
23.443153	95.198
23.613033	95.223
23.784142	95.247
23.956491	95.271
24.130091	95.294
24.304947	95.316
24.481071	95.339
24.658470	95.361
24.837156	95.382
25.017136	95.402
25.198421	95.421
25.381020	95.438
25.564941	95.454
25.750195	95.470
25.936790	95.485
26.124741	95.500
26.314051	95.516
26.504732	95.534
26.696796	95.553
26.890253	95.573
27.085112	95.595
27.281382	95.617
27.479073	95.639
27.678198	95.659
27.878765	95.679
28.080786	95.696
28.284271	95.712
28.489231	95.726
28.695675	95.739
28.903616	95.751
29.113064	95.763
29.324028	95.776
29.536524	95.790
29.750557	95.805
29.966141	95.821
30.183289	95.837
30.402010	95.854
30.622314	95.870
30.844217	95.885
31.067726	95.898
31.292856	95.909
31.519617	95.919
31.748020	95.929
31.978081	95.939
32.209808	95.949
32.443211	95.960
32.678310	95.973
32.915108	95.987
33.153625	96.003
33.393871	96.019
33.635857	96.036
33.879597	96.052
34.125103	96.067
34.372387	96.081
34.621464	96.094
34.872345	96.106
35.125042	96.119
35.379574	96.131
35.635948	96.145
35.894180	96.159
36.154285	96.172
36.416275	96.186
36.680161	96.198
36.945961	96.210
37.213688	96.220
37.483353	96.231
37.754974	96.241
38.028561	96.251
38.304131	96.263
38.581699	96.275
38.861279	96.287
39.142883	96.299
39.426529	96.310
39.712231	96.320
40.000000	96.330
40.289856	96.339
40.581814	96.348
40.875885	96.357
41.172089	96.366
41.470440	96.374
41.770950	96.381
42.073643	96.389
42.378525	96.397
42.685616	96.407
42.994934	96.418
43.306492	96.430
43.620308	96.443
43.936401	96.456
44.254780	96.466
44.575470	96.475
44.898483	96.483
45.223835	96.490
45.551544	96.498
45.881630	96.506
46.214108	96.516
46.548996	96.527
46.886307	96.538
47.226067	96.548
47.568283	96.558
47.912983	96.566
48.260181	96.573
48.609894	96.579
48.962143	96.583
49.316940	96.588
49.674313	96.591
50.034271	96.593
50.396843	96.594
50.762039	96.595
51.129883	96.597
51.500389	96.600
51.873581	96.606
52.249481	96.612
52.628101	96.617
53.009464	96.620
53.393593	96.621
53.780506	96.619
54.170223	96.617
54.562763	96.614
54.958145	96.613
55.356396	96.613
55.757530	96.613
56.161572	96.612
56.568542	96.610
56.978462	96.607
57.391350	96.604
57.807232	96.604
58.226128	96.604
58.648056	96.604
59.073048	96.601
59.501114	96.595
59.932281	96.588
60.366577	96.583
60.804020	96.580
61.244629	96.580
61.688435	96.583
62.135452	96.587
62.585712	96.594
63.039234	96.602
63.496040	96.610
63.956161	96.614
64.419617	96.614
64.886421	96.613
65.356621	96.613
65.830215	96.617
66.307251	96.623
66.787743	96.631
67.271713	96.638
67.759193	96.644
68.250206	96.647
68.744774	96.646
69.242928	96.643
69.744690	96.641
70.250084	96.640
70.759148	96.641
71.271896	96.645
71.788361	96.649
72.308571	96.652
72.832550	96.653
73.360321	96.655
73.891922	96.657
74.427376	96.659
74.966705	96.659
75.509949	96.658
76.057121	96.658
76.608261	96.660
77.163399	96.665
77.722557	96.669
78.285767	96.672
78.853058	96.675
79.424461	96.677
80.000000	96.676
80.579712	96.674
81.163628	96.670
81.751770	96.668
82.344177	96.666
82.940880	96.665
83.541901	96.664
84.147285	96.663
84.757050	96.661
85.371231	96.660
85.989868	96.657
86.612984	96.653
87.240616	96.651
87.872803	96.649
88.509560	96.643
89.150940	96.635
89.796967	96.633
90.447670	96.639
91.103088	96.643
91.763260	96.638
92.428215	96.629
93.097992	96.624
93.772614	96.623
94.452133	96.621
95.136566	96.618
95.825966	96.616
96.520363	96.612
97.219788	96.608
97.924286	96.604
98.633881	96.601
99.348625	96.598
100.068542	96.593
100.793686	96.587
101.524078	96.583
102.259766	96.578
103.000778	96.573
103.747162	96.568
104.498962	96.564
105.256203	96.560
106.018929	96.557
106.787186	96.554
107.561012	96.549
108.340446	96.543
109.125526	96.536
109.916290	96.529
110.712791	96.522
111.515060	96.515
112.323143	96.508
113.137085	96.500
113.956924	96.493
114.782700	96.485
115.614464	96.478
116.452255	96.472
117.296112	96.465
118.146095	96.457
119.002228	96.447
119.864563	96.439
120.733154	96.433
121.608040	96.427
122.489258	96.421
123.376869	96.414
124.270905	96.408
125.171425	96.404
126.078468	96.401
126.992081	96.400
127.912323	96.399
128.839233	96.398
129.772842	96.398
130.713242	96.397
131.660431	96.396
132.614502	96.396
133.575485	96.395
134.543427	96.394
135.518387	96.393
136.500412	96.393
137.489548	96.392
138.485855	96.391
139.489380	96.389
140.500168	96.387
141.518295	96.385
142.543793	96.384
143.576721	96.382
144.617142	96.380
145.665100	96.377
146.720642	96.375
147.783844	96.373
148.854752	96.371
149.933411	96.369
151.019897	96.367
152.114243	96.365
153.216522	96.362
154.326797	96.359
155.445114	96.357
156.571533	96.353
157.706116	96.348
158.848923	96.343
160.000000	96.338
161.159424	96.330
162.327255	96.320
163.503540	96.309
164.688354	96.297
165.881760	96.285
167.083801	96.273
168.294571	96.261
169.514099	96.248
170.742462	96.236
171.979736	96.223
173.225967	96.211
174.481232	96.199
175.745605	96.186
177.019119	96.173
178.301880	96.160
179.593933	96.146
180.895340	96.133
182.206177	96.120
183.526520	96.107
184.856430	96.093
186.195984	96.080
187.545227	96.066
188.904266	96.052
190.273132	96.038
191.651932	96.024
193.040726	96.009
194.439575	95.995
195.848572	95.980
197.267761	95.965
198.697250	95.950
200.137085	95.936
201.587372	95.924
203.048157	95.911
204.519531	95.899
206.001556	95.887
207.494324	95.875
208.997925	95.862
210.512405	95.850
212.037857	95.837
213.574371	95.824
215.122025	95.810
216.680893	95.797
218.251053	95.783
219.832581	95.769
221.425583	95.754
223.030121	95.739
224.646286	95.724
226.274170	95.708
227.913849	95.692
229.565399	95.675
231.228928	95.658
232.904510	95.641
234.592224	95.623
236.292191	95.605
238.004456	95.586
239.729126	95.568
241.466309	95.549
243.216080	95.531
244.978516	95.516
246.753738	95.503
248.541809	95.493
250.342850	95.485
252.156937	95.478
253.984161	95.471
255.824646	95.467
257.678467	95.467
259.545685	95.472
261.426483	95.481
263.320862	95.493
265.229004	95.504
267.150970	95.512
269.086853	95.515
271.036774	95.512
273.000824	95.501
274.979095	95.484
276.971710	95.463
278.978760	95.440
281.000336	95.416
283.036591	95.391
285.087585	95.366
287.153442	95.340
289.234283	95.315
291.330200	95.290
293.441284	95.265
295.567688	95.240
297.709503	95.216
299.866821	95.192
302.039795	95.169
304.228485	95.146
306.433044	95.124
308.653595	95.103
310.890228	95.082
313.143066	95.061
315.412231	95.043
317.697845	95.028
320.000000	95.015
322.318848	95.002
324.654510	94.988
327.007080	94.975
329.376709	94.960
331.763519	94.946
334.167603	94.931
336.589142	94.916
339.028198	94.901
341.484924	94.885
343.959473	94.869
346.451935	94.853
348.962463	94.836
351.491211	94.819
354.038239	94.803
356.603760	94.787
359.187866	94.771
361.790680	94.755
364.412354	94.739
367.053040	94.723
369.712860	94.706
372.391968	94.690
375.090454	94.674
377.808533	94.658
380.546265	94.642
383.303864	94.625
386.081451	94.607
388.879150	94.590
391.697144	94.573
394.535522	94.556
397.394501	94.539
400.274170	94.521
403.174744	94.504
406.096313	94.485
409.039062	94.467
412.003113	94.448
414.988647	94.429
417.995850	94.410
421.024811	94.391
424.075714	94.371
427.148743	94.351
430.244049	94.331
433.361786	94.310
436.502106	94.289
439.665161	94.268
442.851166	94.247
446.060242	94.225
449.292572	94.204
452.548340	94.183
455.827698	94.162
459.130798	94.140
462.457855	94.119
465.809021	94.098
469.184448	94.080
472.584381	94.064
476.008911	94.052
479.458252	94.043
482.932617	94.039
486.432159	94.040
489.957031	94.045
493.507477	94.054
497.083618	94.063
500.685699	94.072
504.313873	94.077
507.968323	94.079
511.649292	94.077
515.356934	94.074
519.091370	94.071
522.852966	94.070
526.641724	94.071
530.458008	94.075
534.301941	94.080
538.173706	94.085
542.073547	94.090
546.001648	94.094
549.958191	94.095
553.943420	94.092
557.957520	94.087
562.000671	94.079
566.073181	94.069
570.175171	94.056
574.306885	94.041
578.468567	94.025
582.660400	94.008
586.882568	93.991
591.135376	93.974
595.419006	93.959
599.733643	93.948
604.079590	93.941
608.456970	93.941
612.866089	93.952
617.307190	93.973
621.780457	94.005
626.286133	94.044
630.824463	94.084
635.395691	94.121
640.000000	94.152
644.637695	94.172
649.309021	94.185
654.014160	94.191
658.753418	94.193
663.527039	94.192
668.335205	94.190
673.178284	94.188
678.056396	94.186
682.969849	94.183
687.918945	94.181
692.903870	94.180
697.924927	94.179
702.982422	94.179
708.076477	94.180
713.207520	94.181
718.375732	94.184
723.581360	94.187
728.824707	94.190
734.106079	94.195
739.425720	94.200
744.783936	94.206
750.180908	94.213
755.617065	94.221
761.092529	94.229
766.607727	94.239
772.162903	94.249
777.758301	94.261
783.394287	94.273
789.071045	94.287
794.789001	94.300
800.548340	94.313
806.349487	94.324
812.192627	94.335
818.078125	94.346
824.006226	94.358
829.977295	94.372
835.991699	94.386
842.049622	94.403
848.151428	94.420
854.297485	94.438
860.488098	94.458
866.723572	94.479
873.004211	94.501
879.330322	94.525
885.702332	94.550
892.120483	94.577
898.585144	94.605
905.096680	94.635
911.655396	94.666
918.261597	94.698
924.915710	94.732
931.618042	94.768
938.368896	94.805
945.168762	94.844
952.017822	94.884
958.916504	94.926
965.865234	94.970
972.864319	95.014
979.914062	95.061
987.014954	95.108
994.167236	95.155
1001.371399	95.197
1008.627747	95.232
1015.936646	95.264
1023.298584	95.296
1030.713867	95.329
1038.182739	95.363
1045.705933	95.398
1053.283447	95.434
1060.916016	95.471
1068.603882	95.509
1076.347412	95.547
1084.147095	95.587
1092.003296	95.626
1099.916382	95.666
1107.886841	95.707
1115.915039	95.747
1124.001343	95.788
1132.146362	95.829
1140.350342	95.870
1148.613770	95.911
1156.937134	95.951
1165.320801	95.992
1173.765137	96.031
1182.270752	96.071
1190.838013	96.109
1199.467285	96.148
1208.159180	96.186
1216.913940	96.223
1225.732178	96.259
1234.614380	96.295
1243.560913	96.333
1252.572266	96.376
1261.648926	96.424
1270.791382	96.475
1280.000000	96.526
1289.275391	96.576
1298.618042	96.625
1308.028320	96.674
1317.506836	96.722
1327.054077	96.769
1336.670410	96.815
1346.356567	96.861
1356.112793	96.907
1365.939697	96.952
1375.837891	96.996
1385.807739	97.040
1395.849854	97.084
1405.964844	97.127
1416.152954	97.169
1426.415039	97.211
1436.751465	97.253
1447.162720	97.295
1457.649414	97.336
1468.212158	97.378
1478.851440	97.419
1489.567871	97.461
1500.361816	97.502
1511.234131	97.543
1522.185059	97.584
1533.215454	97.626
1544.325806	97.667
1555.516602	97.709
1566.788574	97.751
1578.142090	97.793
1589.578003	97.836
1601.096680	97.881
1612.698975	97.927
1624.385254	97.975
1636.156250	98.024
1648.012451	98.073
1659.954590	98.122
1671.983398	98.172
1684.099243	98.222
1696.302856	98.272
1708.594971	98.323
1720.976196	98.374
1733.447144	98.426
1746.008423	98.478
1758.660645	98.530
1771.404663	98.584
1784.240967	98.637
1797.170288	98.692
1810.193359	98.747
1823.310791	98.803
1836.523193	98.859
1849.831421	98.916
1863.236084	98.974
1876.737793	99.032
1890.337524	99.091
1904.035645	99.151
1917.833008	99.211
1931.730469	99.271
1945.728638	99.332
1959.828125	99.393
1974.029907	99.455
1988.334473	99.518
2002.742798	99.581
2017.255493	99.646
2031.873291	99.712
2046.597168	99.778
2061.427734	99.845
2076.365479	99.912
2091.411865	99.979
2106.566895	100.046
2121.832031	100.114
2137.207764	100.181
2152.694824	100.249
2168.294189	100.317
2184.006592	100.385
2199.832764	100.454
2215.773682	100.522
2231.830078	100.590
2248.002686	100.657
2264.292725	100.725
2280.700684	100.791
2297.227539	100.857
2313.874268	100.923
2330.641602	100.987
2347.530273	101.051
2364.541504	101.114
2381.676025	101.176
2398.934570	101.237
2416.318359	101.296
2433.827881	101.354
2451.464355	101.411
2469.228760	101.465
2487.121826	101.519
2505.144531	101.570
2523.297852	101.618
2541.582764	101.665
2560.000000	101.710
2578.550781	101.752
2597.236084	101.791
2616.056641	101.828
2635.013672	101.861
2654.108154	101.892
2673.340820	101.919
2692.713135	101.943
2712.225586	101.964
2731.879395	101.980
2751.675781	101.994
2771.615479	102.004
2791.699707	102.010
2811.929688	102.013
2832.305908	102.012
2852.830078	102.008
2873.502930	101.999
2894.325439	101.987
2915.298828	101.970
2936.424316	101.950
2957.702881	101.926
2979.135742	101.899
3000.723633	101.867
3022.468262	101.832
3044.370117	101.795
3066.430908	101.755
3088.651611	101.714
3111.033203	101.670
3133.577148	101.627
3156.284180	101.583
3179.156006	101.541
3202.193359	101.499
3225.397949	101.455
3248.770508	101.410
3272.312500	101.363
3296.024902	101.314
3319.909180	101.264
3343.966797	101.212
3368.198486	101.160
3392.605713	101.107
3417.189941	101.052
3441.952393	100.997
3466.894287	100.940
3492.016846	100.884
3517.321289	100.827
3542.809326	100.770
3568.481934	100.713
3594.340576	100.656
3620.386719	100.599
3646.621582	100.543
3673.046387	100.488
3699.662842	100.434
3726.472168	100.380
3753.475586	100.328
3780.675049	100.277
3808.071289	100.227
3835.666016	100.177
3863.460938	100.129
3891.457275	100.082
3919.656250	100.035
3948.059814	99.990
3976.668945	99.943
4005.485596	99.893
4034.510986	99.836
4063.746582	99.777
4093.194336	99.719
4122.855469	99.663
4152.730957	99.609
4182.823730	99.557
4213.133789	99.507
4243.664062	99.459
4274.415527	99.413
4305.389648	99.370
4336.588379	99.328
4368.013184	99.289
4399.665527	99.252
4431.547363	99.218
4463.660156	99.185
4496.005371	99.155
4528.585449	99.126
4561.401367	99.099
4594.455078	99.074
4627.748535	99.051
4661.283203	99.030
4695.060547	99.012
4729.083008	98.994
4763.352051	98.979
4797.869141	98.966
4832.636719	98.955
4867.655762	98.946
4902.928711	98.940
4938.457520	98.936
4974.243652	98.936
5010.289062	98.939
5046.595703	98.948
5083.165527	98.961
5120.000000	98.976
5157.101562	98.994
5194.472168	99.014
5232.113281	99.037
5270.027344	99.062
5308.216309	99.089
5346.681641	99.118
5385.426270	99.149
5424.451172	99.181
5463.758789	99.215
5503.351562	99.250
5543.230957	99.285
5583.399414	99.322
5623.859375	99.359
5664.611816	99.396
5705.660156	99.434
5747.005859	99.472
5788.650879	99.511
5830.597656	99.550
5872.848633	99.590
5915.405762	99.630
5958.271484	99.671
6001.447266	99.714
6044.936523	99.758
6088.740234	99.804
6132.861816	99.853
6177.303223	99.906
6222.066406	99.961
6267.154297	100.018
6312.568359	100.075
6358.312012	100.129
6404.386719	100.184
6450.795898	100.241
6497.541016	100.301
6544.625000	100.365
6592.049805	100.433
6639.818359	100.507
6687.933594	100.586
6736.396973	100.673
6785.211426	100.768
6834.379883	100.873
6883.904785	100.990
6933.788574	101.121
6984.033691	101.268
7034.642578	101.433
7085.618652	101.615
7136.963867	101.814
7188.681152	102.028
7240.773438	102.258
7293.243164	102.503
7346.092773	102.764
7399.325684	103.044
7452.944336	103.344
7506.951172	103.664
7561.350098	104.003
7616.142578	104.358
7671.332031	104.723
7726.921875	105.094
7782.914551	105.460
7839.312500	105.805
7896.119629	106.111
7953.337891	106.352
8010.971191	106.504
8069.021973	106.546
8127.493164	106.463
8186.388672	106.250
8245.710938	105.911
8305.461914	105.460
8365.647461	104.919
8426.267578	104.313
8487.328125	103.670
8548.831055	103.009
8610.779297	102.347
8673.176758	101.696
8736.026367	101.063
8799.331055	100.451
8863.094727	99.863
8927.320312	99.298
8992.010742	98.756
9057.170898	98.236
9122.802734	97.742
9188.910156	97.275
9255.497070	96.836
9322.566406	96.427
9390.121094	96.045
9458.166016	95.687
9526.704102	95.349
9595.738281	95.031
9665.273438	94.735
9735.311523	94.463
9805.857422	94.218
9876.915039	94.000
9948.487305	93.812
10020.578125	93.652
10093.191406	93.521
10166.331055	93.415
10240.000000	93.335
10314.203125	93.281
10388.944336	93.257
10464.226562	93.264
10540.054688	93.302
10616.432617	93.372
10693.363281	93.474
10770.852539	93.609
10848.902344	93.776
10927.517578	93.969
11006.703125	94.180
11086.461914	94.402
11166.798828	94.631
11247.718750	94.857
11329.223633	95.070
11411.320312	95.252
11494.011719	95.368
11577.301758	95.386
11661.195312	95.285
11745.697266	95.060
11830.811523	94.714
11916.542969	94.258
12002.894531	93.709
12089.873047	93.087
12177.480469	92.415
12265.723633	91.713
12354.606445	90.998
12444.132812	90.288
12534.308594	89.597
12625.136719	88.935
12716.624023	88.316
12808.773438	87.745
12901.591797	87.214
12995.082031	86.709
13089.250000	86.230
13184.099609	85.783
13279.636719	85.372
13375.867188	84.998
13472.793945	84.664
13570.422852	84.372
13668.759766	84.121
13767.809570	83.910
13867.577148	83.738
13968.067383	83.607
14069.285156	83.519
14171.237305	83.476
14273.927734	83.478
14377.362305	83.528
14481.546875	83.632
14586.486328	83.799
14692.185547	84.034
14798.651367	84.336
14905.888672	84.701
15013.902344	85.125
15122.700195	85.606
15232.285156	86.142
15342.664062	86.724
15453.843750	87.329
15565.829102	87.913
15678.625000	88.409
15792.239258	88.737
15906.675781	88.835
16021.942383	88.692
16138.043945	88.358
16254.986328	87.899
16372.777344	87.376
16491.421875	86.845
16610.923828	86.349
16731.294922	85.919
16852.535156	85.566
16974.656250	85.277
17097.662109	85.005
17221.558594	84.653
17346.353516	84.056
17472.052734	83.005
17598.662109	81.320
17726.189453	79.002
17854.640625	76.341
17984.021484	73.780
18114.341797	71.540
18245.605469	69.542
18377.820312	67.665
18510.994141	65.850
18645.132812	64.080
18780.242188	62.344
18916.332031	60.628
19053.408203	58.964
19191.476562	57.407
19330.546875	55.969
19470.623047	54.577
19611.714844	53.061
19753.830078	51.225
19896.974609	49.225
