20.000000	98.893	179.4669
20.299999	98.901	179.3405
20.600000	98.909	179.2156
20.900000	98.915	179.0941
21.200001	98.919	178.9648
21.400000	98.921	178.8801
21.799999	98.924	178.7319
22.000000	98.925	178.6682
22.400000	98.929	178.5367
22.700001	98.934	178.4490
23.000000	98.941	178.3607
23.299999	98.949	178.2496
23.600000	98.958	178.1271
24.000000	98.967	177.9506
24.299999	98.972	177.8013
24.700001	98.975	177.6135
25.000000	98.975	177.4894
25.400000	98.976	177.3297
25.799999	98.978	177.1909
26.200001	98.983	177.0532
26.500000	98.987	176.9447
26.900000	98.992	176.7997
27.200001	98.996	176.6865
27.600000	99.001	176.5346
28.000000	99.005	176.3870
28.500000	99.009	176.1977
29.000000	99.012	176.0140
29.500000	99.014	175.8260
30.000000	99.015	175.6463
30.400000	99.016	175.5020
30.700001	99.017	175.3972
31.100000	99.017	175.2596
31.500000	99.018	175.1177
32.000000	99.018	174.9471
32.500000	99.020	174.7684
33.000000	99.021	174.5913
33.500000	99.022	174.4069
34.000000	99.022	174.2238
34.500000	99.022	174.0373
35.000000	99.021	173.8571
35.500000	99.020	173.6802
36.000000	99.019	173.5109
36.500000	99.018	173.3421
37.000000	99.017	173.1756
37.500000	99.016	173.0051
38.200001	99.014	172.7688
38.700001	99.012	172.6028
39.500000	99.008	172.3462
40.000000	99.006	172.1860
40.599998	99.003	171.9833
41.200001	98.999	171.7838
41.799999	98.995	171.5905
42.500000	98.990	171.3658
43.099998	98.986	171.1697
43.700001	98.980	170.9737
44.400002	98.973	170.7575
45.000000	98.968	170.5760
45.500000	98.963	170.4207
46.200001	98.955	170.2061
46.799999	98.948	170.0266
47.500000	98.940	169.8160
48.200001	98.932	169.6011
48.700001	98.926	169.4456
49.400002	98.915	169.2270
50.000000	98.903	169.0541
50.799999	98.889	168.8640
51.500000	98.883	168.7145
52.200001	98.881	168.5421
53.000000	98.879	168.3160
53.799999	98.874	168.0891
54.500000	98.870	167.8913
55.200001	98.865	167.6920
56.000000	98.858	167.4704
57.000000	98.851	167.1885
58.000000	98.840	166.8853
59.000000	98.825	166.6010
60.000000	98.812	166.3298
60.799999	98.800	166.1016
61.500000	98.788	165.9062
62.200001	98.777	165.7204
63.000000	98.764	165.5109
64.000000	98.748	165.2472
65.000000	98.733	164.9848
66.000000	98.717	164.7250
67.000000	98.701	164.4654
68.000000	98.684	164.2168
69.000000	98.668	163.9688
70.000000	98.651	163.7203
71.000000	98.633	163.4745
72.000000	98.615	163.2372
73.000000	98.598	162.9995
74.000000	98.581	162.7588
75.000000	98.563	162.5204
76.199997	98.541	162.2394
77.500000	98.518	161.9436
78.800003	98.494	161.6514
80.000000	98.472	161.3867
81.199997	98.450	161.1210
82.500000	98.424	160.8343
83.800003	98.397	160.5564
85.000000	98.373	160.3146
86.199997	98.351	160.0761
87.500000	98.327	159.8249
88.500000	98.310	159.6275
90.000000	98.282	159.3303
91.199997	98.260	159.0935
92.500000	98.235	158.8279
93.800003	98.210	158.5681
95.000000	98.186	158.3327
96.199997	98.164	158.0994
97.500000	98.139	157.8514
98.800003	98.114	157.6060
100.000000	98.090	157.3781
101.500000	98.060	157.1072
103.000000	98.028	156.8402
104.400002	98.000	156.5963
106.000000	97.967	156.3203
107.500000	97.936	156.0631
109.000000	97.906	155.8176
110.599998	97.875	155.5572
112.000000	97.848	155.3301
113.800003	97.814	155.0410
115.000000	97.790	154.8484
117.199997	97.747	154.4946
118.000000	97.731	154.3702
120.599998	97.679	153.9594
122.000000	97.651	153.7437
124.099998	97.609	153.4278
125.000000	97.591	153.2936
126.500000	97.561	153.0706
128.000000	97.531	152.8523
131.500000	97.459	152.3543
132.000000	97.449	152.2845
134.000000	97.408	152.0091
136.000000	97.367	151.7410
138.000000	97.326	151.4755
140.000000	97.285	151.2206
143.000000	97.225	150.8445
145.000000	97.185	150.6001
147.500000	97.134	150.3013
150.000000	97.084	150.0063
152.500000	97.033	149.7208
155.000000	96.981	149.4509
157.500000	96.931	149.2050
160.000000	96.881	148.9612
162.500000	96.831	148.7272
165.000000	96.781	148.5037
167.500000	96.732	148.3027
170.000000	96.685	148.1172
172.500000	96.641	147.9367
175.000000	96.598	147.7618
177.500000	96.557	147.5995
180.000000	96.520	147.4590
182.500000	96.489	147.3073
185.000000	96.463	147.1313
187.500000	96.439	146.9084
190.000000	96.411	146.6484
192.500000	96.379	146.3793
195.000000	96.343	146.1186
197.500000	96.305	145.8610
200.000000	96.265	145.6230
203.000000	96.215	145.3351
206.000000	96.165	145.0768
209.000000	96.116	144.8374
212.000000	96.067	144.6070
214.000000	96.035	144.4581
218.000000	95.971	144.1817
220.000000	95.939	144.0492
224.000000	95.877	143.7954
227.000000	95.832	143.6130
230.000000	95.787	143.4468
233.000000	95.744	143.2987
236.000000	95.703	143.1524
240.000000	95.651	142.9653
243.000000	95.617	142.8248
247.000000	95.573	142.6268
250.000000	95.542	142.4662
254.000000	95.499	142.2337
258.000000	95.456	141.9964
262.000000	95.412	141.7625
265.000000	95.378	141.5897
269.000000	95.332	141.3699
272.000000	95.299	141.2161
276.000000	95.256	141.0134
280.000000	95.214	140.8045
285.000000	95.160	140.5392
290.000000	95.106	140.2919
295.000000	95.053	140.0538
300.000000	95.000	139.8312
304.000000	94.958	139.6725
307.000000	94.927	139.5537
311.000000	94.887	139.4096
315.000000	94.847	139.2760
320.000000	94.800	139.1376
325.000000	94.759	139.0429
330.000000	94.728	138.9393
335.000000	94.702	138.7795
340.000000	94.673	138.5888
345.000000	94.642	138.4088
350.000000	94.612	138.2604
355.000000	94.588	138.1186
360.000000	94.567	137.9608
365.000000	94.551	137.7771
370.000000	94.535	137.5714
375.000000	94.520	137.3380
382.000000	94.497	136.9944
387.000000	94.479	136.7382
395.000000	94.446	136.3149
400.000000	94.424	136.0344
406.000000	94.396	135.7300
412.000000	94.368	135.4202
418.000000	94.339	135.1082
425.000000	94.303	134.7496
431.000000	94.271	134.4390
437.000000	94.235	134.1554
444.000000	94.192	133.8593
450.000000	94.156	133.6470
455.000000	94.128	133.4875
462.000000	94.097	133.2895
468.000000	94.076	133.1184
475.000000	94.057	132.9022
482.000000	94.041	132.6549
487.000000	94.029	132.4729
494.000000	94.012	132.2045
500.000000	93.998	131.9664
508.000000	93.979	131.6629
515.000000	93.964	131.3881
522.000000	93.949	131.1248
530.000000	93.933	130.8207
538.000000	93.919	130.5184
545.000000	93.909	130.2502
552.000000	93.901	129.9650
560.000000	93.892	129.6193
570.000000	93.882	129.1529
580.000000	93.873	128.6859
590.000000	93.863	128.2276
600.000000	93.849	127.7540
608.000000	93.834	127.3614
615.000000	93.820	127.0172
622.000000	93.806	126.6718
630.000000	93.788	126.2942
640.000000	93.764	125.8217
650.000000	93.739	125.3510
660.000000	93.713	124.8891
670.000000	93.686	124.4240
680.000000	93.658	123.9830
690.000000	93.629	123.5528
700.000000	93.598	123.1375
710.000000	93.565	122.7406
720.000000	93.532	122.3639
730.000000	93.501	122.0011
740.000000	93.469	121.6339
750.000000	93.436	121.2842
762.000000	93.394	120.9122
775.000000	93.348	120.5464
788.000000	93.300	120.2246
800.000000	93.257	119.9283
812.000000	93.217	119.6556
825.000000	93.176	119.4053
838.000000	93.136	119.1823
850.000000	93.103	118.9972
862.000000	93.071	118.8357
875.000000	93.039	118.6848
885.000000	93.017	118.5853
900.000000	92.988	118.4593
912.000000	92.967	118.3686
925.000000	92.948	118.2815
938.000000	92.933	118.2248
950.000000	92.923	118.1721
962.000000	92.919	118.1142
975.000000	92.917	118.0433
988.000000	92.916	117.9741
1000.000000	92.918	117.9303
1015.000000	92.922	117.8715
1030.000000	92.928	117.7971
1044.000000	92.936	117.7114
1060.000000	92.950	117.5894
1075.000000	92.967	117.4786
1090.000000	92.984	117.3409
1106.000000	93.002	117.1664
1120.000000	93.017	116.9994
1138.000000	93.035	116.7562
1150.000000	93.045	116.6100
1172.000000	93.061	116.2966
1180.000000	93.066	116.1800
1206.000000	93.076	115.7793
1220.000000	93.079	115.5685
1241.000000	93.076	115.2567
1250.000000	93.073	115.1361
1265.000000	93.067	114.9270
1280.000000	93.060	114.7208
1315.000000	93.028	114.2989
1320.000000	93.022	114.2503
1340.000000	92.994	114.0997
1360.000000	92.961	113.9624
1380.000000	92.927	113.8558
1400.000000	92.893	113.7889
1430.000000	92.840	113.7856
1450.000000	92.803	113.8334
1475.000000	92.758	113.9445
1500.000000	92.714	114.1165
1525.000000	92.672	114.3468
1550.000000	92.633	114.6472
1575.000000	92.597	114.9708
1600.000000	92.564	115.3747
1625.000000	92.535	115.8033
1650.000000	92.510	116.2877
1675.000000	92.490	116.8024
1700.000000	92.474	117.3578
1725.000000	92.464	117.9457
1750.000000	92.460	118.5716
1775.000000	92.460	119.2100
1800.000000	92.466	119.8811
1825.000000	92.478	120.5822
1850.000000	92.494	121.2820
1875.000000	92.516	122.0158
1900.000000	92.543	122.7596
1925.000000	92.576	123.5139
1950.000000	92.614	124.2837
1975.000000	92.658	125.0535
2000.000000	92.707	125.8269
2030.000000	92.774	126.7690
2060.000000	92.848	127.7119
2090.000000	92.929	128.6648
2120.000000	93.017	129.5925
2140.000000	93.081	130.2095
2180.000000	93.219	131.4390
2200.000000	93.294	132.0295
2240.000000	93.455	133.1865
2270.000000	93.581	134.0196
2300.000000	93.710	134.8480
2330.000000	93.846	135.6349
2360.000000	93.989	136.3541
2400.000000	94.188	137.2708
2430.000000	94.341	137.9136
2470.000000	94.549	138.6714
2500.000000	94.708	139.1583
2540.000000	94.921	139.7277
2580.000000	95.130	140.1840
2620.000000	95.335	140.5331
2650.000000	95.484	140.7310
2690.000000	95.675	140.9227
2720.000000	95.812	141.0048
2760.000000	95.987	141.0571
2800.000000	96.151	141.0481
2850.000000	96.340	140.9368
2900.000000	96.510	140.7313
2950.000000	96.658	140.4325
3000.000000	96.779	140.0649
3040.000000	96.854	139.7240
3070.000000	96.896	139.4543
3110.000000	96.931	139.0953
3150.000000	96.942	138.7575
3200.000000	96.923	138.4155
3250.000000	96.871	138.2304
3300.000000	96.788	138.2153
3350.000000	96.680	138.4257
3400.000000	96.558	138.9010
3450.000000	96.431	139.6188
3500.000000	96.304	140.5309
3550.000000	96.179	141.6281
3600.000000	96.053	142.8654
3650.000000	95.930	144.2737
3700.000000	95.811	145.8488
3750.000000	95.702	147.5745
3820.000000	95.575	150.2549
3870.000000	95.505	152.3061
3950.000000	95.435	155.8059
4000.000000	95.420	158.0800
4060.000000	95.430	160.8578
4120.000000	95.469	163.6491
4180.000000	95.532	166.4632
4250.000000	95.635	169.7866
4310.000000	95.753	172.7015
4370.000000	95.912	175.6561
4440.000000	96.159	178.9911
4500.000000	96.421	-178.3346
4550.000000	96.666	-176.3288
4620.000000	97.037	-173.9014
4680.000000	97.366	-172.2206
4750.000000	97.748	-170.7241
4820.000000	98.106	-169.7233
4870.000000	98.336	-169.2880
4940.000000	98.610	-168.9801
5000.000000	98.790	-168.9474
5080.000000	98.943	-169.0327
5150.000000	98.993	-169.1059
5220.000000	98.973	-169.0156
5300.000000	98.878	-168.5729
5380.000000	98.731	-167.6385
5450.000000	98.581	-166.4010
5520.000000	98.428	-164.7698
5600.000000	98.268	-162.4887
5700.000000	98.113	-159.1174
5800.000000	98.024	-155.3487
5900.000000	98.007	-151.3928
6000.000000	98.061	-147.3983
6080.000000	98.154	-144.2580
6150.000000	98.267	-141.6377
6220.000000	98.404	-139.1563
6300.000000	98.582	-136.5617
6400.000000	98.819	-133.6642
6500.000000	99.052	-131.1994
6600.000000	99.261	-129.0946
6700.000000	99.432	-127.2616
6800.000000	99.558	-125.5503
6900.000000	99.644	-123.8664
7000.000000	99.701	-122.0995
7100.000000	99.747	-120.2017
7200.000000	99.801	-118.1848
7300.000000	99.878	-116.1577
7400.000000	99.984	-114.2641
7500.000000	100.117	-112.5916
7620.000000	100.304	-111.0287
7750.000000	100.524	-110.1263
7880.000000	100.721	-110.3001
8000.000000	100.806	-111.6444
8120.000000	100.705	-113.8279
8250.000000	100.339	-116.5186
8380.000000	99.698	-118.9053
8500.000000	98.888	-120.1916
8620.000000	97.958	-120.1476
8750.000000	96.932	-118.7088
8850.000000	96.179	-116.9517
9000.000000	95.136	-113.8204
9120.000000	94.353	-111.3707
9250.000000	93.502	-109.0320
9380.000000	92.577	-107.0826
9500.000000	91.598	-105.3794
9620.000000	90.475	-103.2829
9750.000000	89.113	-100.1050
9880.000000	87.655	-95.6602
10000.000000	86.284	-90.3459
10150.000000	84.602	-82.4887
10300.000000	82.949	-73.6040
10440.000000	81.410	-64.1487
10600.000000	79.715	-51.6022
10750.000000	78.278	-38.3993
10900.000000	77.024	-24.5252
11060.000000	75.856	-9.3327
11200.000000	74.944	4.2285
11380.000000	73.916	22.2866
11500.000000	73.345	34.7469
11720.000000	72.563	57.5927
11800.000000	72.344	65.7602
12060.000000	71.790	92.2107
12200.000000	71.601	106.6772
12410.000000	71.505	128.6230
12500.000000	71.541	138.0988
12650.000000	71.716	153.8425
12800.000000	72.032	169.2865
13150.000000	73.209	-155.8249
13200.000000	73.437	-150.8362
13400.000000	74.581	-131.1193
13600.000000	76.122	-112.6862
13800.000000	78.015	-96.7851
14000.000000	80.114	-84.5795
14300.000000	83.085	-74.2037
14500.000000	84.652	-70.8483
14750.000000	86.175	-68.1677
15000.000000	87.303	-66.2311
15250.000000	88.143	-64.2238
15500.000000	88.859	-61.7119
15750.000000	89.736	-58.6999
16000.000000	91.172	-57.8627
16250.000000	92.680	-64.9464
16500.000000	92.695	-77.0703
16750.000000	92.144	-82.3058
17000.000000	92.260	-94.6872
17250.000000	91.267	-113.8701
17500.000000	88.693	-133.7884
17750.000000	84.396	-147.8792
18000.000000	78.890	-150.9954
18250.000000	72.991	-142.8907
18500.000000	67.436	-126.7297
18750.000000	62.617	-107.2491
19000.000000	58.421	-86.6997
19250.000000	54.611	-64.7686
19500.000000	51.117	-42.1344
19750.000000	47.960	-19.5040
20000.000000	45.809	1.9579
