20.000000	101.046	-167.2054
20.299999	101.066	-167.5682
20.600000	101.087	-167.9276
20.900000	101.108	-168.2933
21.200001	101.125	-168.6821
21.400000	101.135	-168.9470
21.799999	101.146	-169.4579
22.000000	101.149	-169.6959
22.400000	101.152	-170.1469
22.700001	101.155	-170.4460
23.000000	101.162	-170.7265
23.299999	101.171	-171.0186
23.600000	101.181	-171.3171
24.000000	101.194	-171.7235
24.299999	101.201	-172.0395
24.700001	101.208	-172.4398
25.000000	101.213	-172.7186
25.400000	101.222	-173.0884
25.799999	101.234	-173.4505
26.200001	101.246	-173.8240
26.500000	101.255	-174.1111
26.900000	101.265	-174.4875
27.200001	101.272	-174.7669
27.600000	101.282	-175.1352
28.000000	101.291	-175.5016
28.500000	101.300	-175.9718
29.000000	101.303	-176.4296
29.500000	101.303	-176.8631
30.000000	101.304	-177.2603
30.400000	101.306	-177.5730
30.700001	101.309	-177.8084
31.100000	101.311	-178.1284
31.500000	101.312	-178.4559
32.000000	101.311	-178.8492
32.500000	101.309	-179.2335
33.000000	101.308	-179.6067
33.500000	101.308	-179.9886
34.000000	101.306	179.6302
34.500000	101.303	179.2524
35.000000	101.299	178.8896
35.500000	101.297	178.5324
36.000000	101.294	178.1794
36.500000	101.291	177.8270
37.000000	101.287	177.4835
37.500000	101.283	177.1441
38.200001	101.278	176.6748
38.700001	101.274	176.3405
39.500000	101.265	175.8195
40.000000	101.259	175.5016
40.599998	101.252	175.1133
41.200001	101.242	174.7290
41.799999	101.231	174.3569
42.500000	101.218	173.9385
43.099998	101.208	173.5826
43.700001	101.196	173.2224
44.400002	101.182	172.8092
45.000000	101.169	172.4605
45.500000	101.158	172.1682
46.200001	101.141	171.7666
46.799999	101.126	171.4353
47.500000	101.111	171.0529
48.200001	101.095	170.6677
48.700001	101.082	170.4018
49.400002	101.066	170.0466
50.000000	101.055	169.7390
50.799999	101.038	169.3033
51.500000	101.016	168.9375
52.200001	100.995	168.6144
53.000000	100.976	168.2579
53.799999	100.956	167.8903
54.500000	100.937	167.5741
55.200001	100.920	167.2635
56.000000	100.900	166.8973
57.000000	100.873	166.4256
58.000000	100.846	165.9582
59.000000	100.819	165.4720
60.000000	100.788	164.9794
60.799999	100.762	164.6149
61.500000	100.740	164.3050
62.200001	100.719	163.9890
63.000000	100.693	163.6322
64.000000	100.658	163.2083
65.000000	100.625	162.7928
66.000000	100.589	162.3804
67.000000	100.551	161.9691
68.000000	100.512	161.5747
69.000000	100.474	161.1873
70.000000	100.436	160.7939
71.000000	100.396	160.3944
72.000000	100.353	160.0168
73.000000	100.313	159.6560
74.000000	100.273	159.2882
75.000000	100.232	158.9177
76.199997	100.179	158.4886
77.500000	100.123	158.0613
78.800003	100.068	157.6392
80.000000	100.017	157.2513
81.199997	99.965	156.8822
82.500000	99.910	156.4827
83.800003	99.854	156.0818
85.000000	99.802	155.7221
86.199997	99.751	155.3621
87.500000	99.694	154.9703
88.500000	99.648	154.6678
90.000000	99.576	154.2390
91.199997	99.518	153.9191
92.500000	99.457	153.5830
93.800003	99.396	153.2603
95.000000	99.342	152.9576
96.199997	99.286	152.6497
97.500000	99.223	152.3271
98.800003	99.159	152.0164
100.000000	99.099	151.7363
101.500000	99.024	151.4067
103.000000	98.948	151.0840
104.400002	98.878	150.7932
106.000000	98.798	150.4743
107.500000	98.722	150.1854
109.000000	98.647	149.9053
110.599998	98.565	149.6131
112.000000	98.493	149.3685
113.800003	98.401	149.0667
115.000000	98.339	148.8727
117.199997	98.225	148.5300
118.000000	98.183	148.4157
120.599998	98.047	148.0507
122.000000	97.972	147.8632
124.099998	97.859	147.6069
125.000000	97.811	147.5052
126.500000	97.732	147.3433
128.000000	97.654	147.1922
131.500000	97.470	146.8644
132.000000	97.444	146.8207
134.000000	97.337	146.6552
136.000000	97.230	146.5084
138.000000	97.123	146.3803
140.000000	97.016	146.2767
143.000000	96.856	146.1571
145.000000	96.750	146.1048
147.500000	96.620	146.0670
150.000000	96.494	146.0524
152.500000	96.368	146.0571
155.000000	96.241	146.0744
157.500000	96.117	146.1250
160.000000	95.996	146.2065
162.500000	95.878	146.3175
165.000000	95.765	146.4379
167.500000	95.655	146.5480
170.000000	95.547	146.6442
172.500000	95.437	146.7383
175.000000	95.325	146.8410
177.500000	95.212	146.9543
180.000000	95.098	147.0976
182.500000	94.984	147.2703
185.000000	94.873	147.4755
187.500000	94.762	147.6947
190.000000	94.653	147.9304
192.500000	94.544	148.1852
195.000000	94.438	148.4658
197.500000	94.334	148.7617
200.000000	94.231	149.0816
203.000000	94.109	149.4690
206.000000	93.989	149.8903
209.000000	93.872	150.3332
212.000000	93.757	150.8026
214.000000	93.682	151.1281
218.000000	93.535	151.8061
220.000000	93.464	152.1587
224.000000	93.328	152.8964
227.000000	93.230	153.4720
230.000000	93.136	154.0679
233.000000	93.045	154.6868
236.000000	92.959	155.3152
240.000000	92.852	156.1771
243.000000	92.776	156.8329
247.000000	92.680	157.7337
250.000000	92.612	158.4392
254.000000	92.527	159.3995
258.000000	92.451	160.3591
262.000000	92.386	161.3189
265.000000	92.342	162.0464
269.000000	92.289	163.0149
272.000000	92.254	163.7378
276.000000	92.212	164.6934
280.000000	92.175	165.6423
285.000000	92.137	166.8072
290.000000	92.105	167.9470
295.000000	92.078	169.0687
300.000000	92.056	170.1847
304.000000	92.043	171.0876
307.000000	92.034	171.7523
311.000000	92.025	172.6360
315.000000	92.018	173.5122
320.000000	92.015	174.6072
325.000000	92.016	175.7059
330.000000	92.021	176.7863
335.000000	92.030	177.8540
340.000000	92.042	178.9102
345.000000	92.058	179.9274
350.000000	92.078	-179.0842
355.000000	92.102	-178.1305
360.000000	92.128	-177.2109
365.000000	92.158	-176.3252
370.000000	92.190	-175.4727
375.000000	92.224	-174.6546
382.000000	92.275	-173.5587
387.000000	92.314	-172.8173
395.000000	92.381	-171.6826
400.000000	92.427	-171.0307
406.000000	92.483	-170.2466
412.000000	92.543	-169.4972
418.000000	92.606	-168.7780
425.000000	92.683	-167.9630
431.000000	92.753	-167.2921
437.000000	92.828	-166.6403
444.000000	92.921	-165.9383
450.000000	93.001	-165.3833
455.000000	93.067	-164.9557
462.000000	93.161	-164.3954
468.000000	93.243	-163.9504
475.000000	93.340	-163.4748
482.000000	93.437	-163.0511
487.000000	93.503	-162.7668
494.000000	93.596	-162.4119
500.000000	93.678	-162.1689
508.000000	93.788	-161.9025
515.000000	93.876	-161.7351
522.000000	93.956	-161.5977
530.000000	94.036	-161.4888
538.000000	94.106	-161.4136
545.000000	94.159	-161.3674
552.000000	94.207	-161.3246
560.000000	94.262	-161.2640
570.000000	94.324	-161.1835
580.000000	94.374	-161.0900
590.000000	94.416	-160.9655
600.000000	94.452	-160.8217
608.000000	94.477	-160.7180
615.000000	94.496	-160.6055
622.000000	94.514	-160.4697
630.000000	94.533	-160.2536
640.000000	94.562	-159.9460
650.000000	94.596	-159.6530
660.000000	94.629	-159.3356
670.000000	94.654	-159.0022
680.000000	94.672	-158.6189
690.000000	94.694	-158.2191
700.000000	94.730	-157.8109
710.000000	94.778	-157.4042
720.000000	94.829	-157.0731
730.000000	94.860	-156.8051
740.000000	94.879	-156.4846
750.000000	94.901	-156.1097
762.000000	94.936	-155.6057
775.000000	94.979	-155.0049
788.000000	95.027	-154.4154
800.000000	95.075	-153.8740
812.000000	95.125	-153.3228
825.000000	95.184	-152.7248
838.000000	95.243	-152.1346
850.000000	95.304	-151.5773
862.000000	95.370	-151.0143
875.000000	95.446	-150.4364
885.000000	95.505	-150.0139
900.000000	95.592	-149.3718
912.000000	95.661	-148.8596
925.000000	95.747	-148.2961
938.000000	95.844	-147.7416
950.000000	95.937	-147.2597
962.000000	96.033	-146.7831
975.000000	96.136	-146.2738
988.000000	96.240	-145.7942
1000.000000	96.342	-145.3771
1015.000000	96.478	-144.8920
1030.000000	96.613	-144.4495
1044.000000	96.741	-144.0639
1060.000000	96.890	-143.6690
1075.000000	97.033	-143.3447
1090.000000	97.181	-143.0452
1106.000000	97.338	-142.7792
1120.000000	97.471	-142.5823
1138.000000	97.640	-142.3828
1150.000000	97.754	-142.2658
1172.000000	97.965	-142.1469
1180.000000	98.044	-142.1096
1206.000000	98.307	-142.0734
1220.000000	98.449	-142.1053
1241.000000	98.645	-142.2002
1250.000000	98.721	-142.2372
1265.000000	98.844	-142.3411
1280.000000	98.966	-142.4869
1315.000000	99.262	-142.9156
1320.000000	99.305	-142.9875
1340.000000	99.474	-143.2967
1360.000000	99.638	-143.6630
1380.000000	99.784	-144.0312
1400.000000	99.919	-144.3873
1430.000000	100.122	-144.9584
1450.000000	100.268	-145.3623
1475.000000	100.454	-145.9090
1500.000000	100.634	-146.4890
1525.000000	100.806	-147.0744
1550.000000	100.964	-147.6899
1575.000000	101.113	-148.3236
1600.000000	101.257	-148.9827
1625.000000	101.400	-149.7482
1650.000000	101.534	-150.5526
1675.000000	101.659	-151.3822
1700.000000	101.781	-152.2221
1725.000000	101.904	-153.0909
1750.000000	102.023	-153.9623
1775.000000	102.137	-154.8687
1800.000000	102.243	-155.8149
1825.000000	102.344	-156.7980
1850.000000	102.439	-157.8287
1875.000000	102.525	-158.8694
1900.000000	102.601	-159.9255
1925.000000	102.667	-161.0021
1950.000000	102.725	-162.0969
1975.000000	102.775	-163.2120
2000.000000	102.814	-164.3468
2030.000000	102.847	-165.6902
2060.000000	102.873	-167.0236
2090.000000	102.889	-168.3827
2120.000000	102.894	-169.7427
2140.000000	102.890	-170.6207
2180.000000	102.863	-172.3732
2200.000000	102.841	-173.2451
2240.000000	102.779	-174.8877
2270.000000	102.715	-176.0807
2300.000000	102.641	-177.2059
2330.000000	102.556	-178.2735
2360.000000	102.463	-179.3027
2400.000000	102.333	179.4204
2430.000000	102.225	178.5186
2470.000000	102.074	177.4401
2500.000000	101.958	176.7385
2540.000000	101.802	175.8952
2580.000000	101.645	175.0951
2620.000000	101.491	174.3509
2650.000000	101.376	173.8295
2690.000000	101.225	173.2063
2720.000000	101.112	172.7883
2760.000000	100.962	172.2979
2800.000000	100.812	171.8562
2850.000000	100.628	171.3511
2900.000000	100.450	170.9003
2950.000000	100.279	170.4652
3000.000000	100.116	170.0615
3040.000000	99.991	169.7513
3070.000000	99.901	169.5236
3110.000000	99.786	169.2285
3150.000000	99.678	168.9385
3200.000000	99.553	168.5799
3250.000000	99.440	168.2256
3300.000000	99.338	167.8342
3350.000000	99.247	167.4152
3400.000000	99.164	166.9785
3450.000000	99.090	166.5128
3500.000000	99.022	166.0192
3550.000000	98.961	165.5504
3600.000000	98.908	165.1074
3650.000000	98.865	164.7489
3700.000000	98.840	164.5194
3750.000000	98.852	164.4930
3820.000000	99.013	164.8714
3870.000000	99.246	165.0336
3950.000000	99.647	164.4624
4000.000000	99.858	163.5146
4060.000000	100.087	161.8428
4120.000000	100.300	159.5708
4180.000000	100.474	156.7597
4250.000000	100.588	152.9178
4310.000000	100.602	149.1877
4370.000000	100.538	145.1846
4440.000000	100.361	140.2962
4500.000000	100.124	136.1307
4550.000000	99.878	132.6395
4620.000000	99.472	127.7419
4680.000000	99.067	123.7054
4750.000000	98.537	119.3182
4820.000000	97.968	115.1398
4870.000000	97.551	112.2153
4940.000000	96.963	108.1731
5000.000000	96.462	104.6709
5080.000000	95.804	99.9080
5150.000000	95.245	95.5336
5220.000000	94.708	90.8187
5300.000000	94.143	84.7813
5380.000000	93.659	77.8036
5450.000000	93.312	70.8260
5520.000000	93.044	63.0484
5600.000000	92.847	53.1659
5700.000000	92.790	39.5150
5800.000000	92.932	24.9716
5900.000000	93.218	10.2836
6000.000000	93.569	-3.7857
6080.000000	93.849	-14.2008
6150.000000	94.075	-22.5695
6220.000000	94.275	-30.1431
6300.000000	94.474	-37.8236
6400.000000	94.694	-45.9454
6500.000000	94.907	-52.5977
6600.000000	95.130	-57.9675
6700.000000	95.380	-62.2957
6800.000000	95.674	-65.7978
6900.000000	96.024	-68.7639
7000.000000	96.434	-71.4625
7100.000000	96.901	-74.1629
7200.000000	97.417	-77.1103
7300.000000	97.968	-80.6019
7400.000000	98.526	-85.0109
7500.000000	99.025	-90.8052
7620.000000	99.315	-100.0529
7750.000000	98.875	-111.5293
7880.000000	97.478	-120.6309
8000.000000	95.536	-122.8182
8120.000000	93.634	-115.2880
8250.000000	93.180	-97.2618
8380.000000	95.018	-84.2439
8500.000000	97.078	-84.4289
8620.000000	98.600	-91.2012
8750.000000	99.398	-102.2105
8850.000000	99.386	-110.9211
9000.000000	98.620	-121.6196
9120.000000	97.622	-126.6967
9250.000000	96.550	-128.9723
9380.000000	95.633	-129.2737
9500.000000	94.933	-128.5672
9620.000000	94.361	-127.2782
9750.000000	93.868	-125.5757
9880.000000	93.488	-123.8025
10000.000000	93.221	-122.2183
10150.000000	92.971	-120.5758
10300.000000	92.775	-119.4160
10440.000000	92.591	-118.7896
10600.000000	92.324	-118.3312
10750.000000	92.013	-117.6427
10900.000000	91.710	-116.4209
11060.000000	91.498	-114.8000
11200.000000	91.408	-113.8533
11380.000000	91.312	-113.7545
11500.000000	91.191	-114.2600
11720.000000	90.763	-115.7201
11800.000000	90.538	-116.2105
12060.000000	89.587	-116.8794
12200.000000	88.987	-116.3232
12410.000000	88.061	-114.2110
12500.000000	87.676	-112.8432
12650.000000	87.069	-110.0522
12800.000000	86.520	-106.7572
13150.000000	85.523	-97.5303
13200.000000	85.416	-96.0895
13400.000000	85.083	-90.1739
13600.000000	84.905	-84.1083
13800.000000	84.890	-78.0959
14000.000000	85.043	-72.3177
14300.000000	85.609	-64.6399
14500.000000	86.233	-60.6857
14750.000000	87.264	-58.3013
15000.000000	88.362	-60.2051
15250.000000	89.027	-66.9849
15500.000000	88.681	-75.8173
15750.000000	87.256	-80.2949
16000.000000	85.726	-75.2231
16250.000000	85.560	-65.0208
16500.000000	86.683	-60.3307
16750.000000	87.851	-64.0095
17000.000000	88.245	-72.8807
17250.000000	87.675	-82.1718
17500.000000	86.436	-88.6798
17750.000000	84.927	-91.8548
18000.000000	83.374	-92.2440
18250.000000	81.820	-90.6524
18500.000000	80.165	-86.5140
18750.000000	78.562	-76.0408
19000.000000	78.504	-57.9505
19250.000000	80.024	-49.5106
19500.000000	80.846	-51.8021
19750.000000	80.764	-53.9689
20000.000000	80.533	-51.3270
