20.000000	105.385	157.3409
20.299999	105.356	156.9987
20.600000	105.326	156.6658
20.900000	105.295	156.3428
21.200001	105.264	156.0154
21.400000	105.244	155.7982
21.799999	105.202	155.3786
22.000000	105.181	155.1744
22.400000	105.140	154.7528
22.700001	105.109	154.4442
23.000000	105.079	154.1394
23.299999	105.048	153.8213
23.600000	105.017	153.5068
24.000000	104.975	153.0979
24.299999	104.943	152.7870
24.700001	104.900	152.3886
25.000000	104.867	152.1031
25.400000	104.826	151.7180
25.799999	104.785	151.3433
26.200001	104.744	150.9655
26.500000	104.714	150.6785
26.900000	104.672	150.3028
27.200001	104.640	150.0224
27.600000	104.598	149.6545
28.000000	104.555	149.2954
28.500000	104.502	148.8444
29.000000	104.448	148.4009
29.500000	104.394	147.9603
30.000000	104.340	147.5268
30.400000	104.296	147.1694
30.700001	104.263	146.9025
31.100000	104.217	146.5504
31.500000	104.170	146.2049
32.000000	104.112	145.8008
32.500000	104.057	145.4135
33.000000	104.004	145.0426
33.500000	103.952	144.6713
34.000000	103.901	144.3115
34.500000	103.852	143.9550
35.000000	103.804	143.5940
35.500000	103.754	143.2119
36.000000	103.699	142.8231
36.500000	103.638	142.4504
37.000000	103.573	142.1186
37.500000	103.508	141.8200
38.200001	103.422	141.4264
38.700001	103.362	141.1461
39.500000	103.265	140.7318
40.000000	103.209	140.5088
40.599998	103.153	140.2455
41.200001	103.105	139.9559
41.799999	103.058	139.6367
42.500000	103.004	139.2733
43.099998	102.961	138.9783
43.700001	102.921	138.6608
44.400002	102.867	138.2633
45.000000	102.810	137.9704
45.500000	102.761	137.7922
46.200001	102.704	137.5944
46.799999	102.663	137.3931
47.500000	102.617	137.0979
48.200001	102.571	136.7558
48.700001	102.538	136.4756
49.400002	102.489	136.0524
50.000000	102.445	135.6958
50.799999	102.392	135.1906
51.500000	102.342	134.6946
52.200001	102.282	134.2643
53.000000	102.225	133.8774
53.799999	102.167	133.4929
54.500000	102.104	133.3443
55.200001	102.081	133.3582
56.000000	102.105	132.9784
57.000000	102.022	131.7805
58.000000	101.816	131.2136
59.000000	101.677	131.0692
60.000000	101.563	130.6285
60.799999	101.467	130.2377
61.500000	101.392	129.8986
62.200001	101.324	129.5400
63.000000	101.252	129.1276
64.000000	101.170	128.6751
65.000000	101.102	128.2795
66.000000	101.030	127.8949
67.000000	100.955	127.5805
68.000000	100.882	127.2485
69.000000	100.798	126.9062
70.000000	100.720	126.5858
71.000000	100.646	126.1976
72.000000	100.570	125.8022
73.000000	100.499	125.4334
74.000000	100.430	125.0657
75.000000	100.360	124.7426
76.199997	100.279	124.3970
77.500000	100.190	124.0549
78.800003	100.101	123.6721
80.000000	100.007	123.3329
81.199997	99.913	123.0339
82.500000	99.811	122.7082
83.800003	99.711	122.4111
85.000000	99.624	122.1594
86.199997	99.543	121.9141
87.500000	99.458	121.6454
88.500000	99.395	121.4555
90.000000	99.304	121.2011
91.199997	99.233	121.0255
92.500000	99.162	120.8592
93.800003	99.097	120.6904
95.000000	99.044	120.5159
96.199997	98.995	120.2964
97.500000	98.946	120.0083
98.800003	98.898	119.6803
100.000000	98.851	119.3412
101.500000	98.785	118.8864
103.000000	98.711	118.4534
104.400002	98.639	118.0528
106.000000	98.553	117.6080
107.500000	98.470	117.2142
109.000000	98.388	116.8446
110.599998	98.303	116.4636
112.000000	98.227	116.1362
113.800003	98.130	115.7248
115.000000	98.065	115.4602
117.199997	97.946	115.0031
118.000000	97.904	114.8459
120.599998	97.767	114.3477
122.000000	97.693	114.0917
124.099998	97.584	113.7320
125.000000	97.540	113.5813
126.500000	97.470	113.3394
128.000000	97.404	113.1129
131.500000	97.262	112.6672
132.000000	97.243	112.6116
134.000000	97.167	112.4059
136.000000	97.091	112.2326
138.000000	97.018	112.1190
140.000000	96.955	112.0378
143.000000	96.880	112.0063
145.000000	96.848	112.0069
147.500000	96.832	111.9677
150.000000	96.838	111.7921
152.500000	96.854	111.4112
155.000000	96.861	110.8490
157.500000	96.850	110.1998
160.000000	96.822	109.5135
162.500000	96.773	108.8282
165.000000	96.711	108.1724
167.500000	96.640	107.5515
170.000000	96.564	106.9728
172.500000	96.485	106.4366
175.000000	96.408	105.9359
177.500000	96.331	105.4672
180.000000	96.256	105.0307
182.500000	96.182	104.6046
185.000000	96.111	104.1991
187.500000	96.043	103.8114
190.000000	95.976	103.4389
192.500000	95.912	103.0860
195.000000	95.851	102.7466
197.500000	95.794	102.4161
200.000000	95.740	102.0948
203.000000	95.684	101.7276
206.000000	95.636	101.3556
209.000000	95.593	100.9617
212.000000	95.553	100.5421
214.000000	95.529	100.2538
218.000000	95.480	99.6490
220.000000	95.454	99.3366
224.000000	95.402	98.7065
227.000000	95.361	98.2327
230.000000	95.320	97.7597
233.000000	95.279	97.2989
236.000000	95.237	96.8515
240.000000	95.184	96.2709
243.000000	95.146	95.8516
247.000000	95.097	95.2939
250.000000	95.062	94.8658
254.000000	95.014	94.2949
258.000000	94.964	93.7194
262.000000	94.913	93.1376
265.000000	94.875	92.6996
269.000000	94.826	92.1280
272.000000	94.790	91.7062
276.000000	94.743	91.1395
280.000000	94.696	90.5870
285.000000	94.639	89.9055
290.000000	94.585	89.2311
295.000000	94.534	88.5701
300.000000	94.485	87.9102
304.000000	94.448	87.3756
307.000000	94.421	86.9785
311.000000	94.387	86.4527
315.000000	94.357	85.9288
320.000000	94.327	85.2762
325.000000	94.303	84.6295
330.000000	94.281	83.9923
335.000000	94.259	83.3530
340.000000	94.239	82.7136
345.000000	94.220	82.0789
350.000000	94.204	81.4563
355.000000	94.187	80.8293
360.000000	94.172	80.2019
365.000000	94.156	79.5879
370.000000	94.142	78.9731
375.000000	94.130	78.3602
382.000000	94.113	77.5078
387.000000	94.102	76.8972
395.000000	94.086	75.9346
400.000000	94.076	75.3303
406.000000	94.063	74.6104
412.000000	94.052	73.9009
418.000000	94.041	73.1828
425.000000	94.029	72.3693
431.000000	94.017	71.6741
437.000000	94.005	70.9958
444.000000	93.992	70.2071
450.000000	93.982	69.5396
455.000000	93.974	68.9950
462.000000	93.965	68.2382
468.000000	93.957	67.6023
475.000000	93.947	66.8669
482.000000	93.938	66.1326
487.000000	93.932	65.6213
494.000000	93.924	64.9073
500.000000	93.919	64.3043
508.000000	93.914	63.5240
515.000000	93.913	62.8517
522.000000	93.912	62.1953
530.000000	93.912	61.4531
538.000000	93.914	60.7341
545.000000	93.916	60.1093
552.000000	93.920	59.4877
560.000000	93.924	58.7936
570.000000	93.930	57.9343
580.000000	93.936	57.0885
590.000000	93.944	56.2723
600.000000	93.954	55.4678
608.000000	93.961	54.8300
615.000000	93.968	54.2944
622.000000	93.977	53.7473
630.000000	93.989	53.1506
640.000000	94.009	52.4087
650.000000	94.034	51.6932
660.000000	94.059	50.9919
670.000000	94.086	50.3110
680.000000	94.112	49.6444
690.000000	94.140	48.9949
700.000000	94.169	48.3647
710.000000	94.198	47.7453
720.000000	94.229	47.1368
730.000000	94.261	46.5419
740.000000	94.294	45.9698
750.000000	94.328	45.4144
762.000000	94.370	44.7711
775.000000	94.419	44.0882
788.000000	94.469	43.4318
800.000000	94.514	42.8397
812.000000	94.556	42.2619
825.000000	94.600	41.6652
838.000000	94.647	41.0729
850.000000	94.692	40.5385
862.000000	94.741	40.0157
875.000000	94.797	39.4671
885.000000	94.843	39.0506
900.000000	94.916	38.4240
912.000000	94.977	37.9279
925.000000	95.047	37.3913
938.000000	95.120	36.8645
950.000000	95.190	36.3660
962.000000	95.263	35.8676
975.000000	95.344	35.3223
988.000000	95.425	34.7754
1000.000000	95.493	34.2559
1015.000000	95.562	33.6049
1030.000000	95.623	32.9438
1044.000000	95.681	32.3225
1060.000000	95.750	31.5896
1075.000000	95.819	30.8890
1090.000000	95.890	30.1788
1106.000000	95.969	29.4171
1120.000000	96.042	28.7295
1138.000000	96.139	27.7964
1150.000000	96.206	27.1753
1172.000000	96.332	25.9474
1180.000000	96.378	25.4802
1206.000000	96.526	23.8983
1220.000000	96.603	23.0037
1241.000000	96.720	21.6227
1250.000000	96.773	21.0194
1265.000000	96.867	19.9777
1280.000000	96.964	18.9355
1315.000000	97.176	16.4775
1320.000000	97.204	16.1266
1340.000000	97.313	14.7344
1360.000000	97.415	13.3440
1380.000000	97.510	11.9767
1400.000000	97.599	10.6351
1430.000000	97.722	8.7043
1450.000000	97.799	7.4623
1475.000000	97.890	5.9991
1500.000000	97.983	4.6797
1525.000000	98.092	3.5204
1550.000000	98.237	2.4536
1575.000000	98.424	1.2542
1600.000000	98.637	-0.1835
1625.000000	98.842	-1.9338
1650.000000	99.019	-3.8517
1675.000000	99.166	-5.7932
1700.000000	99.292	-7.7009
1725.000000	99.406	-9.5489
1750.000000	99.515	-11.3239
1775.000000	99.622	-13.0746
1800.000000	99.727	-14.7820
1825.000000	99.831	-16.4725
1850.000000	99.935	-18.1573
1875.000000	100.039	-19.8303
1900.000000	100.144	-21.5212
1925.000000	100.249	-23.2096
1950.000000	100.352	-24.9067
1975.000000	100.455	-26.6292
2000.000000	100.556	-28.3621
2030.000000	100.677	-30.4584
2060.000000	100.795	-32.5792
2090.000000	100.909	-34.7102
2120.000000	101.018	-36.8782
2140.000000	101.088	-38.3352
2180.000000	101.219	-41.2524
2200.000000	101.281	-42.7354
2240.000000	101.396	-45.6984
2270.000000	101.474	-47.9266
2300.000000	101.547	-50.1482
2330.000000	101.615	-52.3955
2360.000000	101.678	-54.6495
2400.000000	101.750	-57.6671
2430.000000	101.796	-59.9368
2470.000000	101.845	-62.9849
2500.000000	101.873	-65.2572
2540.000000	101.896	-68.2747
2580.000000	101.905	-71.2798
2620.000000	101.900	-74.2418
2650.000000	101.887	-76.4390
2690.000000	101.859	-79.3359
2720.000000	101.830	-81.4668
2760.000000	101.782	-84.2374
2800.000000	101.724	-86.9521
2850.000000	101.641	-90.2388
2900.000000	101.550	-93.3881
2950.000000	101.453	-96.4462
3000.000000	101.352	-99.3740
3040.000000	101.270	-101.6514
3070.000000	101.209	-103.3215
3110.000000	101.128	-105.4969
3150.000000	101.053	-107.6018
3200.000000	100.968	-110.1646
3250.000000	100.892	-112.6417
3300.000000	100.823	-115.0685
3350.000000	100.761	-117.4385
3400.000000	100.709	-119.7836
3450.000000	100.665	-122.1239
3500.000000	100.627	-124.5098
3550.000000	100.591	-126.9263
3600.000000	100.554	-129.4105
3650.000000	100.512	-131.9430
3700.000000	100.462	-134.5327
3750.000000	100.400	-137.1822
3820.000000	100.284	-140.9872
3870.000000	100.171	-143.7515
3950.000000	99.910	-148.1564
4000.000000	99.678	-150.7702
4060.000000	99.319	-153.4869
4120.000000	98.906	-155.4454
4180.000000	98.511	-156.4756
4250.000000	98.187	-156.6975
4310.000000	98.079	-156.7050
4370.000000	98.101	-157.1729
4440.000000	98.195	-158.5941
4500.000000	98.266	-160.4661
4550.000000	98.294	-162.3226
4620.000000	98.276	-165.1240
4680.000000	98.212	-167.5430
4750.000000	98.093	-170.2479
4820.000000	97.945	-172.7139
4870.000000	97.831	-174.3171
4940.000000	97.675	-176.3459
5000.000000	97.555	-177.9075
5080.000000	97.430	-179.8201
5150.000000	97.356	178.5842
5220.000000	97.311	176.9452
5300.000000	97.286	174.9530
5380.000000	97.271	172.7374
5450.000000	97.251	170.6488
5520.000000	97.214	168.4830
5600.000000	97.143	165.9521
5700.000000	97.011	162.8905
5800.000000	96.846	160.1240
5900.000000	96.669	157.7013
6000.000000	96.502	155.6345
6080.000000	96.385	154.2371
6150.000000	96.302	153.1561
6220.000000	96.238	152.1986
6300.000000	96.187	151.2112
6400.000000	96.157	150.1452
6500.000000	96.175	149.1678
6600.000000	96.253	148.2632
6700.000000	96.394	147.3587
6800.000000	96.604	146.4108
6900.000000	96.889	145.3191
7000.000000	97.252	143.9617
7100.000000	97.683	142.1723
7200.000000	98.156	139.8662
7300.000000	98.659	137.2490
7400.000000	99.244	134.3586
7500.000000	99.942	130.7299
7620.000000	100.856	124.6177
7750.000000	101.780	115.4285
7880.000000	102.446	103.8181
8000.000000	102.686	91.7286
8120.000000	102.513	79.4898
8250.000000	101.915	67.3817
8380.000000	101.046	57.3444
8500.000000	100.152	49.9736
8620.000000	99.271	44.1273
8750.000000	98.384	39.0641
8850.000000	97.759	35.9339
9000.000000	96.986	32.0455
9120.000000	96.501	28.9361
9250.000000	96.044	25.3561
9380.000000	95.627	21.5131
9500.000000	95.246	17.6813
9620.000000	94.838	13.5840
9750.000000	94.333	8.9758
9880.000000	93.740	4.4576
10000.000000	93.111	0.6095
10150.000000	92.233	-3.4213
10300.000000	91.298	-6.2689
10440.000000	90.429	-7.7567
10600.000000	89.510	-8.0891
10750.000000	88.777	-7.3042
10900.000000	88.210	-5.7528
11060.000000	87.809	-3.6858
11200.000000	87.633	-1.8217
11380.000000	87.622	0.1849
11500.000000	87.726	1.1250
11720.000000	88.079	1.6451
11800.000000	88.241	1.4630
12060.000000	88.812	-0.4956
12200.000000	89.117	-2.2225
12410.000000	89.552	-5.4293
12500.000000	89.728	-6.9744
12650.000000	90.006	-9.6552
12800.000000	90.274	-12.4166
13150.000000	90.949	-18.7354
13200.000000	91.061	-19.6446
13400.000000	91.572	-23.3279
13600.000000	92.209	-27.3604
13800.000000	92.995	-32.1231
14000.000000	93.937	-38.0905
14300.000000	95.543	-50.8893
14500.000000	96.550	-62.8613
14750.000000	97.323	-81.6514
15000.000000	97.227	-101.9677
15250.000000	96.405	-120.2087
15500.000000	95.304	-135.7168
15750.000000	94.030	-149.8662
16000.000000	92.433	-161.4824
16250.000000	90.854	-168.5867
16500.000000	89.726	-172.2917
16750.000000	89.122	-174.8860
17000.000000	88.959	-177.7549
17250.000000	89.159	178.2927
17500.000000	89.664	172.5952
17750.000000	90.375	164.1260
18000.000000	91.062	152.3904
18250.000000	91.437	137.9299
18500.000000	91.544	122.5095
18750.000000	91.470	104.6720
19000.000000	90.495	85.1292
19250.000000	88.582	69.8438
19500.000000	86.618	59.8225
19750.000000	85.300	51.2827
20000.000000	84.647	43.2838
