20.000000	105.135	159.1571
20.299999	105.109	158.8447
20.600000	105.085	158.5394
20.900000	105.061	158.2387
21.200001	105.037	157.9268
21.400000	105.021	157.7159
21.799999	104.989	157.3008
22.000000	104.973	157.0959
22.400000	104.940	156.6699
22.700001	104.915	156.3568
23.000000	104.891	156.0466
23.299999	104.866	155.7216
23.600000	104.841	155.3974
24.000000	104.805	154.9701
24.299999	104.778	154.6424
24.700001	104.739	154.2213
25.000000	104.710	153.9216
25.400000	104.670	153.5241
25.799999	104.631	153.1448
26.200001	104.593	152.7679
26.500000	104.565	152.4838
26.900000	104.526	152.1133
27.200001	104.497	151.8377
27.600000	104.457	151.4767
28.000000	104.418	151.1246
28.500000	104.370	150.6812
29.000000	104.320	150.2450
29.500000	104.270	149.8152
30.000000	104.220	149.3979
30.400000	104.181	149.0558
30.700001	104.152	148.7988
31.100000	104.112	148.4547
31.500000	104.072	148.1093
32.000000	104.021	147.6961
32.500000	103.971	147.2952
33.000000	103.924	146.9091
33.500000	103.878	146.5166
34.000000	103.831	146.1272
34.500000	103.783	145.7437
35.000000	103.734	145.3775
35.500000	103.686	145.0192
36.000000	103.639	144.6640
36.500000	103.591	144.3012
37.000000	103.540	143.9375
37.500000	103.487	143.5784
38.200001	103.412	143.1042
38.700001	103.360	142.7758
39.500000	103.282	142.2313
40.000000	103.233	141.8741
40.599998	103.172	141.4417
41.200001	103.109	141.0324
41.799999	103.048	140.6468
42.500000	102.976	140.2264
43.099998	102.916	139.8976
43.700001	102.857	139.5865
44.400002	102.785	139.2345
45.000000	102.717	138.9584
45.500000	102.657	138.7590
46.200001	102.570	138.5283
46.799999	102.491	138.3852
47.500000	102.402	138.3193
48.200001	102.332	138.3077
48.700001	102.291	138.2705
49.400002	102.235	138.2167
50.000000	102.197	138.2550
50.799999	102.194	138.3004
51.500000	102.225	138.0756
52.200001	102.249	137.5981
53.000000	102.256	136.9128
53.799999	102.230	136.1960
54.500000	102.184	135.7447
55.200001	102.160	135.4423
56.000000	102.159	134.8089
57.000000	102.061	133.6178
58.000000	101.879	133.0269
59.000000	101.758	132.7495
60.000000	101.656	132.2361
60.799999	101.569	131.7918
61.500000	101.495	131.4133
62.200001	101.423	131.0663
63.000000	101.352	130.7163
64.000000	101.280	130.2729
65.000000	101.211	129.8180
66.000000	101.137	129.3949
67.000000	101.061	129.0255
68.000000	100.986	128.6674
69.000000	100.907	128.2955
70.000000	100.830	127.9425
71.000000	100.760	127.5788
72.000000	100.690	127.1686
73.000000	100.614	126.7640
74.000000	100.539	126.4166
75.000000	100.469	126.0837
76.199997	100.386	125.6735
77.500000	100.298	125.2673
78.800003	100.215	124.8013
80.000000	100.126	124.4048
81.199997	100.042	124.0919
82.500000	99.957	123.7265
83.800003	99.868	123.3412
85.000000	99.784	122.9977
86.199997	99.701	122.6629
87.500000	99.614	122.2887
88.500000	99.547	122.0099
90.000000	99.451	121.6052
91.199997	99.373	121.2780
92.500000	99.286	120.9521
93.800003	99.199	120.6418
95.000000	99.118	120.3766
96.199997	99.039	120.1099
97.500000	98.953	119.8188
98.800003	98.863	119.5591
100.000000	98.777	119.3854
101.500000	98.675	119.2839
103.000000	98.594	119.2802
104.400002	98.544	119.2342
106.000000	98.505	118.9958
107.500000	98.463	118.5938
109.000000	98.407	118.1225
110.599998	98.332	117.6166
112.000000	98.260	117.2145
113.800003	98.162	116.7578
115.000000	98.097	116.4829
117.199997	97.976	116.0198
118.000000	97.933	115.8619
120.599998	97.792	115.3544
122.000000	97.715	115.0897
124.099998	97.604	114.7343
125.000000	97.558	114.5924
126.500000	97.488	114.3761
128.000000	97.422	114.1884
131.500000	97.279	113.8571
132.000000	97.260	113.8206
134.000000	97.186	113.6991
136.000000	97.121	113.6089
138.000000	97.066	113.5513
140.000000	97.022	113.5145
143.000000	96.983	113.4711
145.000000	96.979	113.3720
147.500000	96.993	113.0682
150.000000	97.007	112.5447
152.500000	96.999	111.8500
155.000000	96.963	111.1192
157.500000	96.908	110.4620
160.000000	96.845	109.8881
162.500000	96.778	109.3635
165.000000	96.707	108.8429
167.500000	96.634	108.3190
170.000000	96.557	107.8106
172.500000	96.477	107.3470
175.000000	96.400	106.9281
177.500000	96.328	106.5393
180.000000	96.262	106.1759
182.500000	96.201	105.8033
185.000000	96.141	105.4150
187.500000	96.082	105.0113
190.000000	96.022	104.6104
192.500000	95.964	104.2255
195.000000	95.907	103.8499
197.500000	95.851	103.4823
200.000000	95.798	103.1234
203.000000	95.742	102.7161
206.000000	95.691	102.3067
209.000000	95.646	101.8800
212.000000	95.603	101.4250
214.000000	95.575	101.1129
218.000000	95.515	100.4757
220.000000	95.484	100.1604
224.000000	95.421	99.5525
227.000000	95.374	99.1148
230.000000	95.329	98.6870
233.000000	95.286	98.2616
236.000000	95.245	97.8348
240.000000	95.193	97.2733
243.000000	95.155	96.8680
247.000000	95.105	96.3309
250.000000	95.070	95.9180
254.000000	95.022	95.3662
258.000000	94.974	94.7984
262.000000	94.924	94.2249
265.000000	94.885	93.7940
269.000000	94.834	93.2273
272.000000	94.797	92.8070
276.000000	94.749	92.2492
280.000000	94.701	91.7041
285.000000	94.644	91.0308
290.000000	94.589	90.3586
295.000000	94.537	89.6972
300.000000	94.487	89.0357
304.000000	94.447	88.5078
307.000000	94.419	88.1192
311.000000	94.384	87.6066
315.000000	94.353	87.0997
320.000000	94.321	86.4651
325.000000	94.294	85.8284
330.000000	94.269	85.1972
335.000000	94.247	84.5721
340.000000	94.226	83.9550
345.000000	94.206	83.3370
350.000000	94.187	82.7239
355.000000	94.171	82.1061
360.000000	94.154	81.4920
365.000000	94.138	80.8878
370.000000	94.123	80.2787
375.000000	94.107	79.6777
382.000000	94.088	78.8514
387.000000	94.076	78.2553
395.000000	94.057	77.3158
400.000000	94.045	76.7336
406.000000	94.032	76.0456
412.000000	94.020	75.3700
418.000000	94.009	74.6921
425.000000	93.996	73.9145
431.000000	93.987	73.2427
437.000000	93.978	72.5832
444.000000	93.969	71.8231
450.000000	93.961	71.1828
455.000000	93.955	70.6533
462.000000	93.948	69.9062
468.000000	93.942	69.2824
475.000000	93.936	68.5625
482.000000	93.932	67.8436
487.000000	93.929	67.3408
494.000000	93.925	66.6412
500.000000	93.923	66.0478
508.000000	93.924	65.2717
515.000000	93.926	64.5912
522.000000	93.930	63.9239
530.000000	93.933	63.1758
538.000000	93.937	62.4481
545.000000	93.942	61.8099
552.000000	93.947	61.1781
560.000000	93.953	60.4725
570.000000	93.960	59.6024
580.000000	93.970	58.7516
590.000000	93.979	57.9271
600.000000	93.989	57.1103
608.000000	93.999	56.4672
615.000000	94.008	55.9263
622.000000	94.018	55.3741
630.000000	94.032	54.7719
640.000000	94.054	54.0276
650.000000	94.080	53.3083
660.000000	94.107	52.5921
670.000000	94.135	51.8964
680.000000	94.163	51.2217
690.000000	94.192	50.5642
700.000000	94.223	49.9272
710.000000	94.254	49.3023
720.000000	94.286	48.6914
730.000000	94.321	48.0933
740.000000	94.356	47.5168
750.000000	94.392	46.9517
762.000000	94.436	46.2946
775.000000	94.487	45.6038
788.000000	94.539	44.9380
800.000000	94.586	44.3464
812.000000	94.629	43.7679
825.000000	94.676	43.1674
838.000000	94.725	42.5701
850.000000	94.772	42.0390
862.000000	94.824	41.5196
875.000000	94.883	40.9747
885.000000	94.930	40.5628
900.000000	95.005	39.9527
912.000000	95.069	39.4701
925.000000	95.142	38.9433
938.000000	95.219	38.4338
950.000000	95.292	37.9591
962.000000	95.368	37.4887
975.000000	95.455	36.9797
988.000000	95.542	36.4722
1000.000000	95.616	35.9924
1015.000000	95.697	35.3908
1030.000000	95.773	34.7748
1044.000000	95.847	34.1893
1060.000000	95.938	33.4856
1075.000000	96.029	32.7860
1090.000000	96.124	32.0495
1106.000000	96.229	31.2305
1120.000000	96.322	30.4664
1138.000000	96.442	29.4058
1150.000000	96.522	28.6883
1172.000000	96.665	27.2766
1180.000000	96.715	26.7454
1206.000000	96.874	24.9692
1220.000000	96.955	23.9789
1241.000000	97.075	22.4740
1250.000000	97.129	21.8231
1265.000000	97.226	20.7098
1280.000000	97.327	19.6060
1315.000000	97.550	17.0098
1320.000000	97.581	16.6378
1340.000000	97.698	15.1598
1360.000000	97.810	13.6810
1380.000000	97.916	12.2159
1400.000000	98.018	10.7692
1430.000000	98.167	8.6415
1450.000000	98.264	7.2133
1475.000000	98.380	5.4534
1500.000000	98.490	3.7456
1525.000000	98.593	2.0557
1550.000000	98.694	0.4057
1575.000000	98.793	-1.2496
1600.000000	98.891	-2.8439
1625.000000	98.992	-4.4174
1650.000000	99.094	-5.9231
1675.000000	99.200	-7.3560
1700.000000	99.315	-8.7316
1725.000000	99.446	-10.0649
1750.000000	99.600	-11.4108
1775.000000	99.771	-12.8994
1800.000000	99.946	-14.5507
1825.000000	100.109	-16.3564
1850.000000	100.255	-18.2478
1875.000000	100.384	-20.1481
1900.000000	100.502	-22.0471
1925.000000	100.612	-23.9128
1950.000000	100.716	-25.7555
1975.000000	100.817	-27.5915
2000.000000	100.917	-29.4113
2030.000000	101.035	-31.5857
2060.000000	101.150	-33.7576
2090.000000	101.263	-35.9108
2120.000000	101.374	-38.0764
2140.000000	101.447	-39.5198
2180.000000	101.590	-42.3785
2200.000000	101.661	-43.8148
2240.000000	101.811	-46.6549
2270.000000	101.938	-48.8089
2300.000000	102.079	-51.0663
2330.000000	102.224	-53.5653
2360.000000	102.349	-56.3236
2400.000000	102.449	-60.2150
2430.000000	102.472	-63.0815
2470.000000	102.460	-66.6763
2500.000000	102.438	-69.1744
2540.000000	102.407	-72.3316
2580.000000	102.379	-75.3934
2620.000000	102.351	-78.4053
2650.000000	102.328	-80.6553
2690.000000	102.288	-83.6489
2720.000000	102.251	-85.8686
2760.000000	102.192	-88.7716
2800.000000	102.122	-91.6279
2850.000000	102.021	-95.0938
2900.000000	101.909	-98.4160
2950.000000	101.788	-101.6421
3000.000000	101.662	-104.7241
3040.000000	101.559	-107.1162
3070.000000	101.481	-108.8688
3110.000000	101.379	-111.1520
3150.000000	101.280	-113.3668
3200.000000	101.166	-116.0740
3250.000000	101.057	-118.7065
3300.000000	100.949	-121.2986
3350.000000	100.841	-123.8408
3400.000000	100.730	-126.3523
3450.000000	100.614	-128.8252
3500.000000	100.489	-131.2819
3550.000000	100.352	-133.6832
3600.000000	100.197	-136.0358
3650.000000	100.018	-138.2715
3700.000000	99.812	-140.3105
3750.000000	99.580	-142.0211
3820.000000	99.249	-143.5621
3870.000000	99.060	-143.9235
3950.000000	98.972	-143.6371
4000.000000	99.080	-143.5779
4060.000000	99.320	-144.2894
4120.000000	99.596	-146.0232
4180.000000	99.841	-148.6185
4250.000000	100.045	-152.3135
4310.000000	100.148	-155.7766
4370.000000	100.190	-159.3612
4440.000000	100.171	-163.5560
4500.000000	100.104	-167.0946
4550.000000	100.018	-169.9660
4620.000000	99.857	-173.8226
4680.000000	99.689	-176.9432
4750.000000	99.466	179.6518
4820.000000	99.226	176.5339
4870.000000	99.047	174.4773
4940.000000	98.794	171.8445
5000.000000	98.585	169.8094
5080.000000	98.335	167.3633
5150.000000	98.147	165.4214
5220.000000	97.987	163.5555
5300.000000	97.828	161.4678
5380.000000	97.684	159.3710
5450.000000	97.565	157.5865
5520.000000	97.454	155.8914
5600.000000	97.343	154.0104
5700.000000	97.236	151.6819
5800.000000	97.152	149.3040
5900.000000	97.070	146.8544
6000.000000	96.980	144.4417
6080.000000	96.906	142.6399
6150.000000	96.844	141.1648
6220.000000	96.790	139.8051
6300.000000	96.739	138.3725
6400.000000	96.697	136.7832
6500.000000	96.693	135.3291
6600.000000	96.740	134.0004
6700.000000	96.847	132.7303
6800.000000	97.022	131.4801
6900.000000	97.274	130.1478
7000.000000	97.609	128.6132
7100.000000	98.028	126.7121
7200.000000	98.523	124.2485
7300.000000	99.064	121.0646
7400.000000	99.604	117.1765
7500.000000	100.151	112.9427
7620.000000	100.910	107.0771
7750.000000	101.779	98.4465
7880.000000	102.449	87.2390
8000.000000	102.727	75.3904
8120.000000	102.617	63.2109
8250.000000	102.099	50.8933
8380.000000	101.299	40.3757
8500.000000	100.444	32.3878
8620.000000	99.571	25.8490
8750.000000	98.651	20.1414
8850.000000	97.996	16.6611
9000.000000	97.169	12.2031
9120.000000	96.613	8.8009
9250.000000	96.063	5.1873
9380.000000	95.582	1.9131
9500.000000	95.237	-1.3543
9620.000000	94.913	-5.2040
9750.000000	94.518	-9.8298
9880.000000	94.044	-14.6439
10000.000000	93.522	-19.0242
10150.000000	92.755	-24.0323
10300.000000	91.885	-28.0867
10440.000000	91.030	-30.7659
10600.000000	90.074	-32.3715
10750.000000	89.271	-32.5950
10900.000000	88.612	-31.8269
11060.000000	88.109	-30.3359
11200.000000	87.849	-28.7791
11380.000000	87.751	-26.9813
11500.000000	87.811	-26.1276
11720.000000	88.104	-25.7222
11800.000000	88.247	-25.8994
12060.000000	88.803	-27.5287
12200.000000	89.160	-29.0304
12410.000000	89.727	-32.3958
12500.000000	89.954	-34.1869
12650.000000	90.309	-37.3534
12800.000000	90.657	-40.6859
13150.000000	91.497	-49.1265
13200.000000	91.623	-50.4177
13400.000000	92.156	-55.7283
13600.000000	92.764	-61.4502
13800.000000	93.473	-67.9025
14000.000000	94.285	-75.5168
14300.000000	95.586	-90.5163
14500.000000	96.318	-103.5490
14750.000000	96.706	-122.8868
15000.000000	96.236	-142.8073
15250.000000	95.082	-159.7972
15500.000000	93.703	-173.1011
15750.000000	92.328	176.4319
16000.000000	91.181	168.4214
16250.000000	90.401	160.6543
16500.000000	89.684	152.9633
16750.000000	88.981	146.3994
17000.000000	88.402	141.0452
17250.000000	88.028	136.5837
17500.000000	87.945	132.7771
17750.000000	88.325	128.9751
18000.000000	89.338	123.0955
18250.000000	90.614	111.4731
18500.000000	91.410	94.3535
18750.000000	91.361	75.1921
19000.000000	90.640	57.3328
19250.000000	89.775	41.5586
19500.000000	88.894	25.2998
19750.000000	87.663	9.0889
20000.000000	86.564	-2.5732
