20.000000	105.832	-176.7819
20.299999	105.838	-176.9989
20.600000	105.843	-177.2071
20.900000	105.848	-177.4051
21.200001	105.852	-177.6070
21.400000	105.854	-177.7409
21.799999	105.859	-177.9968
22.000000	105.861	-178.1211
22.400000	105.865	-178.3868
22.700001	105.867	-178.5800
23.000000	105.869	-178.7687
23.299999	105.870	-178.9674
23.600000	105.872	-179.1603
24.000000	105.873	-179.4070
24.299999	105.874	-179.5992
24.700001	105.875	-179.8469
25.000000	105.876	179.9744
25.400000	105.876	179.7259
25.799999	105.878	179.4856
26.200001	105.879	179.2429
26.500000	105.880	179.0572
26.900000	105.880	178.8129
27.200001	105.880	178.6276
27.600000	105.879	178.3834
28.000000	105.877	178.1490
28.500000	105.873	177.8604
29.000000	105.869	177.5840
29.500000	105.864	177.3039
30.000000	105.859	177.0304
30.400000	105.854	176.8120
30.700001	105.850	176.6534
31.100000	105.845	176.4459
31.500000	105.840	176.2347
32.000000	105.835	175.9754
32.500000	105.830	175.7064
33.000000	105.823	175.4430
33.500000	105.816	175.1815
34.000000	105.809	174.9309
34.500000	105.801	174.6802
35.000000	105.794	174.4311
35.500000	105.787	174.1784
36.000000	105.778	173.9320
36.500000	105.768	173.6918
37.000000	105.759	173.4583
37.500000	105.750	173.2192
38.200001	105.734	172.8875
38.700001	105.720	172.6702
39.500000	105.701	172.3708
40.000000	105.694	172.1894
40.599998	105.688	171.9483
41.200001	105.683	171.7008
41.799999	105.678	171.4556
42.500000	105.674	171.1545
43.099998	105.669	170.8768
43.700001	105.659	170.5987
44.400002	105.646	170.2996
45.000000	105.636	170.0524
45.500000	105.626	169.8427
46.200001	105.607	169.5657
46.799999	105.590	169.3668
47.500000	105.576	169.1798
48.200001	105.571	169.0021
48.700001	105.573	168.8512
49.400002	105.577	168.5818
50.000000	105.576	168.3051
50.799999	105.563	167.9067
51.500000	105.545	167.5547
52.200001	105.523	167.2057
53.000000	105.494	166.8111
53.799999	105.461	166.4344
54.500000	105.429	166.1271
55.200001	105.397	165.8374
56.000000	105.359	165.5262
57.000000	105.311	165.1740
58.000000	105.267	164.8357
59.000000	105.225	164.4983
60.000000	105.186	164.1569
60.799999	105.155	163.8569
61.500000	105.124	163.5916
62.200001	105.093	163.3409
63.000000	105.061	163.0645
64.000000	105.025	162.7257
65.000000	104.993	162.4033
66.000000	104.963	162.0786
67.000000	104.931	161.7480
68.000000	104.899	161.4355
69.000000	104.868	161.1322
70.000000	104.838	160.8325
71.000000	104.807	160.5317
72.000000	104.775	160.2393
73.000000	104.742	159.9585
74.000000	104.709	159.6824
75.000000	104.675	159.4079
76.199997	104.636	159.0793
77.500000	104.594	158.7104
78.800003	104.548	158.3253
80.000000	104.500	158.0146
81.199997	104.456	157.7534
82.500000	104.411	157.4485
83.800003	104.362	157.1400
85.000000	104.316	156.8661
86.199997	104.269	156.5873
87.500000	104.216	156.2847
88.500000	104.176	156.0566
90.000000	104.118	155.7141
91.199997	104.070	155.4378
92.500000	104.018	155.1631
93.800003	103.968	154.9048
95.000000	103.921	154.6752
96.199997	103.874	154.4487
97.500000	103.822	154.2081
98.800003	103.770	153.9709
100.000000	103.723	153.7488
101.500000	103.664	153.4815
103.000000	103.604	153.2053
104.400002	103.548	152.9555
106.000000	103.483	152.6923
107.500000	103.424	152.4542
109.000000	103.367	152.2240
110.599998	103.306	151.9594
112.000000	103.251	151.7233
113.800003	103.177	151.4318
115.000000	103.127	151.2492
117.199997	103.041	150.9082
118.000000	103.009	150.7826
120.599998	102.905	150.4011
122.000000	102.851	150.2144
124.099998	102.772	149.9451
125.000000	102.740	149.8285
126.500000	102.689	149.6372
128.000000	102.641	149.4548
131.500000	102.532	149.0437
132.000000	102.516	148.9882
134.000000	102.455	148.7760
136.000000	102.394	148.5773
138.000000	102.332	148.3785
140.000000	102.270	148.1829
143.000000	102.180	147.8988
145.000000	102.120	147.7271
147.500000	102.046	147.5303
150.000000	101.971	147.3317
152.500000	101.897	147.1411
155.000000	101.824	146.9635
157.500000	101.751	146.8000
160.000000	101.674	146.6463
162.500000	101.589	146.5063
165.000000	101.503	146.3764
167.500000	101.419	146.2644
170.000000	101.337	146.1500
172.500000	101.257	146.0235
175.000000	101.176	145.8892
177.500000	101.093	145.7637
180.000000	101.010	145.6545
182.500000	100.926	145.5311
185.000000	100.842	145.4266
187.500000	100.761	145.3317
190.000000	100.679	145.2419
192.500000	100.597	145.1616
195.000000	100.517	145.0952
197.500000	100.436	145.0385
200.000000	100.358	144.9992
203.000000	100.267	144.9385
206.000000	100.181	144.9026
209.000000	100.099	144.8764
212.000000	100.018	144.8505
214.000000	99.965	144.8304
218.000000	99.859	144.7993
220.000000	99.806	144.7822
224.000000	99.699	144.7512
227.000000	99.618	144.7274
230.000000	99.536	144.7056
233.000000	99.458	144.7126
236.000000	99.383	144.7355
240.000000	99.281	144.7803
243.000000	99.205	144.8126
247.000000	99.105	144.8595
250.000000	99.029	144.9001
254.000000	98.924	144.9556
258.000000	98.818	145.0203
262.000000	98.712	145.0967
265.000000	98.633	145.1614
269.000000	98.530	145.2535
272.000000	98.454	145.3307
276.000000	98.355	145.4415
280.000000	98.255	145.5558
285.000000	98.131	145.7016
290.000000	98.010	145.8573
295.000000	97.893	146.0217
300.000000	97.779	146.1975
304.000000	97.687	146.3515
307.000000	97.619	146.4606
311.000000	97.531	146.6129
315.000000	97.448	146.7714
320.000000	97.351	146.9776
325.000000	97.260	147.1993
330.000000	97.171	147.4175
335.000000	97.085	147.6440
340.000000	96.999	147.8837
345.000000	96.914	148.1246
350.000000	96.831	148.3710
355.000000	96.749	148.6219
360.000000	96.669	148.8755
365.000000	96.591	149.1355
370.000000	96.514	149.4034
375.000000	96.437	149.6708
382.000000	96.331	150.0536
387.000000	96.257	150.3293
395.000000	96.142	150.7865
400.000000	96.072	151.0530
406.000000	95.989	151.4080
412.000000	95.906	151.7639
418.000000	95.823	152.1230
425.000000	95.727	152.5540
431.000000	95.647	152.9321
437.000000	95.568	153.3280
444.000000	95.481	153.7968
450.000000	95.408	154.1984
455.000000	95.349	154.5230
462.000000	95.267	154.9835
468.000000	95.197	155.3858
475.000000	95.117	155.8652
482.000000	95.039	156.3425
487.000000	94.984	156.6901
494.000000	94.910	157.1775
500.000000	94.849	157.5977
508.000000	94.772	158.1866
515.000000	94.709	158.6857
522.000000	94.647	159.2032
530.000000	94.577	159.7929
538.000000	94.509	160.3836
545.000000	94.451	160.9125
552.000000	94.397	161.4423
560.000000	94.335	162.0536
570.000000	94.261	162.8115
580.000000	94.190	163.5757
590.000000	94.122	164.3529
600.000000	94.057	165.1399
608.000000	94.007	165.7666
615.000000	93.965	166.3211
622.000000	93.924	166.8725
630.000000	93.881	167.5160
640.000000	93.836	168.3218
650.000000	93.797	169.1318
660.000000	93.761	169.9528
670.000000	93.727	170.7707
680.000000	93.697	171.6046
690.000000	93.669	172.4343
700.000000	93.643	173.2688
710.000000	93.620	174.1050
720.000000	93.601	174.9451
730.000000	93.584	175.7908
740.000000	93.571	176.6353
750.000000	93.561	177.4805
762.000000	93.552	178.5120
775.000000	93.548	179.6198
788.000000	93.548	-179.2700
800.000000	93.550	-178.2440
812.000000	93.551	-177.2192
825.000000	93.555	-176.1081
838.000000	93.564	-175.0031
850.000000	93.579	-173.9991
862.000000	93.602	-173.0139
875.000000	93.634	-171.9843
885.000000	93.663	-171.2356
900.000000	93.710	-170.2295
912.000000	93.732	-169.5457
925.000000	93.728	-168.7594
938.000000	93.716	-167.6800
950.000000	93.734	-166.5285
962.000000	93.782	-165.4237
975.000000	93.850	-164.3504
988.000000	93.915	-163.3800
1000.000000	93.965	-162.5191
1015.000000	94.010	-161.4467
1030.000000	94.056	-160.3898
1044.000000	94.107	-159.4613
1060.000000	94.170	-158.4899
1075.000000	94.231	-157.6338
1090.000000	94.291	-156.8403
1106.000000	94.357	-156.0463
1120.000000	94.414	-155.3816
1138.000000	94.488	-154.5870
1150.000000	94.536	-154.0601
1172.000000	94.625	-153.1745
1180.000000	94.656	-152.8667
1206.000000	94.758	-151.9198
1220.000000	94.813	-151.4255
1241.000000	94.900	-150.7196
1250.000000	94.942	-150.4205
1265.000000	95.020	-149.9466
1280.000000	95.105	-149.4794
1315.000000	95.308	-148.4198
1320.000000	95.337	-148.2753
1340.000000	95.454	-147.6934
1360.000000	95.571	-147.1317
1380.000000	95.689	-146.5756
1400.000000	95.808	-146.0374
1430.000000	95.991	-145.2435
1450.000000	96.116	-144.7411
1475.000000	96.275	-144.1419
1500.000000	96.439	-143.5721
1525.000000	96.608	-143.0393
1550.000000	96.780	-142.5389
1575.000000	96.958	-142.1161
1600.000000	97.141	-141.7141
1625.000000	97.333	-141.3837
1650.000000	97.530	-141.0982
1675.000000	97.731	-140.8856
1700.000000	97.935	-140.7462
1725.000000	98.140	-140.6882
1750.000000	98.344	-140.6933
1775.000000	98.548	-140.7741
1800.000000	98.751	-140.9246
1825.000000	98.952	-141.1376
1850.000000	99.150	-141.4192
1875.000000	99.344	-141.7398
1900.000000	99.536	-142.1370
1925.000000	99.727	-142.6107
1950.000000	99.917	-143.1650
1975.000000	100.102	-143.8209
2000.000000	100.281	-144.5786
2030.000000	100.485	-145.6014
2060.000000	100.673	-146.7363
2090.000000	100.844	-147.9493
2120.000000	100.996	-149.2679
2140.000000	101.087	-150.1877
2180.000000	101.243	-152.1158
2200.000000	101.305	-153.1275
2240.000000	101.399	-155.1814
2270.000000	101.442	-156.7654
2300.000000	101.460	-158.3503
2330.000000	101.453	-159.9237
2360.000000	101.420	-161.4879
2400.000000	101.335	-163.4871
2430.000000	101.241	-164.8967
2470.000000	101.075	-166.6285
2500.000000	100.922	-167.7802
2540.000000	100.684	-169.0114
2580.000000	100.416	-169.8289
2620.000000	100.138	-170.1050
2650.000000	99.946	-169.9072
2690.000000	99.759	-169.1808
2720.000000	99.694	-168.5174
2760.000000	99.703	-167.8961
2800.000000	99.767	-167.9123
2850.000000	99.820	-168.8299
2900.000000	99.768	-170.2978
2950.000000	99.599	-171.7514
3000.000000	99.353	-172.8249
3040.000000	99.128	-173.3799
3070.000000	98.953	-173.6297
3110.000000	98.719	-173.7660
3150.000000	98.493	-173.7232
3200.000000	98.224	-173.4649
3250.000000	97.969	-173.0150
3300.000000	97.725	-172.4223
3350.000000	97.491	-171.6723
3400.000000	97.268	-170.7695
3450.000000	97.057	-169.7494
3500.000000	96.858	-168.6319
3550.000000	96.669	-167.3943
3600.000000	96.491	-166.0697
3650.000000	96.323	-164.6312
3700.000000	96.166	-163.0802
3750.000000	96.025	-161.4231
3820.000000	95.859	-158.8831
3870.000000	95.768	-156.9422
3950.000000	95.691	-153.6438
4000.000000	95.689	-151.5853
4060.000000	95.725	-149.3260
4120.000000	95.783	-147.4720
4180.000000	95.831	-145.9941
4250.000000	95.845	-144.5212
4310.000000	95.820	-143.2632
4370.000000	95.772	-141.8875
4440.000000	95.701	-140.0813
4500.000000	95.646	-138.2806
4550.000000	95.614	-136.6530
4620.000000	95.602	-134.2629
4680.000000	95.616	-132.2049
4750.000000	95.649	-129.7857
4820.000000	95.697	-127.2740
4870.000000	95.748	-125.3859
4940.000000	95.856	-122.6040
5000.000000	95.993	-120.1934
5080.000000	96.241	-117.0233
5150.000000	96.507	-114.3825
5220.000000	96.811	-111.8664
5300.000000	97.204	-109.1562
5380.000000	97.644	-106.6054
5450.000000	98.070	-104.5422
5520.000000	98.536	-102.6484
5600.000000	99.123	-100.7413
5700.000000	99.946	-98.8147
5800.000000	100.870	-97.5350
5900.000000	101.900	-97.1977
6000.000000	103.032	-98.1648
6080.000000	103.992	-100.1787
6150.000000	104.837	-103.1089
6220.000000	105.642	-107.2676
6300.000000	106.427	-113.6240
6400.000000	107.047	-123.5538
6500.000000	107.129	-134.5391
6600.000000	106.661	-144.8403
6700.000000	105.781	-153.1021
6800.000000	104.686	-158.7794
6900.000000	103.547	-162.0797
7000.000000	102.467	-163.4706
7100.000000	101.497	-163.4534
7200.000000	100.656	-162.4573
7300.000000	99.940	-160.8587
7400.000000	99.330	-158.8977
7500.000000	98.812	-156.6384
7620.000000	98.302	-153.6180
7750.000000	97.890	-150.1371
7880.000000	97.620	-146.5344
8000.000000	97.495	-143.2633
8120.000000	97.491	-140.0954
8250.000000	97.626	-136.9489
8380.000000	97.909	-134.2752
8500.000000	98.305	-132.4851
8620.000000	98.833	-131.6254
8750.000000	99.533	-132.2163
8850.000000	100.121	-134.1454
9000.000000	100.934	-139.9556
9120.000000	101.345	-147.2059
9250.000000	101.341	-156.8065
9380.000000	100.766	-166.6392
9500.000000	99.779	-174.4322
9620.000000	98.500	179.9058
9750.000000	96.966	176.3123
9880.000000	95.425	175.0058
10000.000000	94.071	175.3953
10150.000000	92.514	177.3506
10300.000000	91.112	-179.4873
10440.000000	89.933	-175.7742
10600.000000	88.724	-170.8798
10750.000000	87.712	-165.8208
10900.000000	86.804	-160.4797
11060.000000	85.941	-154.4890
11200.000000	85.266	-149.1035
11380.000000	84.502	-142.0009
11500.000000	84.053	-137.1600
11720.000000	83.349	-128.1825
11800.000000	83.130	-124.8856
12060.000000	82.549	-114.1626
12200.000000	82.319	-108.3637
12410.000000	82.078	-99.7204
12500.000000	82.014	-96.0196
12650.000000	81.960	-89.8956
12800.000000	81.976	-83.8821
13150.000000	82.313	-70.2619
13200.000000	82.400	-68.3921
13400.000000	82.842	-61.2148
13600.000000	83.455	-54.6410
13800.000000	84.259	-49.0904
14000.000000	85.235	-44.9651
14300.000000	86.988	-42.0671
14500.000000	88.454	-42.9466
14750.000000	90.567	-50.9179
15000.000000	91.776	-69.6043
15250.000000	90.648	-91.5651
15500.000000	87.561	-104.7490
15750.000000	84.027	-106.3469
16000.000000	81.079	-100.6606
16250.000000	78.938	-91.8727
16500.000000	77.382	-81.9912
16750.000000	76.179	-71.2564
17000.000000	75.338	-60.2962
17250.000000	74.678	-49.9998
17500.000000	74.139	-39.3803
17750.000000	73.768	-28.6676
18000.000000	73.554	-17.9321
18250.000000	73.492	-7.3041
18500.000000	73.585	3.2505
18750.000000	73.844	13.6231
19000.000000	74.299	23.5877
19250.000000	74.981	33.0497
19500.000000	75.890	41.4836
19750.000000	76.879	48.4892
20000.000000	77.516	55.3545
