20.000000	105.324	-169.6588
20.299999	105.334	-169.9929
20.600000	105.345	-170.3162
20.900000	105.354	-170.6291
21.200001	105.363	-170.9464
21.400000	105.369	-171.1569
21.799999	105.378	-171.5621
22.000000	105.383	-171.7583
22.400000	105.392	-172.1613
22.700001	105.398	-172.4533
23.000000	105.404	-172.7397
23.299999	105.410	-173.0367
23.600000	105.416	-173.3295
24.000000	105.422	-173.7102
24.299999	105.426	-174.0018
24.700001	105.430	-174.3781
25.000000	105.433	-174.6502
25.400000	105.437	-175.0199
25.799999	105.440	-175.3782
26.200001	105.442	-175.7339
26.500000	105.444	-175.9995
26.900000	105.446	-176.3427
27.200001	105.447	-176.5974
27.600000	105.448	-176.9318
28.000000	105.449	-177.2587
28.500000	105.449	-177.6695
29.000000	105.448	-178.0702
29.500000	105.444	-178.4684
30.000000	105.441	-178.8517
30.400000	105.437	-179.1550
30.700001	105.435	-179.3774
31.100000	105.432	-179.6710
31.500000	105.428	-179.9682
32.000000	105.425	179.6669
32.500000	105.421	179.2956
33.000000	105.416	178.9317
33.500000	105.410	178.5701
34.000000	105.404	178.2188
34.500000	105.398	177.8682
35.000000	105.392	177.5220
35.500000	105.385	177.1759
36.000000	105.378	176.8376
36.500000	105.370	176.5047
37.000000	105.361	176.1809
37.500000	105.353	175.8595
38.200001	105.341	175.4192
38.700001	105.332	175.1092
39.500000	105.318	174.6189
40.000000	105.309	174.3140
40.599998	105.297	173.9456
41.200001	105.284	173.5891
41.799999	105.271	173.2428
42.500000	105.256	172.8456
43.099998	105.243	172.5091
43.700001	105.229	172.1738
44.400002	105.213	171.7884
45.000000	105.199	171.4608
45.500000	105.187	171.1875
46.200001	105.170	170.8111
46.799999	105.155	170.4922
47.500000	105.137	170.1211
48.200001	105.119	169.7558
48.700001	105.105	169.5020
49.400002	105.084	169.1526
50.000000	105.065	168.8569
50.799999	105.033	168.4692
51.500000	105.002	168.1396
52.200001	104.972	167.8146
53.000000	104.936	167.4427
53.799999	104.900	167.0751
54.500000	104.869	166.7568
55.200001	104.837	166.4413
56.000000	104.800	166.0854
57.000000	104.754	165.6483
58.000000	104.710	165.2261
59.000000	104.668	164.7893
60.000000	104.619	164.3491
60.799999	104.578	164.0406
61.500000	104.544	163.7895
62.200001	104.513	163.5309
63.000000	104.478	163.2288
64.000000	104.438	162.8591
65.000000	104.401	162.4934
66.000000	104.364	162.1291
67.000000	104.327	161.7605
68.000000	104.289	161.4038
69.000000	104.252	161.0580
70.000000	104.215	160.7204
71.000000	104.178	160.3856
72.000000	104.140	160.0621
73.000000	104.101	159.7459
74.000000	104.062	159.4351
75.000000	104.023	159.1287
76.199997	103.975	158.7600
77.500000	103.923	158.3763
78.800003	103.872	157.9981
80.000000	103.824	157.6542
81.199997	103.773	157.3207
82.500000	103.716	156.9699
83.800003	103.659	156.6277
85.000000	103.606	156.3162
86.199997	103.553	156.0094
87.500000	103.495	155.6920
88.500000	103.451	155.4510
90.000000	103.385	155.0996
91.199997	103.332	154.8266
92.500000	103.275	154.5333
93.800003	103.217	154.2490
95.000000	103.164	153.9903
96.199997	103.110	153.7372
97.500000	103.053	153.4744
98.800003	102.996	153.2094
100.000000	102.942	152.9668
101.500000	102.874	152.6829
103.000000	102.806	152.4050
104.400002	102.742	152.1568
106.000000	102.669	151.8802
107.500000	102.601	151.6273
109.000000	102.534	151.3806
110.599998	102.462	151.1207
112.000000	102.399	150.9057
113.800003	102.319	150.6409
115.000000	102.266	150.4678
117.199997	102.169	150.1552
118.000000	102.135	150.0464
120.599998	102.021	149.6931
122.000000	101.959	149.5212
124.099998	101.871	149.2754
125.000000	101.835	149.1696
126.500000	101.779	148.9932
128.000000	101.727	148.8221
131.500000	101.609	148.4375
132.000000	101.592	148.3864
134.000000	101.525	148.1905
136.000000	101.458	148.0037
138.000000	101.391	147.8251
140.000000	101.325	147.6570
143.000000	101.227	147.4059
145.000000	101.161	147.2558
147.500000	101.081	147.0827
150.000000	101.001	146.9128
152.500000	100.922	146.7507
155.000000	100.843	146.5972
157.500000	100.764	146.4638
160.000000	100.682	146.3383
162.500000	100.593	146.2240
165.000000	100.500	146.1144
167.500000	100.408	146.0112
170.000000	100.316	145.9165
172.500000	100.226	145.8300
175.000000	100.137	145.7516
177.500000	100.049	145.6821
180.000000	99.962	145.6237
182.500000	99.874	145.5653
185.000000	99.788	145.5207
187.500000	99.702	145.4763
190.000000	99.618	145.4372
192.500000	99.533	145.4075
195.000000	99.451	145.3967
197.500000	99.370	145.3894
200.000000	99.291	145.3883
203.000000	99.201	145.3644
206.000000	99.113	145.3578
209.000000	99.027	145.3689
212.000000	98.940	145.3894
214.000000	98.883	145.4052
218.000000	98.770	145.4487
220.000000	98.715	145.4748
224.000000	98.605	145.5346
227.000000	98.524	145.5847
230.000000	98.444	145.6459
233.000000	98.364	145.7126
236.000000	98.284	145.7779
240.000000	98.181	145.8695
243.000000	98.105	145.9362
247.000000	98.005	146.0387
250.000000	97.930	146.1332
254.000000	97.826	146.2620
258.000000	97.721	146.3907
262.000000	97.618	146.5311
265.000000	97.541	146.6474
269.000000	97.441	146.8027
272.000000	97.366	146.9193
276.000000	97.268	147.0821
280.000000	97.172	147.2502
285.000000	97.053	147.4646
290.000000	96.936	147.6953
295.000000	96.822	147.9229
300.000000	96.711	148.1579
304.000000	96.622	148.3741
307.000000	96.557	148.5291
311.000000	96.472	148.7444
315.000000	96.391	148.9605
320.000000	96.298	149.2288
325.000000	96.211	149.5140
330.000000	96.126	149.7957
335.000000	96.043	150.0818
340.000000	95.961	150.3778
345.000000	95.881	150.6797
350.000000	95.802	150.9918
355.000000	95.725	151.3014
360.000000	95.649	151.6125
365.000000	95.575	151.9259
370.000000	95.503	152.2511
375.000000	95.431	152.5729
382.000000	95.334	153.0314
387.000000	95.265	153.3703
395.000000	95.159	153.9202
400.000000	95.093	154.2480
406.000000	95.017	154.6679
412.000000	94.941	155.0854
418.000000	94.867	155.5072
425.000000	94.784	156.0112
431.000000	94.715	156.4397
437.000000	94.646	156.8795
444.000000	94.568	157.3972
450.000000	94.502	157.8435
455.000000	94.449	158.2065
462.000000	94.376	158.7270
468.000000	94.315	159.1789
475.000000	94.245	159.7073
482.000000	94.177	160.2323
487.000000	94.130	160.6178
494.000000	94.067	161.1578
500.000000	94.015	161.6105
508.000000	93.950	162.2354
515.000000	93.896	162.7754
522.000000	93.844	163.3272
530.000000	93.786	163.9564
538.000000	93.730	164.5858
545.000000	93.684	165.1410
552.000000	93.639	165.7004
560.000000	93.589	166.3467
570.000000	93.529	167.1451
580.000000	93.472	167.9545
590.000000	93.418	168.7668
600.000000	93.366	169.5819
608.000000	93.328	170.2376
615.000000	93.295	170.8153
622.000000	93.265	171.3842
630.000000	93.234	172.0469
640.000000	93.203	172.8735
650.000000	93.178	173.7017
660.000000	93.156	174.5450
670.000000	93.135	175.3835
680.000000	93.118	176.2293
690.000000	93.103	177.0679
700.000000	93.092	177.9120
710.000000	93.083	178.7624
720.000000	93.076	179.6128
730.000000	93.073	-179.5322
740.000000	93.072	-178.6840
750.000000	93.074	-177.8387
762.000000	93.080	-176.8093
775.000000	93.091	-175.7052
788.000000	93.107	-174.5991
800.000000	93.121	-173.5824
812.000000	93.134	-172.5731
825.000000	93.149	-171.4839
838.000000	93.168	-170.4058
850.000000	93.190	-169.4293
862.000000	93.216	-168.4651
875.000000	93.247	-167.4446
885.000000	93.270	-166.6820
900.000000	93.295	-165.5475
912.000000	93.305	-164.5573
925.000000	93.329	-163.2587
938.000000	93.397	-161.8875
950.000000	93.485	-160.8119
962.000000	93.572	-159.8617
975.000000	93.666	-158.8373
988.000000	93.771	-157.8247
1000.000000	93.869	-156.9970
1015.000000	93.970	-156.1516
1030.000000	94.048	-155.3881
1044.000000	94.114	-154.6821
1060.000000	94.189	-153.9003
1075.000000	94.260	-153.1769
1090.000000	94.333	-152.4949
1106.000000	94.412	-151.8095
1120.000000	94.482	-151.2381
1138.000000	94.572	-150.5663
1150.000000	94.633	-150.1234
1172.000000	94.742	-149.3940
1180.000000	94.781	-149.1454
1206.000000	94.907	-148.3976
1220.000000	94.975	-148.0151
1241.000000	95.078	-147.4822
1250.000000	95.127	-147.2584
1265.000000	95.216	-146.9107
1280.000000	95.311	-146.5758
1315.000000	95.534	-145.8399
1320.000000	95.566	-145.7424
1340.000000	95.690	-145.3510
1360.000000	95.813	-144.9802
1380.000000	95.935	-144.6148
1400.000000	96.057	-144.2657
1430.000000	96.238	-143.7535
1450.000000	96.358	-143.4286
1475.000000	96.510	-143.0421
1500.000000	96.663	-142.6711
1525.000000	96.818	-142.3295
1550.000000	96.974	-141.9982
1575.000000	97.134	-141.7203
1600.000000	97.298	-141.4410
1625.000000	97.470	-141.2142
1650.000000	97.646	-141.0139
1675.000000	97.824	-140.8610
1700.000000	98.005	-140.7456
1725.000000	98.188	-140.6755
1750.000000	98.374	-140.6466
1775.000000	98.561	-140.6786
1800.000000	98.751	-140.7554
1825.000000	98.945	-140.8974
1850.000000	99.139	-141.1228
1875.000000	99.332	-141.3829
1900.000000	99.522	-141.7125
1925.000000	99.711	-142.1209
1950.000000	99.898	-142.5956
1975.000000	100.082	-143.1521
2000.000000	100.263	-143.7892
2030.000000	100.476	-144.6470
2060.000000	100.681	-145.6173
2090.000000	100.876	-146.6844
2120.000000	101.058	-147.8790
2140.000000	101.171	-148.7284
2180.000000	101.377	-150.5486
2200.000000	101.467	-151.5259
2240.000000	101.622	-153.5562
2270.000000	101.713	-155.1611
2300.000000	101.781	-156.8016
2330.000000	101.825	-158.4641
2360.000000	101.846	-160.1490
2400.000000	101.837	-162.3665
2430.000000	101.803	-163.9869
2470.000000	101.724	-166.0776
2500.000000	101.640	-167.5815
2540.000000	101.501	-169.4453
2580.000000	101.334	-171.1536
2620.000000	101.142	-172.6863
2650.000000	100.985	-173.7150
2690.000000	100.762	-174.9162
2720.000000	100.587	-175.7043
2760.000000	100.346	-176.5880
2800.000000	100.099	-177.2910
2850.000000	99.786	-177.9380
2900.000000	99.473	-178.3353
2950.000000	99.164	-178.5096
3000.000000	98.861	-178.4726
3040.000000	98.623	-178.3138
3070.000000	98.448	-178.1172
3110.000000	98.222	-177.7647
3150.000000	98.007	-177.3293
3200.000000	97.760	-176.6628
3250.000000	97.530	-175.8579
3300.000000	97.314	-174.9606
3350.000000	97.111	-173.9706
3400.000000	96.920	-172.8832
3450.000000	96.742	-171.7206
3500.000000	96.576	-170.4973
3550.000000	96.423	-169.1906
3600.000000	96.282	-167.8401
3650.000000	96.154	-166.4299
3700.000000	96.038	-164.9756
3750.000000	95.933	-163.4943
3820.000000	95.807	-161.3360
3870.000000	95.731	-159.7678
3950.000000	95.632	-157.1904
4000.000000	95.575	-155.5523
4060.000000	95.506	-153.5582
4120.000000	95.444	-151.5481
4180.000000	95.397	-149.5074
4250.000000	95.364	-147.1095
4310.000000	95.354	-145.0456
4370.000000	95.362	-142.9675
4440.000000	95.393	-140.5648
4500.000000	95.439	-138.4862
4550.000000	95.491	-136.7693
4620.000000	95.585	-134.3708
4680.000000	95.687	-132.3415
4750.000000	95.829	-129.9926
4820.000000	95.998	-127.6828
4870.000000	96.137	-126.0681
4940.000000	96.357	-123.8437
5000.000000	96.573	-122.0085
5080.000000	96.902	-119.6357
5150.000000	97.228	-117.6827
5220.000000	97.590	-115.8496
5300.000000	98.049	-113.9506
5380.000000	98.559	-112.2903
5450.000000	99.051	-111.0996
5520.000000	99.587	-110.2061
5600.000000	100.252	-109.6418
5700.000000	101.154	-109.7843
5800.000000	102.122	-111.1840
5900.000000	103.113	-114.2377
6000.000000	104.039	-119.2626
6080.000000	104.647	-124.7374
6150.000000	105.016	-130.4520
6220.000000	105.190	-136.7017
6300.000000	105.118	-144.0009
6400.000000	104.644	-152.3770
6500.000000	103.850	-159.1334
6600.000000	102.883	-163.8947
6700.000000	101.865	-166.7788
6800.000000	100.874	-168.0844
6900.000000	99.951	-168.1879
7000.000000	99.113	-167.3661
7100.000000	98.367	-165.8442
7200.000000	97.718	-163.8102
7300.000000	97.159	-161.4718
7400.000000	96.680	-158.9659
7500.000000	96.269	-156.2932
7620.000000	95.861	-152.8939
7750.000000	95.523	-149.0820
7880.000000	95.294	-145.1841
8000.000000	95.180	-141.6349
8120.000000	95.160	-138.1443
8250.000000	95.244	-134.5419
8380.000000	95.441	-131.2159
8500.000000	95.728	-128.5297
8620.000000	96.121	-126.3420
8750.000000	96.671	-124.7892
8850.000000	97.177	-124.4353
9000.000000	98.032	-125.7417
9120.000000	98.723	-128.8593
9250.000000	99.340	-134.5353
9380.000000	99.643	-142.3268
9500.000000	99.517	-150.5494
9620.000000	98.967	-158.5457
9750.000000	97.965	-165.7988
9880.000000	96.687	-170.8671
10000.000000	95.403	-173.4747
10150.000000	93.808	-174.4173
10300.000000	92.313	-173.3461
10440.000000	91.039	-171.0643
10600.000000	89.728	-167.4034
10750.000000	88.629	-163.2356
10900.000000	87.647	-158.6208
11060.000000	86.714	-153.2786
11200.000000	85.983	-148.4014
11380.000000	85.151	-141.8884
11500.000000	84.660	-137.3994
11720.000000	83.874	-129.0353
11800.000000	83.623	-125.9534
12060.000000	82.932	-115.8741
12200.000000	82.634	-110.3971
12410.000000	82.280	-102.2019
12500.000000	82.161	-98.6759
12650.000000	82.005	-92.8090
12800.000000	81.903	-87.0067
13150.000000	81.889	-73.6672
13200.000000	81.914	-71.8019
13400.000000	82.083	-64.5199
13600.000000	82.367	-57.5566
13800.000000	82.761	-51.1070
14000.000000	83.249	-45.2861
14300.000000	84.139	-37.7904
14500.000000	84.857	-33.6562
14750.000000	85.919	-30.0730
15000.000000	87.094	-29.0880
15250.000000	88.200	-31.4923
15500.000000	88.955	-37.1669
15750.000000	89.114	-44.6407
16000.000000	88.670	-51.4899
16250.000000	87.877	-55.8862
16500.000000	86.968	-57.3418
16750.000000	86.121	-55.9763
17000.000000	85.557	-52.9883
17250.000000	85.224	-50.0247
17500.000000	85.055	-47.2116
17750.000000	85.057	-45.3069
18000.000000	85.136	-44.9655
18250.000000	85.130	-46.6465
18500.000000	84.840	-49.9485
18750.000000	84.113	-53.7897
19000.000000	82.918	-56.7037
19250.000000	81.362	-57.2561
19500.000000	79.631	-54.8993
19750.000000	77.979	-49.6358
20000.000000	76.927	-41.4548
