20.144928	107.351
20.290907	107.344
20.437943	107.336
20.586044	107.328
20.735220	107.318
20.885475	107.308
21.036821	107.298
21.189262	107.289
21.342808	107.281
21.497467	107.273
21.653246	107.265
21.810154	107.257
21.968201	107.249
22.127390	107.240
22.287735	107.232
22.449242	107.223
22.611917	107.213
22.775772	107.203
22.940815	107.192
23.107054	107.181
23.274498	107.170
23.443153	107.159
23.613033	107.147
23.784142	107.136
23.956491	107.124
24.130091	107.112
24.304947	107.099
24.481071	107.087
24.658470	107.074
24.837156	107.060
25.017136	107.047
25.198421	107.033
25.381020	107.018
25.564941	107.004
25.750195	106.990
25.936790	106.976
26.124741	106.962
26.314051	106.948
26.504732	106.934
26.696796	106.920
26.890253	106.906
27.085112	106.892
27.281382	106.877
27.479073	106.862
27.678198	106.848
27.878765	106.832
28.080786	106.817
28.284271	106.801
28.489231	106.786
28.695675	106.770
28.903616	106.754
29.113064	106.737
29.324028	106.720
29.536524	106.703
29.750557	106.686
29.966141	106.668
30.183289	106.651
30.402010	106.633
30.622314	106.615
30.844217	106.597
31.067726	106.579
31.292856	106.561
31.519617	106.542
31.748020	106.523
31.978081	106.504
32.209808	106.484
32.443211	106.464
32.678310	106.444
32.915108	106.423
33.153625	106.403
33.393871	106.382
33.635857	106.361
33.879597	106.340
34.125103	106.320
34.372387	106.299
34.621464	106.278
34.872345	106.257
35.125042	106.235
35.379574	106.213
35.635948	106.191
35.894180	106.169
36.154285	106.146
36.416275	106.123
36.680161	106.100
36.945961	106.077
37.213688	106.054
37.483353	106.030
37.754974	106.006
38.028561	105.982
38.304131	105.958
38.581699	105.933
38.861279	105.908
39.142883	105.882
39.426529	105.856
39.712231	105.830
40.000000	105.803
40.289856	105.777
40.581814	105.751
40.875885	105.724
41.172089	105.698
41.470440	105.671
41.770950	105.643
42.073643	105.616
42.378525	105.590
42.685616	105.563
42.994934	105.538
43.306492	105.512
43.620308	105.487
43.936401	105.463
44.254780	105.439
44.575470	105.416
44.898483	105.396
45.223835	105.377
45.551544	105.360
45.881630	105.344
46.214108	105.329
46.548996	105.314
46.886307	105.297
47.226067	105.278
47.568283	105.257
47.912983	105.235
48.260181	105.212
48.609894	105.188
48.962143	105.163
49.316940	105.137
49.674313	105.111
50.034271	105.082
50.396843	105.051
50.762039	105.019
51.129883	104.985
51.500389	104.950
51.873581	104.913
52.249481	104.875
52.628101	104.838
53.009464	104.800
53.393593	104.762
53.780506	104.725
54.170223	104.688
54.562763	104.652
54.958145	104.615
55.356396	104.578
55.757530	104.541
56.161572	104.504
56.568542	104.465
56.978462	104.426
57.391350	104.386
57.807232	104.346
58.226128	104.306
58.648056	104.268
59.073048	104.231
59.501114	104.195
59.932281	104.157
60.366577	104.116
60.804020	104.073
61.244629	104.030
61.688435	103.988
62.135452	103.949
62.585712	103.910
63.039234	103.872
63.496040	103.835
63.956161	103.799
64.419617	103.764
64.886421	103.728
65.356621	103.692
65.830215	103.656
66.307251	103.620
66.787743	103.584
67.271713	103.548
67.759193	103.512
68.250206	103.475
68.744774	103.438
69.242928	103.402
69.744690	103.365
70.250084	103.328
70.759148	103.290
71.271896	103.252
71.788361	103.214
72.308571	103.176
72.832550	103.137
73.360321	103.099
73.891922	103.060
74.427376	103.022
74.966705	102.984
75.509949	102.945
76.057121	102.906
76.608261	102.867
77.163399	102.827
77.722557	102.788
78.285767	102.749
78.853058	102.710
79.424461	102.671
80.000000	102.630
80.579712	102.588
81.163628	102.546
81.751770	102.504
82.344177	102.462
82.940880	102.420
83.541901	102.378
84.147285	102.335
84.757050	102.293
85.371231	102.250
85.989868	102.208
86.612984	102.165
87.240616	102.122
87.872803	102.079
88.509560	102.036
89.150940	101.992
89.796967	101.949
90.447670	101.905
91.103088	101.861
91.763260	101.817
92.428215	101.772
93.097992	101.728
93.772614	101.684
94.452133	101.639
95.136566	101.595
95.825966	101.550
96.520363	101.505
97.219788	101.460
97.924286	101.415
98.633881	101.370
99.348625	101.324
100.068542	101.278
100.793686	101.231
101.524078	101.184
102.259766	101.136
103.000778	101.088
103.747162	101.040
104.498962	100.992
105.256203	100.944
106.018929	100.895
106.787186	100.846
107.561012	100.797
108.340446	100.747
109.125526	100.698
109.916290	100.648
110.712791	100.598
111.515060	100.548
112.323143	100.498
113.137085	100.447
113.956924	100.397
114.782700	100.346
115.614464	100.296
116.452255	100.245
117.296112	100.195
118.146095	100.145
119.002228	100.096
119.864563	100.048
120.733154	100.000
121.608040	99.955
122.489258	99.911
123.376869	99.868
124.270905	99.827
125.171425	99.788
126.078468	99.751
126.992081	99.716
127.912323	99.679
128.839233	99.641
129.772842	99.600
130.713242	99.558
131.660431	99.514
132.614502	99.468
133.575485	99.421
134.543427	99.373
135.518387	99.324
136.500412	99.275
137.489548	99.229
138.485855	99.186
139.489380	99.148
140.500168	99.119
141.518295	99.101
142.543793	99.096
143.576721	99.103
144.617142	99.120
145.665100	99.142
146.720642	99.163
147.783844	99.178
148.854752	99.185
149.933411	99.181
151.019897	99.167
152.114243	99.145
153.216522	99.116
154.326797	99.083
155.445114	99.046
156.571533	99.007
157.706116	98.966
158.848923	98.924
160.000000	98.879
161.159424	98.831
162.327255	98.782
163.503540	98.733
164.688354	98.683
165.881760	98.633
167.083801	98.584
168.294571	98.534
169.514099	98.485
170.742462	98.437
171.979736	98.389
173.225967	98.341
174.481232	98.294
175.745605	98.246
177.019119	98.199
178.301880	98.152
179.593933	98.106
180.895340	98.060
182.206177	98.013
183.526520	97.967
184.856430	97.922
186.195984	97.876
187.545227	97.831
188.904266	97.786
190.273132	97.742
191.651932	97.697
193.040726	97.653
194.439575	97.608
195.848572	97.564
197.267761	97.519
198.697250	97.476
200.137085	97.434
201.587372	97.393
203.048157	97.353
204.519531	97.314
206.001556	97.275
207.494324	97.236
208.997925	97.197
210.512405	97.159
212.037857	97.121
213.574371	97.083
215.122025	97.045
216.680893	97.008
218.251053	96.971
219.832581	96.935
221.425583	96.898
223.030121	96.862
224.646286	96.827
226.274170	96.792
227.913849	96.757
229.565399	96.723
231.228928	96.689
232.904510	96.655
234.592224	96.622
236.292191	96.589
238.004456	96.557
239.729126	96.524
241.466309	96.490
243.216080	96.457
244.978516	96.423
246.753738	96.390
248.541809	96.355
250.342850	96.319
252.156937	96.282
253.984161	96.244
255.824646	96.205
257.678467	96.167
259.545685	96.128
261.426483	96.090
263.320862	96.052
265.229004	96.015
267.150970	95.978
269.086853	95.941
271.036774	95.904
273.000824	95.867
274.979095	95.831
276.971710	95.794
278.978760	95.758
281.000336	95.723
283.036591	95.687
285.087585	95.651
287.153442	95.615
289.234283	95.579
291.330200	95.544
293.441284	95.509
295.567688	95.473
297.709503	95.438
299.866821	95.403
302.039795	95.369
304.228485	95.334
306.433044	95.300
308.653595	95.266
310.890228	95.232
313.143066	95.200
315.412231	95.169
317.697845	95.141
320.000000	95.115
322.318848	95.090
324.654510	95.065
327.007080	95.041
329.376709	95.017
331.763519	94.993
334.167603	94.969
336.589142	94.945
339.028198	94.922
341.484924	94.899
343.959473	94.877
346.451935	94.854
348.962463	94.832
351.491211	94.811
354.038239	94.790
356.603760	94.769
359.187866	94.748
361.790680	94.727
364.412354	94.707
367.053040	94.686
369.712860	94.666
372.391968	94.646
375.090454	94.626
377.808533	94.607
380.546265	94.587
383.303864	94.568
386.081451	94.549
388.879150	94.530
391.697144	94.511
394.535522	94.492
397.394501	94.473
400.274170	94.454
403.174744	94.436
406.096313	94.417
409.039062	94.399
412.003113	94.380
414.988647	94.362
417.995850	94.344
421.024811	94.327
424.075714	94.309
427.148743	94.291
430.244049	94.274
433.361786	94.256
436.502106	94.239
439.665161	94.222
442.851166	94.205
446.060242	94.188
449.292572	94.172
452.548340	94.156
455.827698	94.139
459.130798	94.123
462.457855	94.107
465.809021	94.092
469.184448	94.076
472.584381	94.062
476.008911	94.047
479.458252	94.032
482.932617	94.017
486.432159	94.003
489.957031	93.989
493.507477	93.976
497.083618	93.962
500.685699	93.950
504.313873	93.939
507.968323	93.929
511.649292	93.918
515.356934	93.909
519.091370	93.899
522.852966	93.890
526.641724	93.881
530.458008	93.872
534.301941	93.864
538.173706	93.856
542.073547	93.848
546.001648	93.841
549.958191	93.834
553.943420	93.828
557.957520	93.821
562.000671	93.815
566.073181	93.810
570.175171	93.805
574.306885	93.800
578.468567	93.796
582.660400	93.792
586.882568	93.790
591.135376	93.788
595.419006	93.786
599.733643	93.784
604.079590	93.784
608.456970	93.784
612.866089	93.785
617.307190	93.787
621.780457	93.790
626.286133	93.794
630.824463	93.801
635.395691	93.812
640.000000	93.824
644.637695	93.839
649.309021	93.854
654.014160	93.871
658.753418	93.890
663.527039	93.911
668.335205	93.934
673.178284	93.959
678.056396	93.986
682.969849	94.015
687.918945	94.047
692.903870	94.081
697.924927	94.118
702.982422	94.157
708.076477	94.199
713.207520	94.244
718.375732	94.291
723.581360	94.342
728.824707	94.395
734.106079	94.450
739.425720	94.509
744.783936	94.570
750.180908	94.633
755.617065	94.699
761.092529	94.766
766.607727	94.835
772.162903	94.905
777.758301	94.977
783.394287	95.050
789.071045	95.123
794.789001	95.195
800.548340	95.267
806.349487	95.335
812.192627	95.402
818.078125	95.467
824.006226	95.532
829.977295	95.596
835.991699	95.659
842.049622	95.721
848.151428	95.782
854.297485	95.843
860.488098	95.902
866.723572	95.960
873.004211	96.018
879.330322	96.075
885.702332	96.131
892.120483	96.186
898.585144	96.242
905.096680	96.297
911.655396	96.352
918.261597	96.407
924.915710	96.462
931.618042	96.518
938.368896	96.573
945.168762	96.629
952.017822	96.686
958.916504	96.743
965.865234	96.801
972.864319	96.860
979.914062	96.919
987.014954	96.978
994.167236	97.037
1001.371399	97.090
1008.627747	97.136
1015.936646	97.179
1023.298584	97.221
1030.713867	97.264
1038.182739	97.307
1045.705933	97.352
1053.283447	97.397
1060.916016	97.443
1068.603882	97.490
1076.347412	97.538
1084.147095	97.586
1092.003296	97.635
1099.916382	97.684
1107.886841	97.734
1115.915039	97.784
1124.001343	97.835
1132.146362	97.886
1140.350342	97.937
1148.613770	97.989
1156.937134	98.040
1165.320801	98.093
1173.765137	98.145
1182.270752	98.197
1190.838013	98.250
1199.467285	98.303
1208.159180	98.356
1216.913940	98.409
1225.732178	98.463
1234.614380	98.517
1243.560913	98.574
1252.572266	98.637
1261.648926	98.706
1270.791382	98.779
1280.000000	98.854
1289.275391	98.928
1298.618042	99.004
1308.028320	99.079
1317.506836	99.155
1327.054077	99.231
1336.670410	99.308
1346.356567	99.385
1356.112793	99.462
1365.939697	99.540
1375.837891	99.617
1385.807739	99.696
1395.849854	99.774
1405.964844	99.852
1416.152954	99.931
1426.415039	100.009
1436.751465	100.087
1447.162720	100.164
1457.649414	100.240
1468.212158	100.314
1478.851440	100.386
1489.567871	100.454
1500.361816	100.518
1511.234131	100.576
1522.185059	100.628
1533.215454	100.671
1544.325806	100.706
1555.516602	100.731
1566.788574	100.747
1578.142090	100.755
1589.578003	100.759
1601.096680	100.761
1612.698975	100.768
1624.385254	100.782
1636.156250	100.807
1648.012451	100.845
1659.954590	100.899
1671.983398	100.969
1684.099243	101.053
1696.302856	101.151
1708.594971	101.260
1720.976196	101.379
1733.447144	101.506
1746.008423	101.639
1758.660645	101.778
1771.404663	101.920
1784.240967	102.065
1797.170288	102.213
1810.193359	102.363
1823.310791	102.515
1836.523193	102.667
1849.831421	102.820
1863.236084	102.974
1876.737793	103.129
1890.337524	103.284
1904.035645	103.439
1917.833008	103.594
1931.730469	103.749
1945.728638	103.904
1959.828125	104.058
1974.029907	104.213
1988.334473	104.366
2002.742798	104.520
2017.255493	104.673
2031.873291	104.824
2046.597168	104.974
2061.427734	105.120
2076.365479	105.264
2091.411865	105.403
2106.566895	105.538
2121.832031	105.668
2137.207764	105.792
2152.694824	105.910
2168.294189	106.019
2184.006592	106.120
2199.832764	106.212
2215.773682	106.293
2231.830078	106.361
2248.002686	106.416
2264.292725	106.456
2280.700684	106.481
2297.227539	106.490
2313.874268	106.484
2330.641602	106.464
2347.530273	106.432
2364.541504	106.391
2381.676025	106.346
2398.934570	106.296
2416.318359	106.245
2433.827881	106.193
2451.464355	106.139
2469.228760	106.085
2487.121826	106.028
2505.144531	105.970
2523.297852	105.910
2541.582764	105.845
2560.000000	105.773
2578.550781	105.693
2597.236084	105.601
2616.056641	105.496
2635.013672	105.374
2654.108154	105.234
2673.340820	105.078
2692.713135	104.907
2712.225586	104.728
2731.879395	104.546
2751.675781	104.370
2771.615479	104.202
2791.699707	104.046
2811.929688	103.901
2832.305908	103.765
2852.830078	103.639
2873.502930	103.520
2894.325439	103.411
2915.298828	103.312
2936.424316	103.226
2957.702881	103.152
2979.135742	103.089
3000.723633	103.036
3022.468262	102.990
3044.370117	102.947
3066.430908	102.906
3088.651611	102.864
3111.033203	102.820
3133.577148	102.774
3156.284180	102.727
3179.156006	102.679
3202.193359	102.626
3225.397949	102.568
3248.770508	102.501
3272.312500	102.423
3296.024902	102.331
3319.909180	102.225
3343.966797	102.102
3368.198486	101.965
3392.605713	101.816
3417.189941	101.664
3441.952393	101.518
3466.894287	101.386
3492.016846	101.276
3517.321289	101.191
3542.809326	101.129
3568.481934	101.087
3594.340576	101.059
3620.386719	101.041
3646.621582	101.030
3673.046387	101.025
3699.662842	101.025
3726.472168	101.032
3753.475586	101.045
3780.675049	101.063
3808.071289	101.084
3835.666016	101.104
3863.460938	101.118
3891.457275	101.116
3919.656250	101.086
3948.059814	101.014
3976.668945	100.885
4005.485596	100.693
4034.510986	100.453
4063.746582	100.198
4093.194336	99.975
4122.855469	99.817
4152.730957	99.742
4182.823730	99.747
4213.133789	99.816
4243.664062	99.932
4274.415527	100.078
4305.389648	100.244
4336.588379	100.419
4368.013184	100.600
4399.665527	100.781
4431.547363	100.962
4463.660156	101.141
4496.005371	101.314
4528.585449	101.476
4561.401367	101.620
4594.455078	101.737
4627.748535	101.819
4661.283203	101.855
4695.060547	101.841
4729.083008	101.780
4763.352051	101.684
4797.869141	101.575
4832.636719	101.478
4867.655762	101.415
4902.928711	101.401
4938.457520	101.438
4974.243652	101.524
5010.289062	101.648
5046.595703	101.794
5083.165527	101.947
5120.000000	102.093
5157.101562	102.222
5194.472168	102.335
5232.113281	102.435
5270.027344	102.529
5308.216309	102.616
5346.681641	102.694
5385.426270	102.757
5424.451172	102.799
5463.758789	102.824
5503.351562	102.840
5543.230957	102.860
5583.399414	102.895
5623.859375	102.943
5664.611816	102.994
5705.660156	103.032
5747.005859	103.042
5788.650879	103.009
5830.597656	102.921
5872.848633	102.773
5915.405762	102.571
5958.271484	102.331
6001.447266	102.084
6044.936523	101.870
6088.740234	101.721
6132.861816	101.654
6177.303223	101.661
6222.066406	101.725
6267.154297	101.824
6312.568359	101.936
6358.312012	102.048
6404.386719	102.154
6450.795898	102.250
6497.541016	102.336
6544.625000	102.411
6592.049805	102.478
6639.818359	102.544
6687.933594	102.614
6736.396973	102.696
6785.211426	102.796
6834.379883	102.913
6883.904785	103.047
6933.788574	103.197
6984.033691	103.361
7034.642578	103.541
7085.618652	103.736
7136.963867	103.947
7188.681152	104.174
7240.773438	104.416
7293.243164	104.675
7346.092773	104.953
7399.325684	105.253
7452.944336	105.580
7506.951172	105.934
7561.350098	106.313
7616.142578	106.712
7671.332031	107.120
7726.921875	107.526
7782.914551	107.912
7839.312500	108.258
7896.119629	108.537
7953.337891	108.721
8010.971191	108.780
8069.021973	108.688
8127.493164	108.430
8186.388672	108.009
8245.710938	107.447
8305.461914	106.779
8365.647461	106.044
8426.267578	105.280
8487.328125	104.518
8548.831055	103.775
8610.779297	103.060
8673.176758	102.370
8736.026367	101.701
8799.331055	101.047
8863.094727	100.408
8927.320312	99.788
8992.010742	99.196
9057.170898	98.639
9122.802734	98.121
9188.910156	97.646
9255.497070	97.218
9322.566406	96.839
9390.121094	96.504
9458.166016	96.205
9526.704102	95.927
9595.738281	95.663
9665.273438	95.407
9735.311523	95.160
9805.857422	94.924
9876.915039	94.702
9948.487305	94.492
10020.578125	94.300
10093.191406	94.131
10166.331055	93.995
10240.000000	93.903
10314.203125	93.867
10388.944336	93.893
10464.226562	93.975
10540.054688	94.102
10616.432617	94.257
10693.363281	94.419
10770.852539	94.560
10848.902344	94.656
10927.517578	94.695
11006.703125	94.675
11086.461914	94.601
11166.798828	94.478
11247.718750	94.309
11329.223633	94.096
11411.320312	93.844
11494.011719	93.559
11577.301758	93.253
11661.195312	92.935
11745.697266	92.616
11830.811523	92.305
11916.542969	92.009
12002.894531	91.734
12089.873047	91.481
12177.480469	91.249
12265.723633	91.039
12354.606445	90.852
12444.132812	90.688
12534.308594	90.554
12625.136719	90.457
12716.624023	90.412
12808.773438	90.430
12901.591797	90.523
12995.082031	90.695
13089.250000	90.945
13184.099609	91.265
13279.636719	91.647
13375.867188	92.081
13472.793945	92.565
13570.422852	93.099
13668.759766	93.687
13767.809570	94.328
13867.577148	95.017
13968.067383	95.728
14069.285156	96.410
14171.237305	96.983
14273.927734	97.359
14377.362305	97.458
14481.546875	97.238
14586.486328	96.722
14692.185547	95.990
14798.651367	95.147
14905.888672	94.282
15013.902344	93.455
15122.700195	92.694
15232.285156	92.008
15342.664062	91.401
15453.843750	90.881
15565.829102	90.471
15678.625000	90.212
15792.239258	90.155
15906.675781	90.351
16021.942383	90.820
16138.043945	91.520
16254.986328	92.345
16372.777344	93.208
16491.421875	94.054
16610.923828	94.857
16731.294922	95.607
16852.535156	96.304
16974.656250	96.940
17097.662109	97.497
17221.558594	97.947
17346.353516	98.251
17472.052734	98.372
17598.662109	98.280
17726.189453	97.960
17854.640625	97.421
17984.021484	96.687
18114.341797	95.793
18245.605469	94.779
18377.820312	93.682
18510.994141	92.534
18645.132812	91.363
18780.242188	90.198
18916.332031	89.066
19053.408203	87.998
19191.476562	87.024
19330.546875	86.175
19470.623047	85.479
19611.714844	84.951
19753.830078	84.586
19896.974609	84.368
