20.000000	106.197	175.3009
20.299999	106.176	174.8842
20.600000	106.154	174.4955
20.900000	106.133	174.1306
21.200001	106.113	173.7593
21.400000	106.100	173.5104
21.799999	106.073	173.0266
22.000000	106.059	172.7905
22.400000	106.031	172.3003
22.700001	106.009	171.9524
23.000000	105.987	171.6202
23.299999	105.965	171.2824
23.600000	105.942	170.9547
24.000000	105.913	170.5322
24.299999	105.890	170.2031
24.700001	105.858	169.7844
25.000000	105.834	169.4899
25.400000	105.802	169.0872
25.799999	105.771	168.7066
26.200001	105.742	168.3306
26.500000	105.719	168.0474
26.900000	105.688	167.6794
27.200001	105.663	167.3975
27.600000	105.630	167.0302
28.000000	105.597	166.6879
28.500000	105.558	166.2584
29.000000	105.521	165.8278
29.500000	105.482	165.3742
30.000000	105.437	164.9452
30.400000	105.400	164.6222
30.700001	105.373	164.4021
31.100000	105.339	164.1232
31.500000	105.310	163.8343
32.000000	105.275	163.4639
32.500000	105.238	163.0651
33.000000	105.198	162.6885
33.500000	105.155	162.3353
34.000000	105.113	162.0033
34.500000	105.071	161.6589
35.000000	105.027	161.3283
35.500000	104.983	161.0121
36.000000	104.939	160.7152
36.500000	104.897	160.4223
37.000000	104.854	160.1394
37.500000	104.812	159.8537
38.200001	104.755	159.4434
38.700001	104.711	159.1266
39.500000	104.634	158.6596
40.000000	104.587	158.4299
40.599998	104.544	158.1590
41.200001	104.511	157.8297
41.799999	104.469	157.4336
42.500000	104.405	157.0142
43.099998	104.351	156.7537
43.700001	104.309	156.5108
44.400002	104.262	156.1639
45.000000	104.213	155.8585
45.500000	104.168	155.6454
46.200001	104.111	155.4042
46.799999	104.065	155.1968
47.500000	104.010	154.9469
48.200001	103.955	154.7299
48.700001	103.922	154.5708
49.400002	103.876	154.3015
50.000000	103.828	154.0551
50.799999	103.755	153.8040
51.500000	103.700	153.6191
52.200001	103.655	153.3825
53.000000	103.598	153.0468
53.799999	103.533	152.7018
54.500000	103.475	152.4396
55.200001	103.417	152.1940
56.000000	103.351	151.9104
57.000000	103.268	151.5643
58.000000	103.183	151.2398
59.000000	103.097	150.9198
60.000000	103.009	150.5995
60.799999	102.938	150.3727
61.500000	102.878	150.1948
62.200001	102.821	150.0193
63.000000	102.759	149.8030
64.000000	102.684	149.5409
65.000000	102.614	149.3180
66.000000	102.544	149.0713
67.000000	102.470	148.8477
68.000000	102.399	148.6606
69.000000	102.329	148.4512
70.000000	102.259	148.2609
71.000000	102.193	148.0865
72.000000	102.131	147.8809
73.000000	102.066	147.6729
74.000000	102.001	147.4917
75.000000	101.936	147.3163
76.199997	101.856	147.1256
77.500000	101.769	146.9536
78.800003	101.683	146.7809
80.000000	101.604	146.6084
81.199997	101.524	146.4072
82.500000	101.435	146.1938
83.800003	101.350	146.0444
85.000000	101.270	145.9252
86.199997	101.187	145.8292
87.500000	101.085	145.7558
88.500000	100.997	145.7525
90.000000	100.889	145.9429
91.199997	100.845	145.8821
92.500000	100.775	145.5543
93.800003	100.694	145.3334
95.000000	100.626	145.1906
96.199997	100.561	145.0807
97.500000	100.487	145.0068
98.800003	100.408	144.9526
100.000000	100.333	144.9301
101.500000	100.237	144.8820
103.000000	100.146	144.8264
104.400002	100.063	144.7637
106.000000	99.971	144.7237
107.500000	99.886	144.6992
109.000000	99.801	144.6866
110.599998	99.709	144.6481
112.000000	99.629	144.6214
113.800003	99.530	144.5748
115.000000	99.467	144.5650
117.199997	99.351	144.6021
118.000000	99.309	144.6255
120.599998	99.176	144.6531
122.000000	99.094	144.6258
124.099998	98.975	144.6406
125.000000	98.929	144.6419
126.500000	98.857	144.6762
128.000000	98.790	144.7336
131.500000	98.635	144.8837
132.000000	98.613	144.9095
134.000000	98.524	145.0249
136.000000	98.439	145.1441
138.000000	98.354	145.2878
140.000000	98.270	145.4636
143.000000	98.145	145.7881
145.000000	98.065	146.0235
147.500000	97.969	146.3734
150.000000	97.882	146.7942
152.500000	97.807	147.2481
155.000000	97.748	147.7346
157.500000	97.707	148.1994
160.000000	97.681	148.6001
162.500000	97.661	148.8712
165.000000	97.636	148.9940
167.500000	97.601	148.9943
170.000000	97.551	148.9241
172.500000	97.487	148.8412
175.000000	97.410	148.7998
177.500000	97.329	148.8124
180.000000	97.245	148.8559
182.500000	97.161	148.9557
185.000000	97.079	149.0836
187.500000	96.997	149.2096
190.000000	96.915	149.3772
192.500000	96.834	149.5656
195.000000	96.756	149.8029
197.500000	96.684	150.0482
200.000000	96.619	150.3225
203.000000	96.553	150.6687
206.000000	96.496	150.9957
209.000000	96.444	151.3093
212.000000	96.393	151.5744
214.000000	96.361	151.7242
218.000000	96.303	152.0313
220.000000	96.276	152.1729
224.000000	96.227	152.3998
227.000000	96.189	152.5192
230.000000	96.144	152.5945
233.000000	96.090	152.6535
236.000000	96.031	152.7180
240.000000	95.948	152.8840
243.000000	95.884	153.0345
247.000000	95.800	153.2537
250.000000	95.737	153.4591
254.000000	95.652	153.7614
258.000000	95.572	154.0968
262.000000	95.497	154.4079
265.000000	95.443	154.6353
269.000000	95.372	154.9085
272.000000	95.319	155.1225
276.000000	95.247	155.3882
280.000000	95.176	155.6670
285.000000	95.089	156.0297
290.000000	95.005	156.4190
295.000000	94.925	156.7909
300.000000	94.848	157.1756
304.000000	94.788	157.4565
307.000000	94.743	157.6732
311.000000	94.684	157.9621
315.000000	94.630	158.2675
320.000000	94.570	158.6438
325.000000	94.516	159.0016
330.000000	94.463	159.3748
335.000000	94.412	159.7501
340.000000	94.362	160.1241
345.000000	94.315	160.5007
350.000000	94.268	160.8761
355.000000	94.223	161.2563
360.000000	94.178	161.6469
365.000000	94.135	162.0162
370.000000	94.093	162.3975
375.000000	94.052	162.7820
382.000000	93.998	163.2956
387.000000	93.961	163.6673
395.000000	93.904	164.2703
400.000000	93.869	164.6459
406.000000	93.828	165.0760
412.000000	93.788	165.5350
418.000000	93.751	165.9893
425.000000	93.709	166.5006
431.000000	93.673	166.9527
437.000000	93.639	167.3797
444.000000	93.602	167.8973
450.000000	93.571	168.3279
455.000000	93.545	168.6983
462.000000	93.511	169.2061
468.000000	93.484	169.6422
475.000000	93.453	170.1482
482.000000	93.422	170.6327
487.000000	93.401	171.0066
494.000000	93.374	171.5034
500.000000	93.352	171.9248
508.000000	93.328	172.4940
515.000000	93.309	172.9808
522.000000	93.291	173.4579
530.000000	93.272	174.0310
538.000000	93.253	174.5798
545.000000	93.238	175.0567
552.000000	93.224	175.5686
560.000000	93.210	176.1061
570.000000	93.193	176.7841
580.000000	93.179	177.4787
590.000000	93.167	178.1742
600.000000	93.155	178.8537
608.000000	93.148	179.4091
615.000000	93.142	179.8740
622.000000	93.138	-179.6516
630.000000	93.137	-179.1212
640.000000	93.141	-178.4350
650.000000	93.150	-177.7450
660.000000	93.161	-177.0699
670.000000	93.174	-176.3993
680.000000	93.189	-175.7227
690.000000	93.205	-175.0499
700.000000	93.223	-174.3778
710.000000	93.243	-173.6992
720.000000	93.264	-173.0262
730.000000	93.288	-172.3394
740.000000	93.313	-171.6635
750.000000	93.339	-171.0081
762.000000	93.373	-170.1937
775.000000	93.412	-169.3168
788.000000	93.453	-168.4408
800.000000	93.492	-167.6461
812.000000	93.528	-166.8439
825.000000	93.566	-165.9513
838.000000	93.608	-165.0689
850.000000	93.652	-164.2633
862.000000	93.702	-163.4599
875.000000	93.760	-162.6005
885.000000	93.809	-161.9524
900.000000	93.889	-160.9810
912.000000	93.958	-160.2377
925.000000	94.037	-159.4641
938.000000	94.121	-158.7043
950.000000	94.202	-158.0295
962.000000	94.286	-157.3982
975.000000	94.380	-156.7334
988.000000	94.474	-156.1132
1000.000000	94.554	-155.5599
1015.000000	94.638	-154.9230
1030.000000	94.715	-154.3375
1044.000000	94.786	-153.8251
1060.000000	94.867	-153.3064
1075.000000	94.945	-152.8562
1090.000000	95.023	-152.4360
1106.000000	95.105	-152.0452
1120.000000	95.175	-151.7451
1138.000000	95.265	-151.4017
1150.000000	95.323	-151.1923
1172.000000	95.427	-150.8658
1180.000000	95.463	-150.7813
1206.000000	95.577	-150.4796
1220.000000	95.636	-150.3584
1241.000000	95.725	-150.2075
1250.000000	95.767	-150.1377
1265.000000	95.844	-150.0386
1280.000000	95.925	-149.9557
1315.000000	96.111	-149.7988
1320.000000	96.137	-149.7752
1340.000000	96.238	-149.7034
1360.000000	96.335	-149.6379
1380.000000	96.429	-149.5650
1400.000000	96.520	-149.5089
1430.000000	96.652	-149.4116
1450.000000	96.739	-149.3591
1475.000000	96.845	-149.3011
1500.000000	96.949	-149.2326
1525.000000	97.051	-149.1579
1550.000000	97.153	-149.0918
1575.000000	97.254	-149.0375
1600.000000	97.358	-148.9691
1625.000000	97.466	-148.9070
1650.000000	97.576	-148.8776
1675.000000	97.686	-148.8381
1700.000000	97.796	-148.8290
1725.000000	97.906	-148.8036
1750.000000	98.017	-148.8076
1775.000000	98.127	-148.8207
1800.000000	98.238	-148.8514
1825.000000	98.348	-148.8888
1850.000000	98.458	-148.9526
1875.000000	98.568	-149.0385
1900.000000	98.679	-149.1262
1925.000000	98.789	-149.2479
1950.000000	98.898	-149.3806
1975.000000	99.007	-149.5352
2000.000000	99.116	-149.7205
2030.000000	99.247	-149.9421
2060.000000	99.378	-150.1936
2090.000000	99.507	-150.4899
2120.000000	99.634	-150.8320
2140.000000	99.717	-151.0438
2180.000000	99.881	-151.5621
2200.000000	99.961	-151.8311
2240.000000	100.117	-152.4147
2270.000000	100.231	-152.8815
2300.000000	100.340	-153.4016
2330.000000	100.446	-153.9348
2360.000000	100.546	-154.4959
2400.000000	100.671	-155.2902
2430.000000	100.758	-155.9244
2470.000000	100.865	-156.7838
2500.000000	100.939	-157.4146
2540.000000	101.026	-158.2950
2580.000000	101.103	-159.2073
2620.000000	101.169	-160.1400
2650.000000	101.211	-160.8160
2690.000000	101.258	-161.7327
2720.000000	101.286	-162.4046
2760.000000	101.314	-163.3155
2800.000000	101.333	-164.1600
2850.000000	101.343	-165.2193
2900.000000	101.339	-166.2211
2950.000000	101.322	-167.1409
3000.000000	101.295	-167.9281
3040.000000	101.267	-168.6892
3070.000000	101.244	-169.1263
3110.000000	101.210	-169.6982
3150.000000	101.177	-170.2094
3200.000000	101.143	-170.7737
3250.000000	101.110	-171.2993
3300.000000	101.077	-171.7605
3350.000000	101.040	-172.1814
3400.000000	101.001	-172.5734
3450.000000	100.959	-172.8576
3500.000000	100.917	-173.0853
3550.000000	100.877	-173.2674
3600.000000	100.839	-173.3510
3650.000000	100.807	-173.4040
3700.000000	100.780	-173.4141
3750.000000	100.760	-173.3651
3820.000000	100.743	-173.3090
3870.000000	100.735	-173.2548
3950.000000	100.726	-173.1412
4000.000000	100.716	-173.0619
4060.000000	100.693	-172.9556
4120.000000	100.666	-172.8023
4180.000000	100.643	-172.6900
4250.000000	100.625	-172.5621
4310.000000	100.615	-172.4280
4370.000000	100.610	-172.3459
4440.000000	100.610	-172.2529
4500.000000	100.615	-172.1907
4550.000000	100.622	-172.1400
4620.000000	100.636	-172.1053
4680.000000	100.653	-172.1091
4750.000000	100.677	-172.1335
4820.000000	100.704	-172.2513
4870.000000	100.725	-172.3370
4940.000000	100.754	-172.5240
5000.000000	100.781	-172.7439
5080.000000	100.817	-173.1132
5150.000000	100.845	-173.4427
5220.000000	100.867	-173.8447
5300.000000	100.882	-174.3245
5380.000000	100.884	-174.7873
5450.000000	100.877	-175.2088
5520.000000	100.863	-175.5980
5600.000000	100.839	-175.9940
5700.000000	100.801	-176.4323
5800.000000	100.754	-176.7907
5900.000000	100.703	-177.0862
6000.000000	100.651	-177.5974
6080.000000	100.614	-177.2390
6150.000000	100.585	-177.2188
6220.000000	100.562	-177.1474
6300.000000	100.540	-176.9950
6400.000000	100.518	-176.7595
6500.000000	100.512	-176.4302
6600.000000	100.532	-176.1193
6700.000000	100.580	-175.8151
6800.000000	100.657	-175.5411
6900.000000	100.765	-175.3064
7000.000000	100.909	-175.1765
7100.000000	101.093	-175.1268
7200.000000	101.328	-175.2711
7300.000000	101.618	-175.7379
7400.000000	101.958	-176.6403
7500.000000	102.338	-178.1508
7620.000000	102.823	179.0436
7750.000000	103.332	174.5329
7880.000000	103.726	168.2842
8000.000000	103.883	161.1983
8120.000000	103.755	153.3403
8250.000000	103.254	144.8978
8380.000000	102.417	137.4840
8500.000000	101.436	132.0808
8620.000000	100.350	128.2180
8750.000000	99.143	125.6289
8850.000000	98.234	124.6236
9000.000000	96.940	124.3276
9120.000000	95.977	124.9122
9250.000000	95.012	126.1282
9380.000000	94.122	127.7524
9500.000000	93.361	129.5715
9620.000000	92.651	131.5726
9750.000000	91.931	133.9145
9880.000000	91.251	136.3766
10000.000000	90.651	138.7645
10150.000000	89.921	141.9001
10300.000000	89.196	145.2583
10440.000000	88.509	148.7791
10600.000000	87.710	153.6314
10750.000000	86.987	159.4268
10900.000000	86.397	166.8089
11060.000000	86.089	176.0606
11200.000000	86.180	-175.9017
11380.000000	86.690	-167.4337
11500.000000	87.137	-163.3321
11720.000000	87.935	-158.4564
11800.000000	88.193	-157.2535
12060.000000	88.921	-154.2355
12200.000000	89.264	-152.9452
12410.000000	89.746	-151.5143
12500.000000	89.944	-151.0414
12650.000000	90.269	-150.4167
12800.000000	90.586	-150.0823
13150.000000	91.287	-150.4974
13200.000000	91.381	-150.6774
13400.000000	91.740	-151.6260
13600.000000	92.082	-153.1533
13800.000000	92.399	-155.3488
14000.000000	92.642	-158.4814
14300.000000	92.731	-164.3306
14500.000000	92.570	-168.4220
14750.000000	92.154	-172.9746
15000.000000	91.595	-176.5104
15250.000000	91.009	-179.0511
15500.000000	90.469	178.8286
15750.000000	89.984	176.5154
16000.000000	89.518	173.4630
16250.000000	89.012	169.7525
16500.000000	88.336	165.8522
16750.000000	87.420	162.4592
17000.000000	86.280	160.1906
17250.000000	84.970	159.5881
17500.000000	83.580	160.9423
17750.000000	82.205	164.2457
18000.000000	80.912	169.3243
18250.000000	79.748	175.9313
18500.000000	78.772	-176.1765
18750.000000	78.028	-167.4736
19000.000000	77.516	-158.4597
19250.000000	77.199	-149.6353
19500.000000	77.005	-141.2243
19750.000000	76.879	-133.0565
20000.000000	76.825	-126.5623
