20.144928	107.367
20.290907	107.360
20.437943	107.353
20.586044	107.344
20.735220	107.334
20.885475	107.323
21.036821	107.312
21.189262	107.301
21.342808	107.290
21.497467	107.280
21.653246	107.269
21.810154	107.259
21.968201	107.249
22.127390	107.239
22.287735	107.229
22.449242	107.220
22.611917	107.210
22.775772	107.200
22.940815	107.190
23.107054	107.179
23.274498	107.169
23.443153	107.158
23.613033	107.147
23.784142	107.135
23.956491	107.123
24.130091	107.111
24.304947	107.098
24.481071	107.084
24.658470	107.071
24.837156	107.057
25.017136	107.042
25.198421	107.028
25.381020	107.014
25.564941	107.000
25.750195	106.986
25.936790	106.972
26.124741	106.958
26.314051	106.944
26.504732	106.929
26.696796	106.915
26.890253	106.900
27.085112	106.885
27.281382	106.870
27.479073	106.855
27.678198	106.839
27.878765	106.823
28.080786	106.808
28.284271	106.791
28.489231	106.775
28.695675	106.758
28.903616	106.741
29.113064	106.723
29.324028	106.706
29.536524	106.688
29.750557	106.670
29.966141	106.652
30.183289	106.634
30.402010	106.616
30.622314	106.598
30.844217	106.579
31.067726	106.560
31.292856	106.540
31.519617	106.521
31.748020	106.501
31.978081	106.481
32.209808	106.460
32.443211	106.440
32.678310	106.420
32.915108	106.399
33.153625	106.379
33.393871	106.358
33.635857	106.337
33.879597	106.316
34.125103	106.295
34.372387	106.274
34.621464	106.252
34.872345	106.230
35.125042	106.208
35.379574	106.186
35.635948	106.165
35.894180	106.143
36.154285	106.121
36.416275	106.098
36.680161	106.075
36.945961	106.051
37.213688	106.027
37.483353	106.001
37.754974	105.974
38.028561	105.947
38.304131	105.919
38.581699	105.891
38.861279	105.862
39.142883	105.833
39.426529	105.803
39.712231	105.774
40.000000	105.745
40.289856	105.718
40.581814	105.693
40.875885	105.672
41.172089	105.655
41.470440	105.642
41.770950	105.633
42.073643	105.625
42.378525	105.618
42.685616	105.609
42.994934	105.599
43.306492	105.586
43.620308	105.569
43.936401	105.550
44.254780	105.529
44.575470	105.506
44.898483	105.483
45.223835	105.458
45.551544	105.432
45.881630	105.406
46.214108	105.379
46.548996	105.352
46.886307	105.324
47.226067	105.296
47.568283	105.267
47.912983	105.238
48.260181	105.208
48.609894	105.179
48.962143	105.149
49.316940	105.120
49.674313	105.091
50.034271	105.061
50.396843	105.028
50.762039	104.993
51.129883	104.957
51.500389	104.920
51.873581	104.883
52.249481	104.846
52.628101	104.810
53.009464	104.774
53.393593	104.738
53.780506	104.702
54.170223	104.664
54.562763	104.627
54.958145	104.589
55.356396	104.551
55.757530	104.514
56.161572	104.476
56.568542	104.438
56.978462	104.400
57.391350	104.362
57.807232	104.323
58.226128	104.284
58.648056	104.245
59.073048	104.207
59.501114	104.168
59.932281	104.130
60.366577	104.092
60.804020	104.053
61.244629	104.013
61.688435	103.973
62.135452	103.933
62.585712	103.893
63.039234	103.854
63.496040	103.816
63.956161	103.780
64.419617	103.744
64.886421	103.708
65.356621	103.672
65.830215	103.637
66.307251	103.601
66.787743	103.565
67.271713	103.529
67.759193	103.493
68.250206	103.457
68.744774	103.420
69.242928	103.384
69.744690	103.347
70.250084	103.310
70.759148	103.272
71.271896	103.235
71.788361	103.197
72.308571	103.159
72.832550	103.120
73.360321	103.083
73.891922	103.045
74.427376	103.007
74.966705	102.969
75.509949	102.930
76.057121	102.891
76.608261	102.853
77.163399	102.815
77.722557	102.776
78.285767	102.738
78.853058	102.699
79.424461	102.660
80.000000	102.620
80.579712	102.579
81.163628	102.537
81.751770	102.496
82.344177	102.455
82.940880	102.414
83.541901	102.373
84.147285	102.330
84.757050	102.288
85.371231	102.246
85.989868	102.204
86.612984	102.162
87.240616	102.120
87.872803	102.079
88.509560	102.036
89.150940	101.992
89.796967	101.949
90.447670	101.906
91.103088	101.862
91.763260	101.819
92.428215	101.776
93.097992	101.733
93.772614	101.689
94.452133	101.645
95.136566	101.602
95.825966	101.557
96.520363	101.514
97.219788	101.470
97.924286	101.426
98.633881	101.382
99.348625	101.338
100.068542	101.293
100.793686	101.247
101.524078	101.201
102.259766	101.155
103.000778	101.109
103.747162	101.063
104.498962	101.017
105.256203	100.970
106.018929	100.924
106.787186	100.878
107.561012	100.831
108.340446	100.785
109.125526	100.739
109.916290	100.693
110.712791	100.648
111.515060	100.603
112.323143	100.558
113.137085	100.513
113.956924	100.468
114.782700	100.424
115.614464	100.379
116.452255	100.334
117.296112	100.290
118.146095	100.245
119.002228	100.200
119.864563	100.155
120.733154	100.109
121.608040	100.064
122.489258	100.019
123.376869	99.974
124.270905	99.929
125.171425	99.886
126.078468	99.846
126.992081	99.808
127.912323	99.769
128.839233	99.731
129.772842	99.693
130.713242	99.655
131.660431	99.616
132.614502	99.578
133.575485	99.540
134.543427	99.502
135.518387	99.464
136.500412	99.426
137.489548	99.388
138.485855	99.351
139.489380	99.314
140.500168	99.276
141.518295	99.239
142.543793	99.201
143.576721	99.163
144.617142	99.125
145.665100	99.087
146.720642	99.049
147.783844	99.011
148.854752	98.972
149.933411	98.934
151.019897	98.896
152.114243	98.857
153.216522	98.819
154.326797	98.781
155.445114	98.743
156.571533	98.705
157.706116	98.667
158.848923	98.628
160.000000	98.587
161.159424	98.544
162.327255	98.500
163.503540	98.455
164.688354	98.409
165.881760	98.364
167.083801	98.318
168.294571	98.273
169.514099	98.228
170.742462	98.183
171.979736	98.138
173.225967	98.093
174.481232	98.048
175.745605	98.003
177.019119	97.958
178.301880	97.913
179.593933	97.868
180.895340	97.823
182.206177	97.777
183.526520	97.732
184.856430	97.687
186.195984	97.642
187.545227	97.597
188.904266	97.552
190.273132	97.507
191.651932	97.462
193.040726	97.417
194.439575	97.372
195.848572	97.327
197.267761	97.282
198.697250	97.237
200.137085	97.194
201.587372	97.152
203.048157	97.111
204.519531	97.071
206.001556	97.031
207.494324	96.992
208.997925	96.954
210.512405	96.918
212.037857	96.883
213.574371	96.851
215.122025	96.821
216.680893	96.794
218.251053	96.770
219.832581	96.747
221.425583	96.726
223.030121	96.706
224.646286	96.685
226.274170	96.664
227.913849	96.643
229.565399	96.621
231.228928	96.599
232.904510	96.577
234.592224	96.556
236.292191	96.537
238.004456	96.519
239.729126	96.501
241.466309	96.481
243.216080	96.461
244.978516	96.437
246.753738	96.412
248.541809	96.382
250.342850	96.350
252.156937	96.315
253.984161	96.278
255.824646	96.240
257.678467	96.201
259.545685	96.161
261.426483	96.122
263.320862	96.082
265.229004	96.043
267.150970	96.004
269.086853	95.965
271.036774	95.926
273.000824	95.887
274.979095	95.848
276.971710	95.810
278.978760	95.772
281.000336	95.734
283.036591	95.696
285.087585	95.659
287.153442	95.622
289.234283	95.585
291.330200	95.549
293.441284	95.513
295.567688	95.477
297.709503	95.441
299.866821	95.406
302.039795	95.371
304.228485	95.337
306.433044	95.302
308.653595	95.268
310.890228	95.234
313.143066	95.201
315.412231	95.170
317.697845	95.141
320.000000	95.115
322.318848	95.090
324.654510	95.065
327.007080	95.041
329.376709	95.017
331.763519	94.993
334.167603	94.969
336.589142	94.945
339.028198	94.922
341.484924	94.898
343.959473	94.875
346.451935	94.852
348.962463	94.829
351.491211	94.806
354.038239	94.784
356.603760	94.761
359.187866	94.740
361.790680	94.718
364.412354	94.696
367.053040	94.674
369.712860	94.653
372.391968	94.631
375.090454	94.610
377.808533	94.590
380.546265	94.569
383.303864	94.549
386.081451	94.529
388.879150	94.509
391.697144	94.489
394.535522	94.469
397.394501	94.450
400.274170	94.430
403.174744	94.411
406.096313	94.392
409.039062	94.373
412.003113	94.354
414.988647	94.336
417.995850	94.318
421.024811	94.300
424.075714	94.282
427.148743	94.264
430.244049	94.247
433.361786	94.230
436.502106	94.213
439.665161	94.196
442.851166	94.180
446.060242	94.163
449.292572	94.147
452.548340	94.131
455.827698	94.116
459.130798	94.100
462.457855	94.085
465.809021	94.070
469.184448	94.055
472.584381	94.041
476.008911	94.026
479.458252	94.012
482.932617	93.998
486.432159	93.985
489.957031	93.972
493.507477	93.959
497.083618	93.946
500.685699	93.934
504.313873	93.924
507.968323	93.914
511.649292	93.905
515.356934	93.896
519.091370	93.887
522.852966	93.879
526.641724	93.871
530.458008	93.862
534.301941	93.854
538.173706	93.847
542.073547	93.841
546.001648	93.834
549.958191	93.828
553.943420	93.822
557.957520	93.817
562.000671	93.812
566.073181	93.807
570.175171	93.803
574.306885	93.800
578.468567	93.796
582.660400	93.794
586.882568	93.792
591.135376	93.790
595.419006	93.790
599.733643	93.789
604.079590	93.790
608.456970	93.791
612.866089	93.794
617.307190	93.797
621.780457	93.801
626.286133	93.806
630.824463	93.815
635.395691	93.826
640.000000	93.840
644.637695	93.856
649.309021	93.873
654.014160	93.892
658.753418	93.912
663.527039	93.934
668.335205	93.959
673.178284	93.986
678.056396	94.015
682.969849	94.046
687.918945	94.079
692.903870	94.115
697.924927	94.153
702.982422	94.195
708.076477	94.239
713.207520	94.286
718.375732	94.335
723.581360	94.388
728.824707	94.443
734.106079	94.501
739.425720	94.562
744.783936	94.626
750.180908	94.691
755.617065	94.759
761.092529	94.829
766.607727	94.900
772.162903	94.973
777.758301	95.047
783.394287	95.122
789.071045	95.198
794.789001	95.273
800.548340	95.347
806.349487	95.418
812.192627	95.488
818.078125	95.556
824.006226	95.623
829.977295	95.689
835.991699	95.755
842.049622	95.820
848.151428	95.883
854.297485	95.946
860.488098	96.008
866.723572	96.069
873.004211	96.129
879.330322	96.188
885.702332	96.247
892.120483	96.305
898.585144	96.363
905.096680	96.421
911.655396	96.479
918.261597	96.537
924.915710	96.595
931.618042	96.653
938.368896	96.711
945.168762	96.770
952.017822	96.830
958.916504	96.890
965.865234	96.951
972.864319	97.012
979.914062	97.075
987.014954	97.137
994.167236	97.199
1001.371399	97.255
1008.627747	97.305
1015.936646	97.351
1023.298584	97.397
1030.713867	97.443
1038.182739	97.490
1045.705933	97.538
1053.283447	97.587
1060.916016	97.636
1068.603882	97.687
1076.347412	97.738
1084.147095	97.790
1092.003296	97.842
1099.916382	97.895
1107.886841	97.948
1115.915039	98.003
1124.001343	98.057
1132.146362	98.112
1140.350342	98.167
1148.613770	98.222
1156.937134	98.278
1165.320801	98.334
1173.765137	98.390
1182.270752	98.446
1190.838013	98.503
1199.467285	98.560
1208.159180	98.618
1216.913940	98.675
1225.732178	98.733
1234.614380	98.792
1243.560913	98.854
1252.572266	98.921
1261.648926	98.995
1270.791382	99.073
1280.000000	99.153
1289.275391	99.233
1298.618042	99.313
1308.028320	99.394
1317.506836	99.475
1327.054077	99.557
1336.670410	99.639
1346.356567	99.721
1356.112793	99.804
1365.939697	99.887
1375.837891	99.970
1385.807739	100.054
1395.849854	100.137
1405.964844	100.220
1416.152954	100.302
1426.415039	100.384
1436.751465	100.463
1447.162720	100.541
1457.649414	100.616
1468.212158	100.688
1478.851440	100.755
1489.567871	100.816
1500.361816	100.872
1511.234131	100.919
1522.185059	100.959
1533.215454	100.990
1544.325806	101.013
1555.516602	101.029
1566.788574	101.041
1578.142090	101.052
1589.578003	101.067
1601.096680	101.090
1612.698975	101.125
1624.385254	101.173
1636.156250	101.237
1648.012451	101.315
1659.954590	101.408
1671.983398	101.513
1684.099243	101.629
1696.302856	101.754
1708.594971	101.887
1720.976196	102.027
1733.447144	102.171
1746.008423	102.319
1758.660645	102.471
1771.404663	102.626
1784.240967	102.783
1797.170288	102.942
1810.193359	103.103
1823.310791	103.264
1836.523193	103.426
1849.831421	103.589
1863.236084	103.751
1876.737793	103.912
1890.337524	104.073
1904.035645	104.232
1917.833008	104.390
1931.730469	104.546
1945.728638	104.701
1959.828125	104.853
1974.029907	105.004
1988.334473	105.152
2002.742798	105.297
2017.255493	105.440
2031.873291	105.579
2046.597168	105.714
2061.427734	105.843
2076.365479	105.966
2091.411865	106.083
2106.566895	106.192
2121.832031	106.294
2137.207764	106.387
2152.694824	106.471
2168.294189	106.545
2184.006592	106.608
2199.832764	106.660
2215.773682	106.700
2231.830078	106.726
2248.002686	106.738
2264.292725	106.735
2280.700684	106.716
2297.227539	106.681
2313.874268	106.629
2330.641602	106.560
2347.530273	106.475
2364.541504	106.375
2381.676025	106.265
2398.934570	106.147
2416.318359	106.025
2433.827881	105.905
2451.464355	105.789
2469.228760	105.678
2487.121826	105.571
2505.144531	105.466
2523.297852	105.360
2541.582764	105.251
2560.000000	105.133
2578.550781	105.005
2597.236084	104.864
2616.056641	104.708
2635.013672	104.538
2654.108154	104.353
2673.340820	104.159
2692.713135	103.958
2712.225586	103.758
2731.879395	103.562
2751.675781	103.376
2771.615479	103.202
2791.699707	103.039
2811.929688	102.885
2832.305908	102.739
2852.830078	102.600
2873.502930	102.467
2894.325439	102.343
2915.298828	102.228
2936.424316	102.125
2957.702881	102.033
2979.135742	101.953
3000.723633	101.885
3022.468262	101.825
3044.370117	101.774
3066.430908	101.730
3088.651611	101.690
3111.033203	101.652
3133.577148	101.615
3156.284180	101.579
3179.156006	101.541
3202.193359	101.499
3225.397949	101.448
3248.770508	101.387
3272.312500	101.312
3296.024902	101.220
3319.909180	101.112
3343.966797	100.987
3368.198486	100.849
3392.605713	100.705
3417.189941	100.565
3441.952393	100.439
3466.894287	100.333
3492.016846	100.253
3517.321289	100.198
3542.809326	100.163
3568.481934	100.144
3594.340576	100.136
3620.386719	100.137
3646.621582	100.148
3673.046387	100.170
3699.662842	100.205
3726.472168	100.255
3753.475586	100.318
3780.675049	100.394
3808.071289	100.477
3835.666016	100.562
3863.460938	100.636
3891.457275	100.686
3919.656250	100.693
3948.059814	100.642
3976.668945	100.521
4005.485596	100.336
4034.510986	100.111
4063.746582	99.890
4093.194336	99.716
4122.855469	99.614
4152.730957	99.589
4182.823730	99.629
4213.133789	99.715
4243.664062	99.831
4274.415527	99.965
4305.389648	100.109
4336.588379	100.257
4368.013184	100.405
4399.665527	100.550
4431.547363	100.690
4463.660156	100.823
4496.005371	100.943
4528.585449	101.048
4561.401367	101.131
4594.455078	101.185
4627.748535	101.201
4661.283203	101.176
4695.060547	101.108
4729.083008	101.007
4763.352051	100.892
4797.869141	100.786
4832.636719	100.711
4867.655762	100.684
4902.928711	100.712
4938.457520	100.792
4974.243652	100.913
5010.289062	101.062
5046.595703	101.224
5083.165527	101.382
5120.000000	101.526
5157.101562	101.654
5194.472168	101.768
5232.113281	101.872
5270.027344	101.969
5308.216309	102.055
5346.681641	102.123
5385.426270	102.168
5424.451172	102.186
5463.758789	102.182
5503.351562	102.167
5543.230957	102.153
5583.399414	102.148
5623.859375	102.149
5664.611816	102.147
5705.660156	102.124
5747.005859	102.066
5788.650879	101.963
5830.597656	101.810
5872.848633	101.611
5915.405762	101.385
5958.271484	101.162
6001.447266	100.976
6044.936523	100.855
6088.740234	100.807
6132.861816	100.823
6177.303223	100.883
6222.066406	100.968
6267.154297	101.062
6312.568359	101.152
6358.312012	101.233
6404.386719	101.306
6450.795898	101.375
6497.541016	101.437
6544.625000	101.496
6592.049805	101.555
6639.818359	101.618
6687.933594	101.694
6736.396973	101.787
6785.211426	101.900
6834.379883	102.033
6883.904785	102.185
6933.788574	102.354
6984.033691	102.539
7034.642578	102.741
7085.618652	102.960
7136.963867	103.195
7188.681152	103.446
7240.773438	103.713
7293.243164	103.997
7346.092773	104.301
7399.325684	104.628
7452.944336	104.981
7506.951172	105.356
7561.350098	105.751
7616.142578	106.159
7671.332031	106.568
7726.921875	106.967
7782.914551	107.340
7839.312500	107.665
7896.119629	107.917
7953.337891	108.066
8010.971191	108.082
8069.021973	107.944
8127.493164	107.644
8186.388672	107.192
8245.710938	106.617
8305.461914	105.958
8365.647461	105.254
8426.267578	104.540
8487.328125	103.839
8548.831055	103.165
8610.779297	102.520
8673.176758	101.904
8736.026367	101.310
8799.331055	100.735
8863.094727	100.180
8927.320312	99.651
8992.010742	99.153
9057.170898	98.691
9122.802734	98.266
9188.910156	97.882
9255.497070	97.540
9322.566406	97.242
9390.121094	96.985
9458.166016	96.756
9526.704102	96.545
9595.738281	96.345
9665.273438	96.153
9735.311523	95.976
9805.857422	95.818
9876.915039	95.682
9948.487305	95.570
10020.578125	95.484
10093.191406	95.428
10166.331055	95.405
10240.000000	95.418
10314.203125	95.470
10388.944336	95.554
10464.226562	95.661
10540.054688	95.775
10616.432617	95.881
10693.363281	95.961
10770.852539	95.995
10848.902344	95.964
10927.517578	95.855
11006.703125	95.663
11086.461914	95.390
11166.798828	95.043
11247.718750	94.636
11329.223633	94.187
11411.320312	93.718
11494.011719	93.251
11577.301758	92.805
11661.195312	92.391
11745.697266	92.017
11830.811523	91.686
11916.542969	91.399
12002.894531	91.154
12089.873047	90.949
12177.480469	90.783
12265.723633	90.653
12354.606445	90.562
12444.132812	90.513
12534.308594	90.514
12625.136719	90.575
12716.624023	90.707
12808.773438	90.922
12901.591797	91.224
12995.082031	91.613
13089.250000	92.079
13184.099609	92.603
13279.636719	93.163
13375.867188	93.724
13472.793945	94.246
13570.422852	94.683
13668.759766	94.988
13767.809570	95.113
13867.577148	95.026
13968.067383	94.720
14069.285156	94.219
14171.237305	93.570
14273.927734	92.834
14377.362305	92.073
14481.546875	91.338
14586.486328	90.667
14692.185547	90.087
14798.651367	89.606
14905.888672	89.223
15013.902344	88.928
15122.700195	88.712
15232.285156	88.572
15342.664062	88.512
15453.843750	88.548
15565.829102	88.714
15678.625000	89.064
15792.239258	89.659
15906.675781	90.550
16021.942383	91.739
16138.043945	93.145
16254.986328	94.615
16372.777344	95.990
16491.421875	97.121
16610.923828	97.870
16731.294922	98.138
16852.535156	97.901
16974.656250	97.222
17097.662109	96.224
17221.558594	95.045
17346.353516	93.793
17472.052734	92.535
17598.662109	91.304
17726.189453	90.108
17854.640625	88.947
17984.021484	87.817
18114.341797	86.714
18245.605469	85.635
18377.820312	84.579
18510.994141	83.549
18645.132812	82.553
18780.242188	81.605
18916.332031	80.723
19053.408203	79.930
19191.476562	79.252
19330.546875	78.714
19470.623047	78.336
19611.714844	78.125
19753.830078	78.060
19896.974609	78.088
