20.000000	105.797	176.4600
20.299999	105.784	176.0399
20.600000	105.770	175.6393
20.900000	105.756	175.2583
21.200001	105.741	174.8727
21.400000	105.731	174.6170
21.799999	105.711	174.1265
22.000000	105.700	173.8890
22.400000	105.680	173.3952
22.700001	105.663	173.0417
23.000000	105.646	172.7018
23.299999	105.629	172.3563
23.600000	105.612	172.0224
24.000000	105.588	171.5943
24.299999	105.571	171.2604
24.700001	105.548	170.8297
25.000000	105.529	170.5205
25.400000	105.505	170.0928
25.799999	105.480	169.6883
26.200001	105.456	169.2964
26.500000	105.437	169.0078
26.900000	105.412	168.6367
27.200001	105.394	168.3512
27.600000	105.368	167.9720
28.000000	105.342	167.6099
28.500000	105.309	167.1565
29.000000	105.276	166.7200
29.500000	105.243	166.2797
30.000000	105.208	165.8619
30.400000	105.179	165.5305
30.700001	105.158	165.2926
31.100000	105.129	164.9832
31.500000	105.101	164.6701
32.000000	105.066	164.2928
32.500000	105.031	163.9068
33.000000	104.995	163.5406
33.500000	104.959	163.1819
34.000000	104.923	162.8327
34.500000	104.887	162.4685
35.000000	104.850	162.1156
35.500000	104.812	161.7712
36.000000	104.776	161.4420
36.500000	104.739	161.1177
37.000000	104.703	160.8052
37.500000	104.666	160.4922
38.200001	104.614	160.0632
38.700001	104.576	159.7551
39.500000	104.513	159.2873
40.000000	104.474	159.0127
40.599998	104.429	158.6760
41.200001	104.383	158.3471
41.799999	104.336	158.0256
42.500000	104.280	157.6647
43.099998	104.232	157.3679
43.700001	104.186	157.0714
44.400002	104.130	156.7266
45.000000	104.082	156.4400
45.500000	104.041	156.2079
46.200001	103.984	155.9017
46.799999	103.933	155.6575
47.500000	103.874	155.3866
48.200001	103.816	155.1349
48.700001	103.774	154.9710
49.400002	103.717	154.7785
50.000000	103.673	154.6427
50.799999	103.622	154.4729
51.500000	103.582	154.3048
52.200001	103.547	154.1214
53.000000	103.512	153.8645
53.799999	103.473	153.5253
54.500000	103.432	153.2263
55.200001	103.386	152.9502
56.000000	103.333	152.6461
57.000000	103.265	152.2917
58.000000	103.199	151.9677
59.000000	103.133	151.6392
60.000000	103.065	151.3000
60.799999	103.009	151.0418
61.500000	102.958	150.8296
62.200001	102.907	150.6309
63.000000	102.850	150.4084
64.000000	102.779	150.1330
65.000000	102.710	149.8837
66.000000	102.641	149.6315
67.000000	102.573	149.3850
68.000000	102.505	149.1591
69.000000	102.437	148.9362
70.000000	102.369	148.7321
71.000000	102.303	148.5417
72.000000	102.236	148.3466
73.000000	102.169	148.1579
74.000000	102.102	147.9807
75.000000	102.035	147.8002
76.199997	101.955	147.5953
77.500000	101.869	147.3911
78.800003	101.780	147.2065
80.000000	101.699	147.0781
81.199997	101.618	146.9748
82.500000	101.535	146.8946
83.800003	101.462	146.8532
85.000000	101.401	146.7699
86.199997	101.343	146.6451
87.500000	101.275	146.4789
88.500000	101.219	146.3553
90.000000	101.136	146.1763
91.199997	101.066	146.0602
92.500000	100.991	145.9428
93.800003	100.917	145.8327
95.000000	100.850	145.7377
96.199997	100.782	145.6423
97.500000	100.709	145.5721
98.800003	100.639	145.4927
100.000000	100.576	145.4315
101.500000	100.495	145.3534
103.000000	100.414	145.2968
104.400002	100.340	145.2587
106.000000	100.259	145.2273
107.500000	100.184	145.1859
109.000000	100.111	145.1603
110.599998	100.033	145.1266
112.000000	99.965	145.1098
113.800003	99.879	145.0635
115.000000	99.821	145.0373
117.199997	99.715	145.0115
118.000000	99.677	145.0000
120.599998	99.558	144.9973
122.000000	99.494	144.9992
124.099998	99.398	145.0162
125.000000	99.357	145.0122
126.500000	99.289	145.0302
128.000000	99.222	145.0690
131.500000	99.069	145.1382
132.000000	99.048	145.1501
134.000000	98.960	145.2097
136.000000	98.873	145.2792
138.000000	98.788	145.3548
140.000000	98.703	145.4339
143.000000	98.580	145.5808
145.000000	98.498	145.6986
147.500000	98.395	145.8837
150.000000	98.295	146.1322
152.500000	98.203	146.4023
155.000000	98.123	146.6856
157.500000	98.053	146.9254
160.000000	97.987	147.1153
162.500000	97.922	147.2668
165.000000	97.853	147.3897
167.500000	97.781	147.5150
170.000000	97.706	147.6581
172.500000	97.632	147.8276
175.000000	97.561	148.0053
177.500000	97.491	148.1658
180.000000	97.420	148.3113
182.500000	97.346	148.4981
185.000000	97.273	148.7224
187.500000	97.204	148.9579
190.000000	97.142	149.2269
192.500000	97.088	149.4767
195.000000	97.039	149.7182
197.500000	96.993	149.9048
200.000000	96.947	150.0670
203.000000	96.887	150.2498
206.000000	96.823	150.4111
209.000000	96.755	150.5854
212.000000	96.686	150.7795
214.000000	96.641	150.9126
218.000000	96.554	151.2193
220.000000	96.513	151.3767
224.000000	96.436	151.7024
227.000000	96.380	151.9485
230.000000	96.326	152.1783
233.000000	96.273	152.3940
236.000000	96.219	152.5870
240.000000	96.147	152.8557
243.000000	96.092	153.0644
247.000000	96.017	153.3377
250.000000	95.963	153.5656
254.000000	95.892	153.8686
258.000000	95.823	154.1882
262.000000	95.757	154.4982
265.000000	95.709	154.7453
269.000000	95.646	155.0572
272.000000	95.600	155.3077
276.000000	95.538	155.6290
280.000000	95.479	155.9610
285.000000	95.408	156.3627
290.000000	95.340	156.7681
295.000000	95.272	157.1606
300.000000	95.206	157.5760
304.000000	95.155	157.8883
307.000000	95.118	158.1286
311.000000	95.068	158.4432
315.000000	95.019	158.7700
320.000000	94.960	159.1792
325.000000	94.903	159.5791
330.000000	94.847	159.9886
335.000000	94.792	160.3970
340.000000	94.740	160.8075
345.000000	94.690	161.2173
350.000000	94.642	161.6192
355.000000	94.596	162.0264
360.000000	94.551	162.4365
365.000000	94.507	162.8264
370.000000	94.463	163.2263
375.000000	94.421	163.6335
382.000000	94.365	164.1848
387.000000	94.326	164.5747
395.000000	94.265	165.1994
400.000000	94.229	165.5889
406.000000	94.187	166.0374
412.000000	94.146	166.5126
418.000000	94.107	166.9829
425.000000	94.064	167.5132
431.000000	94.027	167.9908
437.000000	93.992	168.4370
444.000000	93.952	168.9670
450.000000	93.920	169.4063
455.000000	93.894	169.7869
462.000000	93.858	170.3083
468.000000	93.830	170.7529
475.000000	93.798	171.2800
482.000000	93.766	171.7876
487.000000	93.744	172.1711
494.000000	93.714	172.6826
500.000000	93.690	173.1165
508.000000	93.660	173.7009
515.000000	93.634	174.2025
522.000000	93.610	174.6924
530.000000	93.583	175.2809
538.000000	93.558	175.8484
545.000000	93.537	176.3414
552.000000	93.517	176.8675
560.000000	93.496	177.4225
570.000000	93.472	178.1241
580.000000	93.449	178.8335
590.000000	93.429	179.5421
600.000000	93.410	-179.7610
608.000000	93.397	-179.1878
615.000000	93.387	-178.7075
622.000000	93.377	-178.2139
630.000000	93.366	-177.6619
640.000000	93.355	-176.9589
650.000000	93.346	-176.2539
660.000000	93.339	-175.5642
670.000000	93.334	-174.8750
680.000000	93.332	-174.1794
690.000000	93.331	-173.4900
700.000000	93.333	-172.8037
710.000000	93.336	-172.1096
720.000000	93.341	-171.4166
730.000000	93.348	-170.7136
740.000000	93.358	-170.0262
750.000000	93.370	-169.3585
762.000000	93.387	-168.5330
775.000000	93.409	-167.6450
788.000000	93.433	-166.7571
800.000000	93.459	-165.9573
812.000000	93.488	-165.1560
825.000000	93.524	-164.2661
838.000000	93.564	-163.3896
850.000000	93.606	-162.5868
862.000000	93.653	-161.7823
875.000000	93.708	-160.9223
885.000000	93.754	-160.2772
900.000000	93.830	-159.3085
912.000000	93.895	-158.5659
925.000000	93.971	-157.7954
938.000000	94.051	-157.0385
950.000000	94.129	-156.3638
962.000000	94.210	-155.7317
975.000000	94.300	-155.0685
988.000000	94.393	-154.4489
1000.000000	94.480	-153.8959
1015.000000	94.593	-153.2494
1030.000000	94.707	-152.6512
1044.000000	94.815	-152.1312
1060.000000	94.939	-151.5993
1075.000000	95.054	-151.1397
1090.000000	95.170	-150.7099
1106.000000	95.291	-150.3040
1120.000000	95.397	-149.9857
1138.000000	95.531	-149.6162
1150.000000	95.618	-149.3914
1172.000000	95.775	-149.0383
1180.000000	95.831	-148.9435
1206.000000	96.007	-148.6053
1220.000000	96.098	-148.4643
1241.000000	96.231	-148.2827
1250.000000	96.286	-148.2017
1265.000000	96.377	-148.0843
1280.000000	96.464	-147.9836
1315.000000	96.659	-147.7910
1320.000000	96.685	-147.7623
1340.000000	96.791	-147.6701
1360.000000	96.892	-147.5874
1380.000000	96.991	-147.5027
1400.000000	97.087	-147.4350
1430.000000	97.227	-147.3264
1450.000000	97.318	-147.2679
1475.000000	97.429	-147.2034
1500.000000	97.539	-147.1313
1525.000000	97.647	-147.0597
1550.000000	97.753	-147.0038
1575.000000	97.859	-146.9596
1600.000000	97.964	-146.8972
1625.000000	98.068	-146.8491
1650.000000	98.172	-146.8358
1675.000000	98.276	-146.8105
1700.000000	98.379	-146.8216
1725.000000	98.482	-146.8206
1750.000000	98.585	-146.8490
1775.000000	98.687	-146.8873
1800.000000	98.789	-146.9443
1825.000000	98.890	-147.0096
1850.000000	98.990	-147.1009
1875.000000	99.090	-147.2159
1900.000000	99.189	-147.3352
1925.000000	99.287	-147.4887
1950.000000	99.384	-147.6508
1975.000000	99.479	-147.8344
2000.000000	99.572	-148.0466
2030.000000	99.682	-148.2935
2060.000000	99.789	-148.5626
2090.000000	99.892	-148.8674
2120.000000	99.993	-149.2020
2140.000000	100.059	-149.3972
2180.000000	100.191	-149.8570
2200.000000	100.258	-150.0912
2240.000000	100.391	-150.6241
2270.000000	100.487	-151.0795
2300.000000	100.578	-151.6015
2330.000000	100.661	-152.1415
2360.000000	100.736	-152.7036
2400.000000	100.824	-153.4753
2430.000000	100.882	-154.0719
2470.000000	100.949	-154.8526
2500.000000	100.993	-155.4038
2540.000000	101.044	-156.1527
2580.000000	101.088	-156.9117
2620.000000	101.124	-157.6823
2650.000000	101.145	-158.2387
2690.000000	101.163	-158.9924
2720.000000	101.171	-159.5341
2760.000000	101.173	-160.2602
2800.000000	101.166	-160.9066
2850.000000	101.147	-161.7011
2900.000000	101.119	-162.4235
2950.000000	101.081	-163.0546
3000.000000	101.037	-163.5480
3040.000000	100.998	-164.0729
3070.000000	100.967	-164.3339
3110.000000	100.923	-164.6718
3150.000000	100.878	-164.9483
3200.000000	100.820	-165.2103
3250.000000	100.761	-165.4137
3300.000000	100.705	-165.5228
3350.000000	100.652	-165.5639
3400.000000	100.604	-165.5587
3450.000000	100.563	-165.4405
3500.000000	100.532	-165.2707
3550.000000	100.514	-165.0781
3600.000000	100.512	-164.8458
3650.000000	100.522	-164.6769
3700.000000	100.538	-164.5664
3750.000000	100.555	-164.4706
3820.000000	100.577	-164.3861
3870.000000	100.592	-164.3030
3950.000000	100.626	-164.1317
4000.000000	100.655	-164.0278
4060.000000	100.698	-163.9172
4120.000000	100.750	-163.7856
4180.000000	100.812	-163.7174
4250.000000	100.901	-163.6849
4310.000000	100.993	-163.7146
4370.000000	101.094	-163.9253
4440.000000	101.212	-164.3703
4500.000000	101.301	-164.9108
4550.000000	101.363	-165.4189
4620.000000	101.433	-166.1937
4680.000000	101.483	-166.8997
4750.000000	101.530	-167.7604
4820.000000	101.563	-168.7393
4870.000000	101.573	-169.4480
4940.000000	101.567	-170.4877
5000.000000	101.542	-171.3824
5080.000000	101.482	-172.5235
5150.000000	101.412	-173.3943
5220.000000	101.331	-174.2270
5300.000000	101.227	-175.1091
5380.000000	101.106	-175.9128
5450.000000	100.983	-176.5814
5520.000000	100.843	-177.1421
5600.000000	100.664	-177.5908
5700.000000	100.426	-177.8200
5800.000000	100.194	-177.6709
5900.000000	99.986	-177.2405
6000.000000	99.810	-176.9043
6080.000000	99.694	-175.8300
6150.000000	99.611	-175.1849
6220.000000	99.543	-174.4855
6300.000000	99.486	-173.6188
6400.000000	99.446	-172.4962
6500.000000	99.443	-171.2873
6600.000000	99.480	-170.1005
6700.000000	99.560	-168.9254
6800.000000	99.685	-167.8032
6900.000000	99.858	-166.7701
7000.000000	100.081	-165.9254
7100.000000	100.355	-165.2750
7200.000000	100.683	-164.9483
7300.000000	101.063	-165.0602
7400.000000	101.483	-165.6953
7500.000000	101.931	-166.9988
7620.000000	102.482	-169.5719
7750.000000	103.046	-173.7944
7880.000000	103.484	-179.6954
8000.000000	103.674	173.6009
8120.000000	103.573	166.1855
8250.000000	103.099	158.3163
8380.000000	102.292	151.6085
8500.000000	101.349	146.9787
8620.000000	100.320	143.9823
8750.000000	99.200	142.4079
8850.000000	98.379	142.2065
9000.000000	97.254	143.0942
9120.000000	96.458	144.5416
9250.000000	95.699	146.5269
9380.000000	95.028	148.7288
9500.000000	94.472	150.9475
9620.000000	93.968	153.2637
9750.000000	93.471	155.8895
9880.000000	93.021	158.5885
10000.000000	92.639	161.1536
10150.000000	92.193	164.4474
10300.000000	91.771	167.8831
10440.000000	91.387	171.3867
10600.000000	90.967	176.0935
10750.000000	90.644	-178.4046
10900.000000	90.514	-171.5637
11060.000000	90.774	-163.3753
11200.000000	91.420	-156.8932
11380.000000	92.676	-151.5135
11500.000000	93.620	-150.2569
11720.000000	95.263	-152.5609
11800.000000	95.780	-154.6830
12060.000000	96.956	-164.9606
12200.000000	97.181	-171.8145
12410.000000	96.933	177.7483
12500.000000	96.636	173.7334
12650.000000	95.959	168.1136
12800.000000	95.136	163.9274
13150.000000	93.062	159.1110
13200.000000	92.771	158.8761
13400.000000	91.643	158.8309
13600.000000	90.579	159.8753
13800.000000	89.588	161.9954
14000.000000	88.692	164.9922
14300.000000	87.580	171.0582
14500.000000	87.038	175.8419
14750.000000	86.624	-177.7912
15000.000000	86.521	-171.5771
15250.000000	86.751	-166.0634
15500.000000	87.324	-162.1670
15750.000000	88.191	-161.1488
16000.000000	89.138	-164.4973
16250.000000	89.762	-172.5525
16500.000000	89.656	176.3771
16750.000000	88.681	165.5805
17000.000000	87.043	157.8633
17250.000000	85.113	154.2187
17500.000000	83.201	153.9741
17750.000000	81.448	155.9936
18000.000000	79.876	159.4935
18250.000000	78.474	163.9853
18500.000000	77.260	169.1193
18750.000000	76.244	174.2927
19000.000000	75.365	178.8985
19250.000000	74.514	-177.3178
19500.000000	73.582	-174.0688
19750.000000	72.591	-170.5178
20000.000000	71.904	-167.0220
