20.000000	101.554	-125.8319
20.144928	101.578	-126.2268
20.290907	101.601	-126.6195
20.437943	101.624	-127.0103
20.586044	101.647	-127.4000
20.735220	101.670	-127.7884
20.885475	101.693	-128.1762
21.036821	101.715	-128.5637
21.189262	101.738	-128.9509
21.342808	101.760	-129.3379
21.497467	101.782	-129.7247
21.653246	101.804	-130.1108
21.810154	101.825	-130.4963
21.968201	101.846	-130.8806
22.127390	101.866	-131.2634
22.287735	101.887	-131.6448
22.449242	101.907	-132.0245
22.611917	101.927	-132.4026
22.775772	101.946	-132.7796
22.940815	101.966	-133.1555
23.107054	101.985	-133.5310
23.274498	102.004	-133.9063
23.443153	102.023	-134.2812
23.613033	102.041	-134.6561
23.784142	102.059	-135.0303
23.956491	102.076	-135.4030
24.130091	102.093	-135.7739
24.304947	102.109	-136.1413
24.481071	102.124	-136.5054
24.658470	102.139	-136.8648
24.837156	102.154	-137.2199
25.017136	102.170	-137.5713
25.198421	102.185	-137.9192
25.381020	102.200	-138.2661
25.564941	102.216	-138.6121
25.750195	102.232	-138.9600
25.936790	102.248	-139.3098
26.124741	102.263	-139.6627
26.314051	102.278	-140.0184
26.504732	102.293	-140.3755
26.696796	102.307	-140.7337
26.890253	102.320	-141.0903
27.085112	102.332	-141.4449
27.281382	102.344	-141.7958
27.479073	102.355	-142.1434
27.678198	102.366	-142.4875
27.878765	102.378	-142.8301
28.080786	102.389	-143.1719
28.284271	102.400	-143.5144
28.489231	102.411	-143.8581
28.695675	102.422	-144.2027
28.903616	102.432	-144.5473
29.113064	102.441	-144.8897
29.324028	102.450	-145.2288
29.536524	102.458	-145.5628
29.750557	102.467	-145.8926
29.966141	102.476	-146.2184
30.183289	102.485	-146.5443
30.402010	102.495	-146.8717
30.622314	102.504	-147.2043
30.844217	102.514	-147.5416
31.067726	102.522	-147.8837
31.292856	102.529	-148.2245
31.519617	102.535	-148.5605
31.748020	102.539	-148.8851
31.978081	102.544	-149.1951
32.209808	102.550	-149.4904
32.443211	102.557	-149.7749
32.678310	102.568	-150.0588
32.915108	102.581	-150.3489
33.153625	102.596	-150.6596
33.393871	102.611	-150.9930
33.635857	102.625	-151.3523
33.879597	102.635	-151.7278
34.125103	102.641	-152.1081
34.372387	102.642	-152.4811
34.621464	102.639	-152.8285
34.872345	102.635	-153.1466
35.125042	102.631	-153.4314
35.379574	102.630	-153.6913
35.635948	102.632	-153.9387
35.894180	102.639	-154.1841
36.154285	102.648	-154.4411
36.416275	102.658	-154.7137
36.680161	102.669	-155.0011
36.945961	102.678	-155.3004
37.213688	102.687	-155.6044
37.483353	102.695	-155.9108
37.754974	102.702	-156.2186
38.028561	102.709	-156.5291
38.304131	102.715	-156.8448
38.581699	102.720	-157.1646
38.861279	102.723	-157.4854
39.142883	102.724	-157.8015
39.426529	102.724	-158.1052
39.712231	102.723	-158.3945
40.000000	102.723	-158.6704
40.289856	102.724	-158.9374
40.581814	102.727	-159.2038
40.875885	102.731	-159.4751
41.172089	102.736	-159.7528
41.470440	102.740	-160.0354
41.770950	102.743	-160.3198
42.073643	102.745	-160.6031
42.378525	102.748	-160.8858
42.685616	102.749	-161.1695
42.994934	102.750	-161.4544
43.306492	102.750	-161.7379
43.620308	102.749	-162.0144
43.936401	102.747	-162.2772
44.254780	102.745	-162.5240
44.575470	102.746	-162.7610
44.898483	102.749	-162.9997
45.223835	102.754	-163.2516
45.551544	102.760	-163.5221
45.881630	102.763	-163.8078
46.214108	102.764	-164.0970
46.548996	102.764	-164.3771
46.886307	102.762	-164.6419
47.226067	102.762	-164.8967
47.568283	102.764	-165.1540
47.912983	102.767	-165.4249
48.260181	102.768	-165.7115
48.609894	102.767	-166.0057
48.962143	102.763	-166.2948
49.316940	102.757	-166.5686
49.674313	102.751	-166.8251
50.034271	102.745	-167.0693
50.396843	102.738	-167.3090
50.762039	102.731	-167.5498
51.129883	102.725	-167.7942
51.500389	102.719	-168.0431
51.873581	102.714	-168.2980
52.249481	102.708	-168.5607
52.628101	102.702	-168.8306
53.009464	102.694	-169.1033
53.393593	102.685	-169.3725
53.780506	102.675	-169.6346
54.170223	102.666	-169.8911
54.562763	102.657	-170.1475
54.958145	102.649	-170.4075
55.356396	102.639	-170.6701
55.757530	102.629	-170.9298
56.161572	102.619	-171.1819
56.568542	102.609	-171.4270
56.978462	102.601	-171.6720
57.391350	102.593	-171.9242
57.807232	102.585	-172.1857
58.226128	102.575	-172.4513
58.648056	102.563	-172.7119
59.073048	102.551	-172.9607
59.501114	102.539	-173.1976
59.932281	102.528	-173.4286
60.366577	102.518	-173.6612
60.804020	102.508	-173.8996
61.244629	102.498	-174.1429
61.688435	102.486	-174.3875
62.135452	102.474	-174.6298
62.585712	102.462	-174.8666
63.039234	102.450	-175.0966
63.496040	102.441	-175.3214
63.956161	102.434	-175.5464
64.419617	102.428	-175.7785
64.886421	102.421	-176.0197
65.356621	102.413	-176.2651
65.830215	102.405	-176.5076
66.307251	102.396	-176.7467
66.787743	102.388	-176.9882
67.271713	102.379	-177.2353
67.759193	102.368	-177.4811
68.250206	102.356	-177.7148
68.744774	102.345	-177.9333
69.242928	102.336	-178.1454
69.744690	102.328	-178.3616
70.250084	102.320	-178.5853
70.759148	102.312	-178.8136
71.271896	102.304	-179.0435
71.788361	102.295	-179.2718
72.308571	102.285	-179.4948
72.832550	102.275	-179.7110
73.360321	102.266	-179.9264
73.891922	102.257	179.8511
74.427376	102.248	179.6206
74.966705	102.237	179.3888
75.509949	102.225	179.1605
76.057121	102.213	178.9349
76.608261	102.201	178.7124
77.163399	102.188	178.4974
77.722557	102.176	178.2889
78.285767	102.166	178.0768
78.853058	102.155	177.8527
79.424461	102.143	177.6223
80.000000	102.129	177.3990
80.579712	102.114	177.1863
81.163628	102.100	176.9769
81.751770	102.085	176.7648
82.344177	102.071	176.5505
82.940880	102.056	176.3348
83.541901	102.040	176.1167
84.147285	102.024	175.8980
84.757050	102.007	175.6832
85.371231	101.989	175.4714
85.989868	101.972	175.2582
86.612984	101.954	175.0450
87.240616	101.935	174.8365
87.872803	101.917	174.6334
88.509560	101.899	174.4333
89.150940	101.882	174.2384
89.796967	101.866	174.0458
90.447670	101.851	173.8434
91.103088	101.834	173.6299
91.763260	101.817	173.4228
92.428215	101.799	173.2286
93.097992	101.782	173.0329
93.772614	101.764	172.8281
94.452133	101.744	172.6248
95.136566	101.724	172.4272
95.825966	101.703	172.2310
96.520363	101.682	172.0413
97.219788	101.662	171.8593
97.924286	101.643	171.6693
98.633881	101.624	171.4628
99.348625	101.604	171.2526
100.068542	101.583	171.0490
100.793686	101.561	170.8503
101.524078	101.538	170.6570
102.259766	101.516	170.4703
103.000778	101.493	170.2835
103.747162	101.471	170.0930
104.498962	101.447	169.9016
105.256203	101.422	169.7083
106.018929	101.397	169.5146
106.787186	101.371	169.3342
107.561012	101.347	169.1674
108.340446	101.325	168.9916
109.125526	101.303	168.7994
109.916290	101.280	168.6069
110.712791	101.257	168.4227
111.515060	101.232	168.2426
112.323143	101.207	168.0687
113.137085	101.180	167.9034
113.956924	101.152	167.7363
114.782700	101.125	167.5614
115.614464	101.097	167.3795
116.452255	101.071	167.1819
117.296112	101.047	166.9691
118.146095	101.022	166.7093
119.002228	100.991	166.3812
119.864563	100.950	166.1404
120.733154	100.914	166.0916
121.608040	100.893	166.0490
122.489258	100.877	165.9027
123.376869	100.855	165.7502
124.270905	100.832	165.6111
125.171425	100.807	165.4634
126.078468	100.782	165.3248
126.992081	100.759	165.1776
127.912323	100.736	165.0079
128.839233	100.713	164.8345
129.772842	100.690	164.6613
130.713242	100.669	164.4861
131.660431	100.647	164.3217
132.614502	100.625	164.1661
133.575485	100.603	164.0088
134.543427	100.580	163.8644
135.518387	100.556	163.7269
136.500412	100.533	163.5715
137.489548	100.508	163.4153
138.485855	100.484	163.2666
139.489380	100.460	163.1147
140.500168	100.435	162.9661
141.518295	100.410	162.8236
142.543793	100.384	162.6843
143.576721	100.356	162.5491
144.617142	100.328	162.4205
145.665100	100.300	162.2916
146.720642	100.272	162.1709
147.783844	100.245	162.0605
148.854752	100.220	161.9497
149.933411	100.196	161.8344
151.019897	100.172	161.7170
152.114243	100.147	161.6062
153.216522	100.122	161.4896
154.326797	100.097	161.3575
155.445114	100.069	161.2147
156.571533	100.040	161.0900
157.706116	100.013	160.9984
158.848923	99.988	160.8814
160.000000	99.961	160.7340
161.159424	99.930	160.5988
162.327255	99.895	160.4814
163.503540	99.858	160.3730
164.688354	99.820	160.2686
165.881760	99.781	160.1567
167.083801	99.741	160.0273
168.294571	99.699	159.9055
169.514099	99.658	159.7916
170.742462	99.616	159.6746
171.979736	99.572	159.5755
173.225967	99.529	159.5205
174.481232	99.486	159.4931
175.745605	99.445	159.4602
177.019119	99.401	159.3881
178.301880	99.352	159.3126
179.593933	99.302	159.2921
180.895340	99.255	159.2916
182.206177	99.212	159.2814
183.526520	99.171	159.2905
184.856430	99.132	159.3308
186.195984	99.096	159.4005
187.545227	99.064	159.4906
188.904266	99.036	159.5710
190.273132	99.012	159.6381
191.651932	98.993	159.6896
193.040726	98.978	159.7134
194.439575	98.966	159.6963
195.848572	98.952	159.6251
197.267761	98.934	159.5266
198.697250	98.913	159.4312
200.137085	98.891	159.3294
201.587372	98.868	159.2009
203.048157	98.843	159.0662
204.519531	98.816	158.9448
206.001556	98.790	158.8388
207.494324	98.764	158.7371
208.997925	98.738	158.6347
210.512405	98.710	158.5283
212.037857	98.680	158.4291
213.574371	98.648	158.3399
215.122025	98.616	158.2529
216.680893	98.583	158.1472
218.251053	98.549	158.0482
219.832581	98.515	157.9694
221.425583	98.481	157.8677
223.030121	98.444	157.7649
224.646286	98.407	157.6754
226.274170	98.370	157.5787
227.913849	98.332	157.4871
229.565399	98.294	157.4141
231.228928	98.256	157.3505
232.904510	98.217	157.2904
234.592224	98.178	157.2437
236.292191	98.138	157.1913
238.004456	98.098	157.1382
239.729126	98.058	157.0934
241.466309	98.017	157.0398
243.216080	97.976	156.9890
244.978516	97.934	156.9539
246.753738	97.892	156.9301
248.541809	97.849	156.9089
250.342850	97.806	156.8961
252.156937	97.761	156.8805
253.984161	97.715	156.8553
255.824646	97.667	156.8365
257.678467	97.619	156.8278
259.545685	97.571	156.8248
261.426483	97.522	156.8243
263.320862	97.474	156.8441
265.229004	97.426	156.8805
267.150970	97.378	156.9197
269.086853	97.329	156.9677
271.036774	97.281	157.0340
273.000824	97.233	157.0878
274.979095	97.184	157.1402
276.971710	97.136	157.2204
278.978760	97.090	157.3213
281.000336	97.049	157.4174
283.036591	97.010	157.5218
285.087585	96.973	157.6267
287.153442	96.938	157.7184
289.234283	96.906	157.7933
291.330200	96.876	157.8479
293.441284	96.846	157.8867
295.567688	96.815	157.9020
297.709503	96.781	157.8948
299.866821	96.745	157.8833
302.039795	96.706	157.8705
304.228485	96.667	157.8627
306.433044	96.627	157.8541
308.653595	96.585	157.8462
310.890228	96.542	157.8563
313.143066	96.499	157.8817
315.412231	96.457	157.9115
317.697845	96.418	157.9379
320.000000	96.379	157.9636
322.318848	96.339	157.9963
324.654510	96.300	158.0381
327.007080	96.260	158.0857
329.376709	96.220	158.1381
331.763519	96.180	158.2010
334.167603	96.140	158.2616
336.589142	96.100	158.3212
339.028198	96.061	158.3856
341.484924	96.022	158.4581
343.959473	95.983	158.5382
346.451935	95.944	158.6181
348.962463	95.904	158.6972
351.491211	95.864	158.7802
354.038239	95.823	158.8714
356.603760	95.783	158.9708
359.187866	95.744	159.0775
361.790680	95.705	159.1833
364.412354	95.664	159.2870
367.053040	95.623	159.3959
369.712860	95.582	159.5064
372.391968	95.541	159.6235
375.090454	95.501	159.7438
377.808533	95.462	159.8676
380.546265	95.423	159.9958
383.303864	95.382	160.1282
386.081451	95.341	160.2623
388.879150	95.301	160.3944
391.697144	95.261	160.5336
394.535522	95.221	160.6946
397.394501	95.181	160.8497
400.274170	95.140	160.9988
403.174744	95.100	161.1651
406.096313	95.060	161.3334
409.039062	95.020	161.4985
412.003113	94.980	161.6810
414.988647	94.940	161.8659
417.995850	94.901	162.0372
421.024811	94.862	162.2156
424.075714	94.823	162.4116
427.148743	94.784	162.6089
430.244049	94.746	162.8133
433.361786	94.708	163.0388
436.502106	94.672	163.2722
439.665161	94.635	163.4972
442.851166	94.598	163.7104
446.060242	94.561	163.9290
449.292572	94.525	164.1548
452.548340	94.491	164.3852
455.827698	94.458	164.6224
459.130798	94.425	164.8605
462.457855	94.391	165.1010
465.809021	94.358	165.3433
469.184448	94.326	165.5878
472.584381	94.296	165.8395
476.008911	94.267	166.0930
479.458252	94.239	166.3367
482.932617	94.211	166.5665
486.432159	94.183	166.8034
489.957031	94.155	167.0398
493.507477	94.126	167.2694
497.083618	94.098	167.4978
500.685699	94.070	167.7265
504.313873	94.042	167.9528
507.968323	94.015	168.1767
511.649292	93.987	168.4088
515.356934	93.960	168.6461
519.091370	93.931	168.8807
522.852966	93.902	169.1140
526.641724	93.871	169.3525
530.458008	93.840	169.5883
534.301941	93.810	169.8257
538.173706	93.779	170.0783
542.073547	93.748	170.3341
546.001648	93.715	170.5962
549.958191	93.682	170.8653
553.943420	93.649	171.1437
557.957520	93.616	171.4268
562.000671	93.583	171.7102
566.073181	93.549	172.0063
570.175171	93.515	172.3188
574.306885	93.481	172.6389
578.468567	93.447	172.9556
582.660400	93.414	173.2758
586.882568	93.381	173.6136
591.135376	93.347	173.9695
595.419006	93.313	174.3332
599.733643	93.280	174.7046
604.079590	93.247	175.0804
608.456970	93.215	175.4650
612.866089	93.182	175.8625
617.307190	93.150	176.2753
621.780457	93.118	176.7018
626.286133	93.088	177.1353
630.824463	93.060	177.5704
635.395691	93.035	178.0150
640.000000	93.011	178.4794
644.637695	92.988	178.9576
649.309021	92.967	179.4454
654.014160	92.948	179.9503
658.753418	92.930	-179.5345
663.527039	92.913	-179.0053
668.335205	92.897	-178.4656
673.178284	92.883	-177.9155
678.056396	92.870	-177.3561
682.969849	92.860	-176.7892
687.918945	92.852	-176.1950
692.903870	92.846	-175.5803
697.924927	92.844	-174.9694
702.982422	92.845	-174.3538
708.076477	92.848	-173.7339
713.207520	92.854	-173.1050
718.375732	92.863	-172.4483
723.581360	92.876	-171.7832
728.824707	92.894	-171.1233
734.106079	92.916	-170.4690
739.425720	92.943	-169.8228
744.783936	92.974	-169.1762
750.180908	93.008	-168.5348
755.617065	93.045	-167.9010
761.092529	93.085	-167.2809
766.607727	93.129	-166.6813
772.162903	93.177	-166.0931
777.758301	93.228	-165.5202
783.394287	93.281	-164.9703
789.071045	93.336	-164.4495
794.789001	93.391	-163.9549
800.548340	93.447	-163.4810
806.349487	93.501	-163.0258
812.192627	93.555	-162.5889
818.078125	93.608	-162.1714
824.006226	93.661	-161.7776
829.977295	93.713	-161.4063
835.991699	93.764	-161.0548
842.049622	93.814	-160.7191
848.151428	93.864	-160.3974
854.297485	93.912	-160.0862
860.488098	93.958	-159.7820
866.723572	94.003	-159.4857
873.004211	94.046	-159.1974
879.330322	94.087	-158.9143
885.702332	94.128	-158.6358
892.120483	94.167	-158.3574
898.585144	94.206	-158.0771
905.096680	94.243	-157.7932
911.655396	94.279	-157.5072
918.261597	94.315	-157.2222
924.915710	94.351	-156.9352
931.618042	94.386	-156.6418
938.368896	94.421	-156.3480
945.168762	94.456	-156.0530
952.017822	94.491	-155.7530
958.916504	94.527	-155.4505
965.865234	94.563	-155.1474
972.864319	94.600	-154.8404
979.914062	94.637	-154.5270
987.014954	94.674	-154.2090
994.167236	94.708	-153.8979
1001.371399	94.738	-153.5936
1008.627747	94.762	-153.2826
1015.936646	94.782	-152.9607
1023.298584	94.801	-152.6494
1030.713867	94.821	-152.3397
1038.182739	94.842	-152.0324
1045.705933	94.863	-151.7295
1053.283447	94.886	-151.4261
1060.916016	94.909	-151.1325
1068.603882	94.933	-150.8413
1076.347412	94.957	-150.5471
1084.147095	94.982	-150.2567
1092.003296	95.008	-149.9781
1099.916382	95.034	-149.7080
1107.886841	95.061	-149.4446
1115.915039	95.088	-149.1836
1124.001343	95.115	-148.9279
1132.146362	95.143	-148.6805
1140.350342	95.171	-148.4387
1148.613770	95.199	-148.2036
1156.937134	95.228	-147.9717
1165.320801	95.256	-147.7441
1173.765137	95.285	-147.5213
1182.270752	95.313	-147.3068
1190.838013	95.342	-147.0983
1199.467285	95.370	-146.8913
1208.159180	95.398	-146.6886
1216.913940	95.426	-146.4961
1225.732178	95.453	-146.3120
1234.614380	95.482	-146.1272
1243.560913	95.512	-145.9422
1252.572266	95.547	-145.7627
1261.648926	95.588	-145.5862
1270.791382	95.632	-145.4140
1280.000000	95.677	-145.2453
1289.275391	95.721	-145.0763
1298.618042	95.765	-144.9087
1308.028320	95.810	-144.7455
1317.506836	95.854	-144.5815
1327.054077	95.897	-144.4150
1336.670410	95.941	-144.2501
1346.356567	95.983	-144.0941
1356.112793	96.025	-143.9351
1365.939697	96.067	-143.7690
1375.837891	96.110	-143.6031
1385.807739	96.152	-143.4393
1395.849854	96.194	-143.2771
1405.964844	96.236	-143.1125
1416.152954	96.278	-142.9445
1426.415039	96.320	-142.7748
1436.751465	96.361	-142.6049
1447.162720	96.403	-142.4359
1457.649414	96.445	-142.2605
1468.212158	96.487	-142.0831
1478.851440	96.529	-141.9070
1489.567871	96.572	-141.7288
1500.361816	96.614	-141.5496
1511.234131	96.657	-141.3691
1522.185059	96.700	-141.1830
1533.215454	96.744	-140.9970
1544.325806	96.788	-140.8091
1555.516602	96.833	-140.6161
1566.788574	96.878	-140.4238
1578.142090	96.923	-140.2317
1589.578003	96.970	-140.0396
1601.096680	97.018	-139.8482
1612.698975	97.069	-139.6503
1624.385254	97.121	-139.4507
1636.156250	97.174	-139.2499
1648.012451	97.227	-139.0499
1659.954590	97.281	-138.8532
1671.983398	97.336	-138.6551
1684.099243	97.392	-138.4536
1696.302856	97.448	-138.2497
1708.594971	97.505	-138.0457
1720.976196	97.563	-137.8412
1733.447144	97.622	-137.6407
1746.008423	97.681	-137.4420
1758.660645	97.742	-137.2417
1771.404663	97.803	-137.0424
1784.240967	97.865	-136.8472
1797.170288	97.928	-136.6523
1810.193359	97.991	-136.4529
1823.310791	98.056	-136.2561
1836.523193	98.121	-136.0633
1849.831421	98.187	-135.8725
1863.236084	98.255	-135.6850
1876.737793	98.322	-135.4990
1890.337524	98.391	-135.3149
1904.035645	98.461	-135.1335
1917.833008	98.533	-134.9549
1931.730469	98.605	-134.7792
1945.728638	98.678	-134.6086
1959.828125	98.752	-134.4436
1974.029907	98.827	-134.2816
1988.334473	98.903	-134.1204
2002.742798	98.982	-133.9658
2017.255493	99.061	-133.8186
2031.873291	99.142	-133.6767
2046.597168	99.225	-133.5403
2061.427734	99.308	-133.4077
2076.365479	99.393	-133.2806
2091.411865	99.478	-133.1615
2106.566895	99.564	-133.0502
2121.832031	99.652	-132.9451
2137.207764	99.740	-132.8499
2152.694824	99.829	-132.7619
2168.294189	99.919	-132.6826
2184.006592	100.010	-132.6124
2199.832764	100.103	-132.5463
2215.773682	100.196	-132.4875
2231.830078	100.290	-132.4394
2248.002686	100.386	-132.4002
2264.292725	100.482	-132.3729
2280.700684	100.580	-132.3577
2297.227539	100.678	-132.3503
2313.874268	100.777	-132.3521
2330.641602	100.877	-132.3654
2347.530273	100.977	-132.3917
2364.541504	101.079	-132.4305
2381.676025	101.182	-132.4798
2398.934570	101.285	-132.5414
2416.318359	101.389	-132.6170
2433.827881	101.494	-132.7059
2451.464355	101.599	-132.8057
2469.228760	101.705	-132.9188
2487.121826	101.811	-133.0486
2505.144531	101.917	-133.1930
2523.297852	102.024	-133.3541
2541.582764	102.131	-133.5306
2560.000000	102.238	-133.7210
2578.550781	102.345	-133.9259
2597.236084	102.453	-134.1465
2616.056641	102.560	-134.3820
2635.013672	102.667	-134.6343
2654.108154	102.774	-134.9039
2673.340820	102.881	-135.1891
2692.713135	102.987	-135.4892
2712.225586	103.092	-135.8091
2731.879395	103.197	-136.1486
2751.675781	103.301	-136.5058
2771.615479	103.404	-136.8793
2791.699707	103.506	-137.2696
2811.929688	103.607	-137.6772
2832.305908	103.708	-138.1027
2852.830078	103.806	-138.5444
2873.502930	103.903	-139.0016
2894.325439	103.999	-139.4773
2915.298828	104.093	-139.9727
2936.424316	104.186	-140.4852
2957.702881	104.277	-141.0132
2979.135742	104.366	-141.5564
3000.723633	104.454	-142.1159
3022.468262	104.539	-142.6924
3044.370117	104.623	-143.2835
3066.430908	104.704	-143.8872
3088.651611	104.784	-144.5083
3111.033203	104.862	-145.1473
3133.577148	104.938	-145.8013
3156.284180	105.016	-146.4657
3179.156006	105.093	-147.1452
3202.193359	105.170	-147.8401
3225.397949	105.245	-148.5469
3248.770508	105.318	-149.2655
3272.312500	105.388	-149.9970
3296.024902	105.456	-150.7430
3319.909180	105.522	-151.5014
3343.966797	105.584	-152.2728
3368.198486	105.644	-153.0582
3392.605713	105.700	-153.8560
3417.189941	105.753	-154.6652
3441.952393	105.803	-155.4846
3466.894287	105.849	-156.3157
3492.016846	105.891	-157.1593
3517.321289	105.929	-158.0152
3542.809326	105.962	-158.8819
3568.481934	105.989	-159.7592
3594.340576	106.010	-160.6414
3620.386719	106.025	-161.5206
3646.621582	106.031	-162.3839
3673.046387	106.032	-163.2146
3699.662842	106.028	-163.9915
3726.472168	106.025	-164.6991
3753.475586	106.030	-165.3555
3780.675049	106.045	-166.0172
3808.071289	106.067	-166.7522
3835.666016	106.090	-167.5913
3863.460938	106.106	-168.5157
3891.457275	106.112	-169.4920
3919.656250	106.107	-170.4953
3948.059814	106.090	-171.5072
3976.668945	106.062	-172.5156
4005.485596	106.019	-173.5115
4034.510986	105.962	-174.4935
4063.746582	105.893	-175.4648
4093.194336	105.815	-176.4200
4122.855469	105.729	-177.3538
4152.730957	105.637	-178.2648
4182.823730	105.538	-179.1520
4213.133789	105.432	179.9852
4243.664062	105.320	179.1459
4274.415527	105.202	178.3376
4305.389648	105.077	177.5666
4336.588379	104.946	176.8371
4368.013184	104.809	176.1526
4399.665527	104.668	175.5121
4431.547363	104.521	174.9156
4463.660156	104.370	174.3647
4496.005371	104.215	173.8652
4528.585449	104.055	173.4184
4561.401367	103.892	173.0292
4594.455078	103.726	172.6989
4627.748535	103.558	172.4273
4661.283203	103.388	172.2123
4695.060547	103.218	172.0509
4729.083008	103.046	171.9475
4763.352051	102.875	171.9013
4797.869141	102.704	171.9090
4832.636719	102.533	171.9727
4867.655762	102.362	172.0943
4902.928711	102.193	172.2795
4938.457520	102.026	172.5315
4974.243652	101.864	172.8509
5010.289062	101.709	173.2404
5046.595703	101.562	173.7011
5083.165527	101.425	174.2245
5120.000000	101.299	174.8066
5157.101562	101.185	175.4334
5194.472168	101.084	176.0856
5232.113281	100.995	176.7480
5270.027344	100.919	177.4052
5308.216309	100.854	178.0434
5346.681641	100.799	178.6481
5385.426270	100.751	179.2103
5424.451172	100.708	179.7252
5463.758789	100.668	-179.8087
5503.351562	100.629	-179.3946
5543.230957	100.587	-179.0246
5583.399414	100.541	-178.6844
5623.859375	100.490	-178.3606
5664.611816	100.434	-178.0414
5705.660156	100.373	-177.7145
5747.005859	100.307	-177.3680
5788.650879	100.237	-176.9940
5830.597656	100.165	-176.5882
5872.848633	100.091	-176.1425
5915.405762	100.018	-175.6535
5958.271484	99.945	-175.1235
6001.447266	99.875	-174.5554
6044.936523	99.807	-173.9521
6088.740234	99.742	-173.3073
6132.861816	99.680	-172.6157
6177.303223	99.622	-171.8834
6222.066406	99.569	-171.1167
6267.154297	99.518	-170.3191
6312.568359	99.468	-169.4824
6358.312012	99.417	-168.5927
6404.386719	99.369	-167.6465
6450.795898	99.328	-166.6475
6497.541016	99.294	-165.6077
6544.625000	99.269	-164.5211
6592.049805	99.254	-163.3872
6639.818359	99.250	-162.2110
6687.933594	99.259	-160.9963
6736.396973	99.281	-159.7383
6785.211426	99.320	-158.4388
6834.379883	99.377	-157.1083
6883.904785	99.456	-155.7545
6933.788574	99.557	-154.3879
6984.033691	99.683	-153.0193
7034.642578	99.836	-151.6629
7085.618652	100.018	-150.3437
7136.963867	100.230	-149.0837
7188.681152	100.475	-147.8964
7240.773438	100.753	-146.8135
7293.243164	101.066	-145.8720
7346.092773	101.414	-145.1185
7399.325684	101.796	-144.6036
7452.944336	102.209	-144.3760
7506.951172	102.650	-144.4840
7561.350098	103.117	-144.9818
7616.142578	103.603	-145.9434
7671.332031	104.099	-147.4505
7726.921875	104.590	-149.5757
7782.914551	105.058	-152.3857
7839.312500	105.475	-155.9207
7896.119629	105.814	-160.1600
7953.337891	106.045	-164.9956
8010.971191	106.144	-170.2395
8069.021973	106.098	-175.6418
8127.493164	105.903	179.0786
8186.388672	105.571	174.1852
8245.710938	105.123	169.8854
8305.461914	104.588	166.2999
8365.647461	103.997	163.4555
8426.267578	103.374	161.3299
8487.328125	102.740	159.8715
8548.831055	102.113	159.0201
8610.779297	101.508	158.6889
8673.176758	100.933	158.7978
8736.026367	100.396	159.2671
8799.331055	99.898	160.0044
8863.094727	99.439	160.9437
8927.320312	99.013	162.0382
8992.010742	98.618	163.2719
9057.170898	98.252	164.6424
9122.802734	97.911	166.1219
9188.910156	97.594	167.7036
9255.497070	97.299	169.3859
9322.566406	97.027	171.1826
9390.121094	96.779	173.0937
9458.166016	96.560	175.0913
9526.704102	96.369	177.1549
9595.738281	96.207	179.2668
9665.273438	96.073	-178.5739
9735.311523	95.970	-176.3689
9805.857422	95.900	-174.1350
9876.915039	95.863	-171.8992
9948.487305	95.859	-169.6712
10020.578125	95.889	-167.4605
10093.191406	95.952	-165.2709
10166.331055	96.049	-163.1175
10240.000000	96.183	-161.0157
10314.203125	96.355	-158.9902
10388.944336	96.567	-157.0691
10464.226562	96.824	-155.2898
10540.054688	97.125	-153.7259
10616.432617	97.466	-152.4629
10693.363281	97.842	-151.4802
10770.852539	98.265	-150.6755
10848.902344	98.744	-150.2573
10927.517578	99.267	-150.4843
11006.703125	99.811	-151.4202
11086.461914	100.354	-153.1312
11166.798828	100.871	-155.7139
11247.718750	101.328	-159.2361
11329.223633	101.683	-163.6854
11411.320312	101.897	-168.9212
11494.011719	101.934	-174.6525
11577.301758	101.777	179.5295
11661.195312	101.431	174.0604
11745.697266	100.922	169.2980
11830.811523	100.291	165.4676
11916.542969	99.581	162.6539
12002.894531	98.835	160.8223
12089.873047	98.084	159.8658
12177.480469	97.353	159.6608
12265.723633	96.655	160.0816
12354.606445	96.001	161.0151
12444.132812	95.395	162.3701
12534.308594	94.841	164.0705
12625.136719	94.339	166.0528
12716.624023	93.889	168.2624
12808.773438	93.490	170.6560
12901.591797	93.140	173.1967
12995.082031	92.837	175.8592
13089.250000	92.580	178.6146
13184.099609	92.369	-178.5611
13279.636719	92.204	-175.6849
13375.867188	92.087	-172.7806
13472.793945	92.020	-169.8748
13570.422852	92.004	-166.9853
13668.759766	92.039	-164.1333
13767.809570	92.126	-161.3445
13867.577148	92.264	-158.6503
13968.067383	92.453	-156.0877
14069.285156	92.694	-153.6928
14171.237305	92.987	-151.5114
14273.927734	93.336	-149.5887
14377.362305	93.742	-147.9645
14481.546875	94.208	-146.7137
14586.486328	94.734	-145.9505
14692.185547	95.307	-145.8195
14798.651367	95.910	-146.4640
14905.888672	96.514	-148.0046
15013.902344	97.085	-150.5113
15122.700195	97.584	-153.9770
15232.285156	97.973	-158.2793
15342.664062	98.222	-163.1669
15453.843750	98.317	-168.2896
15565.829102	98.266	-173.2476
15678.625000	98.099	-177.7059
15792.239258	97.860	178.4728
15906.675781	97.604	175.2738
16021.942383	97.384	172.5674
16138.043945	97.239	170.1473
16254.986328	97.172	167.8080
16372.777344	97.176	165.3218
16491.421875	97.243	162.4412
16610.923828	97.352	158.8975
16731.294922	97.466	154.3787
16852.535156	97.523	148.5917
16974.656250	97.435	141.4203
17097.662109	97.103	133.1499
17221.558594	96.454	124.5551
17346.353516	95.473	116.6951
17472.052734	94.213	110.5049
17598.662109	92.769	106.4404
17726.189453	91.249	104.4547
17854.640625	89.742	104.2268
17984.021484	88.310	105.3765
18114.341797	86.984	107.5609
18245.605469	85.779	110.5140
18377.820312	84.699	114.0305
18510.994141	83.739	117.9492
18645.132812	82.892	122.1477
18780.242188	82.151	126.5059
18916.332031	81.510	130.8969
19053.408203	80.962	135.2252
19191.476562	80.499	139.4093
19330.546875	80.111	143.3950
19470.623047	79.784	147.1573
19611.714844	79.510	150.6568
19753.830078	79.287	153.8710
19896.974609	79.129	156.7563
