20.000000	107.474	-14.5679
20.144928	107.477	-14.7316
20.290907	107.480	-14.9061
20.437943	107.483	-15.0888
20.586044	107.486	-15.2789
20.735220	107.489	-15.4775
20.885475	107.490	-15.6796
21.036821	107.491	-15.8868
21.189262	107.490	-16.1047
21.342808	107.489	-16.3206
21.497467	107.486	-16.5356
21.653246	107.483	-16.7490
21.810154	107.480	-16.9607
21.968201	107.475	-17.1712
22.127390	107.470	-17.3902
22.287735	107.463	-17.6102
22.449242	107.455	-17.8270
22.611917	107.446	-18.0406
22.775772	107.435	-18.2454
22.940815	107.423	-18.4420
23.107054	107.410	-18.6339
23.274498	107.397	-18.8162
23.443153	107.383	-18.9859
23.613033	107.371	-19.1417
23.784142	107.360	-19.2884
23.956491	107.351	-19.4312
24.130091	107.344	-19.5797
24.304947	107.339	-19.7391
24.481071	107.335	-19.9053
24.658470	107.331	-20.0850
24.837156	107.327	-20.2766
25.017136	107.322	-20.4783
25.198421	107.315	-20.6975
25.381020	107.307	-20.9171
25.564941	107.296	-21.1375
25.750195	107.285	-21.3514
25.936790	107.273	-21.5597
26.124741	107.261	-21.7671
26.314051	107.249	-21.9725
26.504732	107.238	-22.1785
26.696796	107.228	-22.3855
26.890253	107.218	-22.5991
27.085112	107.207	-22.8201
27.281382	107.196	-23.0501
27.479073	107.184	-23.2823
27.678198	107.170	-23.5136
27.878765	107.155	-23.7410
28.080786	107.140	-23.9640
28.284271	107.125	-24.1856
28.489231	107.110	-24.4022
28.695675	107.096	-24.6203
28.903616	107.082	-24.8405
29.113064	107.067	-25.0694
29.324028	107.051	-25.3029
29.536524	107.033	-25.5378
29.750557	107.013	-25.7618
29.966141	106.990	-25.9708
30.183289	106.966	-26.1577
30.402010	106.942	-26.3181
30.622314	106.921	-26.4475
30.844217	106.904	-26.5607
31.067726	106.894	-26.6654
31.292856	106.888	-26.7905
31.519617	106.888	-26.9400
31.748020	106.890	-27.1301
31.978081	106.891	-27.3595
32.209808	106.890	-27.6309
32.443211	106.883	-27.9245
32.678310	106.872	-28.2239
32.915108	106.856	-28.5181
33.153625	106.836	-28.7971
33.393871	106.816	-29.0613
33.635857	106.796	-29.3080
33.879597	106.776	-29.5494
34.125103	106.758	-29.7930
34.372387	106.740	-30.0453
34.621464	106.720	-30.3036
34.872345	106.699	-30.5624
35.125042	106.677	-30.8184
35.379574	106.654	-31.0641
35.635948	106.631	-31.2985
35.894180	106.610	-31.5241
36.154285	106.591	-31.7517
36.416275	106.574	-31.9902
36.680161	106.557	-32.2417
36.945961	106.539	-32.5081
37.213688	106.520	-32.7844
37.483353	106.498	-33.0601
37.754974	106.475	-33.3279
38.028561	106.451	-33.5821
38.304131	106.428	-33.8278
38.581699	106.406	-34.0672
38.861279	106.385	-34.3055
39.142883	106.364	-34.5495
39.426529	106.343	-34.7990
39.712231	106.321	-35.0489
40.000000	106.299	-35.2954
40.289856	106.276	-35.5396
40.581814	106.253	-35.7767
40.875885	106.231	-36.0095
41.172089	106.209	-36.2426
41.470440	106.187	-36.4778
41.770950	106.165	-36.7147
42.073643	106.142	-36.9534
42.378525	106.119	-37.1951
42.685616	106.095	-37.4365
42.994934	106.070	-37.6775
43.306492	106.046	-37.9204
43.620308	106.020	-38.1617
43.936401	105.995	-38.4001
44.254780	105.969	-38.6371
44.575470	105.944	-38.8732
44.898483	105.919	-39.1104
45.223835	105.894	-39.3519
45.551544	105.869	-39.5966
45.881630	105.844	-39.8411
46.214108	105.818	-40.0843
46.548996	105.794	-40.3244
46.886307	105.770	-40.5635
47.226067	105.748	-40.8093
47.568283	105.726	-41.0661
47.912983	105.703	-41.3330
48.260181	105.679	-41.6069
48.609894	105.654	-41.8792
48.962143	105.628	-42.1451
49.316940	105.602	-42.4068
49.674313	105.575	-42.6689
50.034271	105.546	-42.9355
50.396843	105.514	-43.2072
50.762039	105.479	-43.4742
51.129883	105.442	-43.7287
51.500389	105.405	-43.9680
51.873581	105.368	-44.1953
52.249481	105.332	-44.4221
52.628101	105.297	-44.6573
53.009464	105.261	-44.9018
53.393593	105.224	-45.1511
53.780506	105.186	-45.3942
54.170223	105.147	-45.6282
54.562763	105.110	-45.8592
54.958145	105.074	-46.0981
55.356396	105.039	-46.3539
55.757530	105.002	-46.6263
56.161572	104.962	-46.9053
56.568542	104.921	-47.1772
56.978462	104.879	-47.4313
57.391350	104.838	-47.6718
57.807232	104.800	-47.9081
58.226128	104.763	-48.1515
58.648056	104.728	-48.4062
59.073048	104.691	-48.6700
59.501114	104.654	-48.9391
59.932281	104.615	-49.2050
60.366577	104.576	-49.4628
60.804020	104.535	-49.7082
61.244629	104.495	-49.9420
61.688435	104.456	-50.1685
62.135452	104.419	-50.3952
62.585712	104.382	-50.6301
63.039234	104.346	-50.8743
63.496040	104.310	-51.1245
63.956161	104.274	-51.3717
64.419617	104.237	-51.6151
64.886421	104.201	-51.8574
65.356621	104.164	-52.1032
65.830215	104.126	-52.3526
66.307251	104.089	-52.6046
66.787743	104.050	-52.8560
67.271713	104.011	-53.1008
67.759193	103.973	-53.3341
68.250206	103.936	-53.5618
68.744774	103.901	-53.7972
69.242928	103.868	-54.0508
69.744690	103.833	-54.3196
70.250084	103.795	-54.5860
70.759148	103.757	-54.8363
71.271896	103.719	-55.0737
71.788361	103.682	-55.3106
72.308571	103.645	-55.5512
72.832550	103.607	-55.7882
73.360321	103.569	-56.0208
73.891922	103.532	-56.2578
74.427376	103.494	-56.5098
74.966705	103.453	-56.7722
75.509949	103.410	-57.0278
76.057121	103.366	-57.2665
76.608261	103.322	-57.4952
77.163399	103.280	-57.7202
77.722557	103.239	-57.9494
78.285767	103.199	-58.1881
78.853058	103.159	-58.4365
79.424461	103.118	-58.6897
80.000000	103.076	-58.9409
80.579712	103.032	-59.1878
81.163628	102.987	-59.4275
81.751770	102.943	-59.6624
82.344177	102.898	-59.8955
82.940880	102.853	-60.1258
83.541901	102.808	-60.3542
84.147285	102.762	-60.5809
84.757050	102.717	-60.8070
85.371231	102.671	-61.0325
85.989868	102.625	-61.2581
86.612984	102.579	-61.4856
87.240616	102.533	-61.7162
87.872803	102.486	-61.9440
88.509560	102.439	-62.1637
89.150940	102.392	-62.3839
89.796967	102.346	-62.6086
90.447670	102.299	-62.8333
91.103088	102.253	-63.0531
91.763260	102.207	-63.2730
92.428215	102.161	-63.4984
93.097992	102.114	-63.7262
93.772614	102.067	-63.9502
94.452133	102.019	-64.1660
95.136566	101.972	-64.3731
95.825966	101.926	-64.5844
96.520363	101.879	-64.8088
97.219788	101.831	-65.0330
97.924286	101.782	-65.2437
98.633881	101.735	-65.4497
99.348625	101.688	-65.6638
100.068542	101.640	-65.8861
100.793686	101.591	-66.1109
101.524078	101.541	-66.3280
102.259766	101.491	-66.5360
103.000778	101.442	-66.7408
103.747162	101.392	-66.9459
104.498962	101.342	-67.1466
105.256203	101.292	-67.3421
106.018929	101.243	-67.5323
106.787186	101.194	-67.7213
107.561012	101.145	-67.9143
108.340446	101.097	-68.1160
109.125526	101.049	-68.3227
109.916290	101.000	-68.5283
110.712791	100.953	-68.7460
111.515060	100.906	-68.9659
112.323143	100.858	-69.1925
113.137085	100.810	-69.4270
113.956924	100.761	-69.6573
114.782700	100.712	-69.8824
115.614464	100.660	-70.1228
116.452255	100.606	-70.3623
117.296112	100.549	-70.5679
118.146095	100.493	-70.7670
119.002228	100.436	-70.9825
119.864563	100.379	-71.1663
120.733154	100.325	-71.3153
121.608040	100.276	-71.4977
122.489258	100.226	-71.7228
123.376869	100.172	-71.9225
124.270905	100.120	-72.0600
125.171425	100.074	-72.1855
126.078468	100.032	-72.3365
126.992081	99.991	-72.4930
127.912323	99.949	-72.6538
128.839233	99.907	-72.8175
129.772842	99.865	-72.9803
130.713242	99.824	-73.1453
131.660431	99.783	-73.3040
132.614502	99.745	-73.4599
133.575485	99.708	-73.6219
134.543427	99.672	-73.7731
135.518387	99.638	-73.9110
136.500412	99.605	-74.0584
137.489548	99.573	-74.2061
138.485855	99.542	-74.3500
139.489380	99.514	-74.5096
140.500168	99.488	-74.6882
141.518295	99.464	-74.8950
142.543793	99.442	-75.1321
143.576721	99.419	-75.4017
144.617142	99.394	-75.7091
145.665100	99.365	-76.0401
146.720642	99.331	-76.3719
147.783844	99.292	-76.6983
148.854752	99.248	-77.0160
149.933411	99.200	-77.3144
151.019897	99.151	-77.5925
152.114243	99.101	-77.8525
153.216522	99.052	-78.0980
154.326797	99.003	-78.3305
155.445114	98.956	-78.5538
156.571533	98.910	-78.7818
157.706116	98.864	-79.0070
158.848923	98.817	-79.2271
160.000000	98.768	-79.4485
161.159424	98.718	-79.6690
162.327255	98.665	-79.8960
163.503540	98.612	-80.1335
164.688354	98.557	-80.3688
165.881760	98.502	-80.5922
167.083801	98.446	-80.8107
168.294571	98.391	-81.0242
169.514099	98.336	-81.2399
170.742462	98.279	-81.4634
171.979736	98.222	-81.6823
173.225967	98.164	-81.8964
174.481232	98.106	-82.0926
175.745605	98.049	-82.2863
177.019119	97.992	-82.4801
178.301880	97.935	-82.6615
179.593933	97.877	-82.8377
180.895340	97.820	-83.0149
182.206177	97.764	-83.1956
183.526520	97.708	-83.3759
184.856430	97.652	-83.5560
186.195984	97.596	-83.7311
187.545227	97.541	-83.8897
188.904266	97.487	-84.0392
190.273132	97.434	-84.1886
191.651932	97.382	-84.3335
193.040726	97.330	-84.4865
194.439575	97.280	-84.6324
195.848572	97.230	-84.7929
197.267761	97.181	-84.9568
198.697250	97.132	-85.1214
200.137085	97.084	-85.2888
201.587372	97.036	-85.4558
203.048157	96.987	-85.6226
204.519531	96.938	-85.7929
206.001556	96.888	-85.9579
207.494324	96.838	-86.1159
208.997925	96.789	-86.2693
210.512405	96.742	-86.4179
212.037857	96.697	-86.5630
213.574371	96.653	-86.6939
215.122025	96.610	-86.8172
216.680893	96.568	-86.9250
218.251053	96.529	-87.0275
219.832581	96.491	-87.1436
221.425583	96.455	-87.2755
223.030121	96.420	-87.4273
224.646286	96.385	-87.6029
226.274170	96.350	-87.7852
227.913849	96.314	-87.9607
229.565399	96.278	-88.1470
231.228928	96.240	-88.3468
232.904510	96.202	-88.5491
234.592224	96.163	-88.7551
236.292191	96.123	-88.9652
238.004456	96.083	-89.1739
239.729126	96.041	-89.3703
241.466309	95.998	-89.5603
243.216080	95.956	-89.7577
244.978516	95.912	-89.9599
246.753738	95.868	-90.1451
248.541809	95.824	-90.3205
250.342850	95.779	-90.4959
252.156937	95.734	-90.6708
253.984161	95.687	-90.8398
255.824646	95.640	-90.9930
257.678467	95.593	-91.1517
259.545685	95.546	-91.3152
261.426483	95.498	-91.4693
263.320862	95.451	-91.6223
265.229004	95.403	-91.7718
267.150970	95.356	-91.9223
269.086853	95.310	-92.0892
271.036774	95.265	-92.2602
273.000824	95.220	-92.4289
274.979095	95.175	-92.5838
276.971710	95.131	-92.7284
278.978760	95.087	-92.8628
281.000336	95.043	-93.0065
283.036591	94.999	-93.1362
285.087585	94.956	-93.2692
287.153442	94.914	-93.4289
289.234283	94.871	-93.5903
291.330200	94.827	-93.7395
293.441284	94.783	-93.8745
295.567688	94.740	-93.9978
297.709503	94.697	-94.1195
299.866821	94.657	-94.2442
302.039795	94.617	-94.3799
304.228485	94.579	-94.5047
306.433044	94.540	-94.6315
308.653595	94.501	-94.7646
310.890228	94.462	-94.9048
313.143066	94.424	-95.0442
315.412231	94.388	-95.1739
317.697845	94.355	-95.3043
320.000000	94.323	-95.4303
322.318848	94.292	-95.5485
324.654510	94.262	-95.6686
327.007080	94.232	-95.7793
329.376709	94.202	-95.8897
331.763519	94.174	-96.0052
334.167603	94.146	-96.1167
336.589142	94.118	-96.2151
339.028198	94.091	-96.3158
341.484924	94.063	-96.4242
343.959473	94.034	-96.5261
346.451935	94.006	-96.6229
348.962463	93.979	-96.7328
351.491211	93.952	-96.8448
354.038239	93.926	-96.9671
356.603760	93.901	-97.0754
359.187866	93.877	-97.1744
361.790680	93.854	-97.2632
364.412354	93.831	-97.3477
367.053040	93.808	-97.4389
369.712860	93.786	-97.5335
372.391968	93.764	-97.6226
375.090454	93.743	-97.7149
377.808533	93.722	-97.8006
380.546265	93.702	-97.8972
383.303864	93.681	-97.9912
386.081451	93.660	-98.0824
388.879150	93.639	-98.1647
391.697144	93.619	-98.2412
394.535522	93.601	-98.3066
397.394501	93.584	-98.3683
400.274170	93.568	-98.4426
403.174744	93.553	-98.5150
406.096313	93.538	-98.5842
409.039062	93.523	-98.6582
412.003113	93.507	-98.7380
414.988647	93.493	-98.8108
417.995850	93.479	-98.8791
421.024811	93.466	-98.9514
424.075714	93.452	-99.0181
427.148743	93.440	-99.0813
430.244049	93.429	-99.1497
433.361786	93.418	-99.2059
436.502106	93.409	-99.2534
439.665161	93.399	-99.2924
442.851166	93.389	-99.3330
446.060242	93.379	-99.3685
449.292572	93.370	-99.4131
452.548340	93.361	-99.4631
455.827698	93.353	-99.5100
459.130798	93.347	-99.5698
462.457855	93.343	-99.6376
465.809021	93.340	-99.6855
469.184448	93.337	-99.7186
472.584381	93.333	-99.7502
476.008911	93.331	-99.7959
479.458252	93.328	-99.8448
482.932617	93.327	-99.8857
486.432159	93.327	-99.9219
489.957031	93.328	-99.9608
493.507477	93.329	-99.9881
497.083618	93.331	-100.0060
500.685699	93.335	-100.0307
504.313873	93.340	-100.0539
507.968323	93.347	-100.0858
511.649292	93.355	-100.1232
515.356934	93.363	-100.1558
519.091370	93.371	-100.1806
522.852966	93.380	-100.2134
526.641724	93.390	-100.2395
530.458008	93.401	-100.2583
534.301941	93.415	-100.2728
538.173706	93.430	-100.2895
542.073547	93.445	-100.3205
546.001648	93.460	-100.3475
549.958191	93.475	-100.3749
553.943420	93.491	-100.4000
557.957520	93.507	-100.4234
562.000671	93.524	-100.4383
566.073181	93.542	-100.4520
570.175171	93.560	-100.4528
574.306885	93.579	-100.4600
578.468567	93.599	-100.4636
582.660400	93.619	-100.4574
586.882568	93.640	-100.4540
591.135376	93.660	-100.4573
595.419006	93.682	-100.4710
599.733643	93.705	-100.4783
604.079590	93.731	-100.5011
608.456970	93.758	-100.5081
612.866089	93.786	-100.5063
617.307190	93.814	-100.4998
621.780457	93.844	-100.5042
626.286133	93.875	-100.4891
630.824463	93.908	-100.4891
635.395691	93.944	-100.4869
640.000000	93.982	-100.4843
644.637695	94.022	-100.4766
649.309021	94.062	-100.4800
654.014160	94.103	-100.4809
658.753418	94.145	-100.4740
663.527039	94.188	-100.4673
668.335205	94.233	-100.4515
673.178284	94.279	-100.4398
678.056396	94.325	-100.4423
682.969849	94.371	-100.4436
687.918945	94.419	-100.4386
692.903870	94.467	-100.4368
697.924927	94.517	-100.4161
702.982422	94.569	-100.4015
708.076477	94.624	-100.3917
713.207520	94.679	-100.3972
718.375732	94.736	-100.4125
723.581360	94.794	-100.4252
728.824707	94.851	-100.4397
734.106079	94.908	-100.4413
739.425720	94.967	-100.4461
744.783936	95.027	-100.4486
750.180908	95.087	-100.4452
755.617065	95.148	-100.4305
761.092529	95.210	-100.4086
766.607727	95.271	-100.4019
772.162903	95.334	-100.4050
777.758301	95.398	-100.4189
783.394287	95.465	-100.4365
789.071045	95.533	-100.4527
794.789001	95.602	-100.4773
800.548340	95.670	-100.4994
806.349487	95.737	-100.5131
812.192627	95.803	-100.5341
818.078125	95.870	-100.5453
824.006226	95.939	-100.5721
829.977295	96.009	-100.6032
835.991699	96.079	-100.6347
842.049622	96.151	-100.6577
848.151428	96.223	-100.6934
854.297485	96.298	-100.7289
860.488098	96.374	-100.7791
866.723572	96.451	-100.8218
873.004211	96.530	-100.8610
879.330322	96.610	-100.9098
885.702332	96.691	-100.9641
892.120483	96.774	-101.0242
898.585144	96.858	-101.1069
905.096680	96.943	-101.1961
911.655396	97.028	-101.2692
918.261597	97.116	-101.3553
924.915710	97.204	-101.4484
931.618042	97.295	-101.5359
938.368896	97.388	-101.6331
945.168762	97.484	-101.7519
952.017822	97.580	-101.8897
958.916504	97.677	-102.0285
965.865234	97.775	-102.1869
972.864319	97.873	-102.3393
979.914062	97.972	-102.4834
987.014954	98.071	-102.6428
994.167236	98.167	-102.8176
1001.371399	98.256	-102.9977
1008.627747	98.340	-103.1809
1015.936646	98.422	-103.3849
1023.298584	98.504	-103.6019
1030.713867	98.588	-103.8427
1038.182739	98.673	-104.0983
1045.705933	98.759	-104.3661
1053.283447	98.845	-104.6436
1060.916016	98.931	-104.9399
1068.603882	99.018	-105.2469
1076.347412	99.105	-105.5624
1084.147095	99.191	-105.8790
1092.003296	99.276	-106.2198
1099.916382	99.361	-106.5561
1107.886841	99.444	-106.9250
1115.915039	99.528	-107.3114
1124.001343	99.611	-107.6932
1132.146362	99.694	-108.0976
1140.350342	99.776	-108.5201
1148.613770	99.858	-108.9335
1156.937134	99.940	-109.3624
1165.320801	100.020	-109.8296
1173.765137	100.100	-110.2952
1182.270752	100.179	-110.7719
1190.838013	100.256	-111.2523
1199.467285	100.333	-111.7281
1208.159180	100.409	-112.2375
1216.913940	100.484	-112.7476
1225.732178	100.558	-113.2600
1234.614380	100.631	-113.7774
1243.560913	100.705	-114.3158
1252.572266	100.784	-114.8505
1261.648926	100.866	-115.4078
1270.791382	100.951	-115.9579
1280.000000	101.036	-116.5168
1289.275391	101.120	-117.0628
1298.618042	101.204	-117.6444
1308.028320	101.286	-118.2103
1317.506836	101.366	-118.7897
1327.054077	101.446	-119.3635
1336.670410	101.525	-119.9412
1346.356567	101.601	-120.5189
1356.112793	101.677	-121.1039
1365.939697	101.753	-121.6946
1375.837891	101.827	-122.2773
1385.807739	101.901	-122.8623
1395.849854	101.974	-123.4438
1405.964844	102.045	-124.0327
1416.152954	102.115	-124.5994
1426.415039	102.185	-125.1745
1436.751465	102.254	-125.7765
1447.162720	102.322	-126.3551
1457.649414	102.389	-126.9402
1468.212158	102.456	-127.5354
1478.851440	102.523	-128.1148
1489.567871	102.588	-128.6824
1500.361816	102.654	-129.2794
1511.234131	102.718	-129.8613
1522.185059	102.783	-130.4433
1533.215454	102.847	-131.0184
1544.325806	102.910	-131.5943
1555.516602	102.974	-132.1751
1566.788574	103.037	-132.7687
1578.142090	103.100	-133.3495
1589.578003	103.164	-133.9260
1601.096680	103.228	-134.4956
1612.698975	103.293	-135.0824
1624.385254	103.359	-135.6552
1636.156250	103.424	-136.2342
1648.012451	103.490	-136.8113
1659.954590	103.557	-137.3850
1671.983398	103.623	-137.9561
1684.099243	103.690	-138.5381
1696.302856	103.756	-139.1146
1708.594971	103.823	-139.6860
1720.976196	103.890	-140.2706
1733.447144	103.957	-140.8515
1746.008423	104.024	-141.4203
1758.660645	104.092	-141.9927
1771.404663	104.160	-142.5782
1784.240967	104.228	-143.1535
1797.170288	104.297	-143.7292
1810.193359	104.365	-144.3041
1823.310791	104.434	-144.8840
1836.523193	104.504	-145.4657
1849.831421	104.575	-146.0574
1863.236084	104.647	-146.6460
1876.737793	104.720	-147.2425
1890.337524	104.793	-147.8627
1904.035645	104.866	-148.4592
1917.833008	104.940	-149.0797
1931.730469	105.013	-149.7100
1945.728638	105.087	-150.3334
1959.828125	105.161	-150.9723
1974.029907	105.235	-151.6101
1988.334473	105.309	-152.2469
2002.742798	105.384	-152.8998
2017.255493	105.460	-153.5414
2031.873291	105.537	-154.1953
2046.597168	105.615	-154.8443
2061.427734	105.694	-155.5146
2076.365479	105.775	-156.1908
2091.411865	105.856	-156.8541
2106.566895	105.938	-157.5468
2121.832031	106.021	-158.2461
2137.207764	106.103	-158.9564
2152.694824	106.187	-159.6642
2168.294189	106.270	-160.3864
2184.006592	106.354	-161.1321
2199.832764	106.437	-161.8929
2215.773682	106.521	-162.6626
2231.830078	106.604	-163.4325
2248.002686	106.688	-164.2195
2264.292725	106.772	-165.0188
2280.700684	106.857	-165.8194
2297.227539	106.942	-166.6275
2313.874268	107.027	-167.4551
2330.641602	107.112	-168.3020
2347.530273	107.198	-169.1600
2364.541504	107.284	-170.0271
2381.676025	107.371	-170.9074
2398.934570	107.457	-171.8097
2416.318359	107.544	-172.7287
2433.827881	107.631	-173.6600
2451.464355	107.717	-174.6318
2469.228760	107.804	-175.6020
2487.121826	107.890	-176.5989
2505.144531	107.976	-177.6124
2523.297852	108.061	-178.6526
2541.582764	108.146	-179.7183
2560.000000	108.229	179.1844
2578.550781	108.313	178.0797
2597.236084	108.395	176.9441
2616.056641	108.476	175.7824
2635.013672	108.555	174.5965
2654.108154	108.632	173.3748
2673.340820	108.707	172.1243
2692.713135	108.780	170.8473
2712.225586	108.849	169.5400
2731.879395	108.914	168.2161
2751.675781	108.975	166.8673
2771.615479	109.033	165.4793
2791.699707	109.086	164.0806
2811.929688	109.134	162.6263
2832.305908	109.177	161.1853
2852.830078	109.214	159.6966
2873.502930	109.246	158.2016
2894.325439	109.272	156.6890
2915.298828	109.292	155.1426
2936.424316	109.305	153.5841
2957.702881	109.311	152.0050
2979.135742	109.309	150.4297
3000.723633	109.299	148.8439
3022.468262	109.281	147.2596
3044.370117	109.255	145.6396
3066.430908	109.222	144.0366
3088.651611	109.181	142.4303
3111.033203	109.134	140.8329
3133.577148	109.080	139.2612
3156.284180	109.021	137.6733
3179.156006	108.959	136.1149
3202.193359	108.892	134.5735
3225.397949	108.821	133.0560
3248.770508	108.744	131.5661
3272.312500	108.662	130.0880
3296.024902	108.575	128.6461
3319.909180	108.485	127.2251
3343.966797	108.391	125.8499
3368.198486	108.294	124.4998
3392.605713	108.194	123.1630
3417.189941	108.092	121.8462
3441.952393	107.985	120.5468
3466.894287	107.872	119.2491
3492.016846	107.751	117.9740
3517.321289	107.620	116.7368
3542.809326	107.481	115.5798
3568.481934	107.335	114.4730
3594.340576	107.182	113.4789
3620.386719	107.026	112.5817
3646.621582	106.868	111.7847
3673.046387	106.713	111.0935
3699.662842	106.564	110.5082
3726.472168	106.424	110.0022
3753.475586	106.294	109.5408
3780.675049	106.175	109.0960
3808.071289	106.064	108.6807
3835.666016	105.958	108.2392
3863.460938	105.854	107.8098
3891.457275	105.748	107.3778
3919.656250	105.640	106.9715
3948.059814	105.529	106.6317
3976.668945	105.414	106.3436
4005.485596	105.294	106.1462
4034.510986	105.170	106.0560
4063.746582	105.048	106.0593
4093.194336	104.935	106.1879
4122.855469	104.835	106.4325
4152.730957	104.754	106.7610
4182.823730	104.696	107.1870
4213.133789	104.666	107.6711
4243.664062	104.666	108.1881
4274.415527	104.700	108.6978
4305.389648	104.768	109.1446
4336.588379	104.870	109.4839
4368.013184	105.002	109.6346
4399.665527	105.159	109.5855
4431.547363	105.335	109.2711
4463.660156	105.520	108.6759
4496.005371	105.705	107.7754
4528.585449	105.881	106.5666
4561.401367	106.037	105.0578
4594.455078	106.164	103.2841
4627.748535	106.253	101.2740
4661.283203	106.296	99.0930
4695.060547	106.287	96.8159
4729.083008	106.221	94.5050
4763.352051	106.097	92.3007
4797.869141	105.918	90.2872
4832.636719	105.692	88.5726
4867.655762	105.432	87.2778
4902.928711	105.159	86.4657
4938.457520	104.896	86.1589
4974.243652	104.669	86.3065
5010.289062	104.500	86.7793
5046.595703	104.398	87.4034
5083.165527	104.364	88.0138
5120.000000	104.385	88.4583
5157.101562	104.446	88.6556
5194.472168	104.530	88.5713
5232.113281	104.622	88.2336
5270.027344	104.711	87.6897
5308.216309	104.792	86.9621
5346.681641	104.859	86.1294
5385.426270	104.912	85.2133
5424.451172	104.953	84.2798
5463.758789	104.982	83.3384
5503.351562	105.004	82.4263
5543.230957	105.019	81.5409
5583.399414	105.032	80.6623
5623.859375	105.044	79.8124
5664.611816	105.058	78.9916
5705.660156	105.073	78.1679
5747.005859	105.092	77.3806
5788.650879	105.115	76.5728
5830.597656	105.142	75.7614
5872.848633	105.172	74.9488
5915.405762	105.206	74.1081
5958.271484	105.242	73.2524
6001.447266	105.278	72.3587
6044.936523	105.314	71.4751
6088.740234	105.349	70.5634
6132.861816	105.384	69.6667
6177.303223	105.419	68.7874
6222.066406	105.456	67.9296
6267.154297	105.495	67.0581
6312.568359	105.532	66.2154
6358.312012	105.569	65.4225
6404.386719	105.612	64.6768
6450.795898	105.668	63.9600
6497.541016	105.739	63.2476
6544.625000	105.828	62.5518
6592.049805	105.937	61.7995
6639.818359	106.066	60.9806
6687.933594	106.213	60.0760
6736.396973	106.378	59.0418
6785.211426	106.556	57.8510
6834.379883	106.744	56.4715
6883.904785	106.936	54.8930
6933.788574	107.127	53.1134
6984.033691	107.309	51.1247
7034.642578	107.478	48.9444
7085.618652	107.629	46.6049
7136.963867	107.758	44.1528
7188.681152	107.864	41.5965
7240.773438	107.947	39.0091
7293.243164	108.009	36.4113
7346.092773	108.051	33.7761
7399.325684	108.076	31.1953
7452.944336	108.087	28.6299
7506.951172	108.085	26.1196
7561.350098	108.075	23.6594
7616.142578	108.061	21.2488
7671.332031	108.045	18.8778
7726.921875	108.031	16.5223
7782.914551	108.020	14.1846
7839.312500	108.013	11.8326
7896.119629	108.011	9.4538
7953.337891	108.013	7.0121
8010.971191	108.018	4.5090
8069.021973	108.026	1.9109
8127.493164	108.032	-0.7997
8186.388672	108.032	-3.6241
8245.710938	108.022	-6.5867
8305.461914	107.998	-9.6482
8365.647461	107.955	-12.8235
8426.267578	107.889	-16.0959
8487.328125	107.797	-19.4540
8548.831055	107.676	-22.8499
8610.779297	107.524	-26.2654
8673.176758	107.343	-29.6437
8736.026367	107.132	-32.9581
8799.331055	106.891	-36.1670
8863.094727	106.625	-39.2787
8927.320312	106.335	-42.2242
8992.010742	106.026	-45.0657
9057.170898	105.700	-47.6729
9122.802734	105.363	-50.0870
9188.910156	105.024	-52.2407
9255.497070	104.694	-54.2134
9322.566406	104.374	-56.0862
9390.121094	104.062	-57.8469
9458.166016	103.757	-59.4963
9526.704102	103.460	-61.1031
9595.738281	103.173	-62.5980
9665.273438	102.897	-64.0221
9735.311523	102.633	-65.4199
9805.857422	102.381	-66.7738
9876.915039	102.141	-68.0995
9948.487305	101.911	-69.4259
10020.578125	101.692	-70.7899
10093.191406	101.482	-72.1752
10166.331055	101.278	-73.5913
10240.000000	101.077	-75.0655
10314.203125	100.877	-76.5709
10388.944336	100.675	-78.1605
10464.226562	100.469	-79.7716
10540.054688	100.255	-81.4526
10616.432617	100.032	-83.1459
10693.363281	99.797	-84.8716
10770.852539	99.549	-86.6316
10848.902344	99.287	-88.3807
10927.517578	99.009	-90.0624
11006.703125	98.716	-91.7733
11086.461914	98.405	-93.3481
11166.798828	98.080	-94.8665
11247.718750	97.741	-96.2762
11329.223633	97.391	-97.5460
11411.320312	97.031	-98.7130
11494.011719	96.665	-99.6726
11577.301758	96.296	-100.5265
11661.195312	95.927	-101.1868
11745.697266	95.562	-101.7028
11830.811523	95.209	-102.0264
11916.542969	94.872	-102.2119
12002.894531	94.557	-102.3076
12089.873047	94.262	-102.3615
12177.480469	93.986	-102.4181
12265.723633	93.722	-102.4987
12354.606445	93.465	-102.6295
12444.132812	93.209	-102.7665
12534.308594	92.949	-102.9548
12625.136719	92.682	-103.1077
12716.624023	92.407	-103.2275
12808.773438	92.124	-103.2863
12901.591797	91.836	-103.1937
12995.082031	91.546	-103.0153
13089.250000	91.257	-102.6743
13184.099609	90.975	-102.2037
13279.636719	90.702	-101.5742
13375.867188	90.445	-100.7690
13472.793945	90.204	-99.8822
13570.422852	89.985	-98.8103
13668.759766	89.789	-97.6617
13767.809570	89.619	-96.4445
13867.577148	89.478	-95.1357
13968.067383	89.367	-93.7688
14069.285156	89.286	-92.3915
14171.237305	89.237	-90.9991
14273.927734	89.221	-89.6105
14377.362305	89.240	-88.2168
14481.546875	89.300	-86.8106
14586.486328	89.404	-85.4971
14692.185547	89.554	-84.2997
14798.651367	89.750	-83.2137
14905.888672	89.992	-82.3855
15013.902344	90.283	-81.8027
15122.700195	90.620	-81.5220
15232.285156	91.002	-81.6436
15342.664062	91.422	-82.2646
15453.843750	91.869	-83.5300
15565.829102	92.326	-85.5109
15678.625000	92.765	-88.3491
15792.239258	93.159	-92.0339
15906.675781	93.476	-96.5781
16021.942383	93.698	-101.7805
16138.043945	93.803	-107.4323
16254.986328	93.770	-113.1638
16372.777344	93.591	-118.6842
16491.421875	93.283	-123.6990
16610.923828	92.874	-128.0867
16731.294922	92.398	-131.7119
16852.535156	91.889	-134.5880
16974.656250	91.373	-136.8525
17097.662109	90.872	-138.5502
17221.558594	90.398	-139.8766
17346.353516	89.959	-140.8560
17472.052734	89.555	-141.6859
17598.662109	89.182	-142.4642
17726.189453	88.829	-143.2764
17854.640625	88.483	-144.1036
17984.021484	88.119	-145.0723
18114.341797	87.708	-146.1832
18245.605469	87.214	-147.1909
18377.820312	86.608	-147.6294
18510.994141	85.940	-146.2515
18645.132812	85.457	-141.5236
18780.242188	85.503	-135.1434
18916.332031	85.982	-132.4941
19053.408203	86.425	-134.0731
19191.476562	86.594	-136.9957
19330.546875	86.520	-139.6090
19470.623047	86.337	-140.9539
19611.714844	86.193	-141.1376
19753.830078	86.178	-141.1824
19896.974609	86.259	-142.4213
