20.000000	101.307	-172.2596
20.299999	101.299	-172.7280
20.600000	101.290	-173.1778
20.900000	101.281	-173.6093
21.200001	101.270	-174.0382
21.400000	101.263	-174.3200
21.799999	101.247	-174.8631
22.000000	101.239	-175.1265
22.400000	101.222	-175.6615
22.700001	101.209	-176.0493
23.000000	101.195	-176.4268
23.299999	101.180	-176.8092
23.600000	101.165	-177.1810
24.000000	101.144	-177.6590
24.299999	101.128	-178.0198
24.700001	101.107	-178.4868
25.000000	101.090	-178.8260
25.400000	101.066	-179.2820
25.799999	101.042	-179.7200
26.200001	101.017	179.8529
26.500000	100.998	179.5385
26.900000	100.973	179.1341
27.200001	100.954	178.8359
27.600000	100.929	178.4476
28.000000	100.903	178.0745
28.500000	100.870	177.6182
29.000000	100.838	177.1799
29.500000	100.805	176.7430
30.000000	100.770	176.3183
30.400000	100.742	175.9848
30.700001	100.720	175.7446
31.100000	100.691	175.4357
31.500000	100.662	175.1316
32.000000	100.627	174.7668
32.500000	100.593	174.4016
33.000000	100.558	174.0476
33.500000	100.524	173.6967
34.000000	100.488	173.3562
34.500000	100.452	173.0205
35.000000	100.415	172.7001
35.500000	100.378	172.3921
36.000000	100.342	172.0971
36.500000	100.307	171.8048
37.000000	100.271	171.5187
37.500000	100.234	171.2395
38.200001	100.182	170.8751
38.700001	100.146	170.6269
39.500000	100.090	170.2355
40.000000	100.055	169.9940
40.599998	100.012	169.7076
41.200001	99.970	169.4369
41.799999	99.928	169.1746
42.500000	99.879	168.8744
43.099998	99.836	168.6283
43.700001	99.794	168.3915
44.400002	99.746	168.1249
45.000000	99.704	167.9029
45.500000	99.669	167.7247
46.200001	99.621	167.4923
46.799999	99.581	167.2967
47.500000	99.534	167.0655
48.200001	99.485	166.8507
48.700001	99.449	166.7158
49.400002	99.401	166.5369
50.000000	99.358	166.3791
50.799999	99.293	166.1734
51.500000	99.234	166.0164
52.200001	99.177	165.8654
53.000000	99.113	165.6820
53.799999	99.047	165.5163
54.500000	98.993	165.3875
55.200001	98.941	165.2595
56.000000	98.881	165.1337
57.000000	98.810	165.0308
58.000000	98.747	165.0092
59.000000	98.709	164.9759
60.000000	98.665	164.7139
60.799999	98.598	164.5339
61.500000	98.538	164.5234
62.200001	98.495	164.5343
63.000000	98.455	164.4558
64.000000	98.401	164.2858
65.000000	98.345	164.1164
66.000000	98.291	163.9749
67.000000	98.243	163.8319
68.000000	98.194	163.6819
69.000000	98.143	163.5618
70.000000	98.092	163.4698
71.000000	98.040	163.3920
72.000000	97.988	163.3300
73.000000	97.935	163.2679
74.000000	97.881	163.2036
75.000000	97.829	163.1458
76.199997	97.767	163.0758
77.500000	97.701	163.0217
78.800003	97.639	163.0110
80.000000	97.585	162.9998
81.199997	97.527	162.9849
82.500000	97.462	162.9740
83.800003	97.398	162.9680
85.000000	97.339	162.9696
86.199997	97.282	162.9775
87.500000	97.222	162.9969
88.500000	97.175	163.0209
90.000000	97.107	163.0885
91.199997	97.055	163.1379
92.500000	97.000	163.1801
93.800003	96.945	163.2252
95.000000	96.895	163.2678
96.199997	96.846	163.3102
97.500000	96.793	163.3651
98.800003	96.739	163.4474
100.000000	96.691	163.5327
101.500000	96.632	163.6491
103.000000	96.574	163.7669
104.400002	96.523	163.8811
106.000000	96.467	164.0166
107.500000	96.418	164.1326
109.000000	96.370	164.2252
110.599998	96.319	164.3151
112.000000	96.275	164.3929
113.800003	96.219	164.4912
115.000000	96.182	164.5560
117.199997	96.114	164.6634
118.000000	96.088	164.7043
120.599998	96.003	164.8571
122.000000	95.959	164.9464
124.099998	95.896	165.0901
125.000000	95.872	165.1568
126.500000	95.835	165.2716
128.000000	95.801	165.3831
131.500000	95.723	165.6393
132.000000	95.713	165.6778
134.000000	95.673	165.8351
136.000000	95.635	166.0004
138.000000	95.595	166.1843
140.000000	95.556	166.3821
143.000000	95.501	166.6648
145.000000	95.466	166.8550
147.500000	95.422	167.1131
150.000000	95.380	167.3981
152.500000	95.342	167.6937
155.000000	95.308	167.9944
157.500000	95.276	168.2893
160.000000	95.241	168.5775
162.500000	95.202	168.8506
165.000000	95.161	169.1080
167.500000	95.121	169.3895
170.000000	95.084	169.6816
172.500000	95.049	169.9711
175.000000	95.021	170.2448
177.500000	94.999	170.4827
180.000000	94.979	170.6749
182.500000	94.955	170.8184
185.000000	94.927	170.9432
187.500000	94.896	171.0662
190.000000	94.861	171.1962
192.500000	94.825	171.3390
195.000000	94.787	171.5008
197.500000	94.749	171.6678
200.000000	94.711	171.8503
203.000000	94.670	172.0540
206.000000	94.632	172.2846
209.000000	94.597	172.5369
212.000000	94.562	172.7836
214.000000	94.540	172.9462
218.000000	94.497	173.2885
220.000000	94.476	173.4570
224.000000	94.436	173.7873
227.000000	94.406	174.0439
230.000000	94.379	174.3109
233.000000	94.352	174.5787
236.000000	94.325	174.8382
240.000000	94.291	175.1840
243.000000	94.266	175.4415
247.000000	94.235	175.7897
250.000000	94.210	176.0523
254.000000	94.174	176.3937
258.000000	94.136	176.7308
262.000000	94.099	177.0775
265.000000	94.073	177.3365
269.000000	94.039	177.6741
272.000000	94.015	177.9294
276.000000	93.983	178.2585
280.000000	93.952	178.5796
285.000000	93.915	178.9812
290.000000	93.878	179.3896
295.000000	93.842	179.7917
300.000000	93.808	-179.8063
304.000000	93.782	-179.4815
307.000000	93.763	-179.2485
311.000000	93.739	-178.9322
315.000000	93.719	-178.6199
320.000000	93.700	-178.2373
325.000000	93.686	-177.8488
330.000000	93.674	-177.4689
335.000000	93.662	-177.0900
340.000000	93.651	-176.7028
345.000000	93.642	-176.3179
350.000000	93.633	-175.9349
355.000000	93.625	-175.5694
360.000000	93.616	-175.2114
365.000000	93.608	-174.8492
370.000000	93.600	-174.4794
375.000000	93.592	-174.1215
382.000000	93.581	-173.6183
387.000000	93.574	-173.2555
395.000000	93.563	-172.6685
400.000000	93.558	-172.3210
406.000000	93.552	-171.8778
412.000000	93.546	-171.4402
418.000000	93.541	-171.0026
425.000000	93.535	-170.4968
431.000000	93.531	-170.0763
437.000000	93.528	-169.6541
444.000000	93.525	-169.1583
450.000000	93.523	-168.7335
455.000000	93.523	-168.3961
462.000000	93.521	-167.9260
468.000000	93.520	-167.5233
475.000000	93.518	-167.0468
482.000000	93.517	-166.5776
487.000000	93.516	-166.2371
494.000000	93.515	-165.7667
500.000000	93.517	-165.3716
508.000000	93.522	-164.8244
515.000000	93.528	-164.3529
522.000000	93.534	-163.8707
530.000000	93.542	-163.3317
538.000000	93.550	-162.7964
545.000000	93.557	-162.3207
552.000000	93.565	-161.8481
560.000000	93.574	-161.3033
570.000000	93.586	-160.6310
580.000000	93.599	-159.9539
590.000000	93.614	-159.2714
600.000000	93.629	-158.5923
608.000000	93.641	-158.0514
615.000000	93.653	-157.5717
622.000000	93.665	-157.0992
630.000000	93.683	-156.5461
640.000000	93.710	-155.8586
650.000000	93.741	-155.1736
660.000000	93.772	-154.4747
670.000000	93.805	-153.7893
680.000000	93.839	-153.0944
690.000000	93.873	-152.4016
700.000000	93.908	-151.7053
710.000000	93.944	-151.0093
720.000000	93.980	-150.3077
730.000000	94.016	-149.5931
740.000000	94.053	-148.8788
750.000000	94.091	-148.1612
762.000000	94.138	-147.2808
775.000000	94.188	-146.3141
788.000000	94.238	-145.3021
800.000000	94.282	-144.3223
812.000000	94.326	-143.2709
825.000000	94.389	-142.0432
838.000000	94.480	-140.8094
850.000000	94.587	-139.8024
862.000000	94.697	-138.9686
875.000000	94.805	-138.1766
885.000000	94.881	-137.5822
900.000000	94.991	-136.6765
912.000000	95.079	-135.9579
925.000000	95.176	-135.1915
938.000000	95.276	-134.4246
950.000000	95.369	-133.7392
962.000000	95.464	-133.0692
975.000000	95.569	-132.3535
988.000000	95.672	-131.6508
1000.000000	95.761	-131.0150
1015.000000	95.856	-130.2653
1030.000000	95.944	-129.5547
1044.000000	96.026	-128.9171
1060.000000	96.122	-128.2333
1075.000000	96.213	-127.6176
1090.000000	96.304	-127.0499
1106.000000	96.402	-126.4877
1120.000000	96.486	-126.0219
1138.000000	96.594	-125.4739
1150.000000	96.666	-125.1086
1172.000000	96.794	-124.5094
1180.000000	96.839	-124.3041
1206.000000	96.985	-123.6917
1220.000000	97.062	-123.3776
1241.000000	97.180	-122.9374
1250.000000	97.234	-122.7528
1265.000000	97.332	-122.4680
1280.000000	97.436	-122.1889
1315.000000	97.676	-121.5682
1320.000000	97.709	-121.4857
1340.000000	97.842	-121.1481
1360.000000	97.972	-120.8254
1380.000000	98.100	-120.5013
1400.000000	98.226	-120.1878
1430.000000	98.412	-119.7152
1450.000000	98.534	-119.4075
1475.000000	98.686	-119.0302
1500.000000	98.837	-118.6580
1525.000000	98.988	-118.2950
1550.000000	99.139	-117.9289
1575.000000	99.291	-117.5994
1600.000000	99.445	-117.2479
1625.000000	99.604	-116.9294
1650.000000	99.765	-116.6133
1675.000000	99.928	-116.3179
1700.000000	100.092	-116.0338
1725.000000	100.257	-115.7695
1750.000000	100.423	-115.5179
1775.000000	100.589	-115.2997
1800.000000	100.756	-115.0941
1825.000000	100.924	-114.9048
1850.000000	101.093	-114.7590
1875.000000	101.262	-114.6218
1900.000000	101.431	-114.5157
1925.000000	101.601	-114.4398
1950.000000	101.771	-114.3860
1975.000000	101.942	-114.3687
2000.000000	102.112	-114.3870
2030.000000	102.318	-114.4421
2060.000000	102.523	-114.5433
2090.000000	102.728	-114.6751
2120.000000	102.930	-114.8746
2140.000000	103.064	-115.0312
2180.000000	103.329	-115.4030
2200.000000	103.459	-115.6296
2240.000000	103.715	-116.1234
2270.000000	103.902	-116.5601
2300.000000	104.085	-117.0347
2330.000000	104.264	-117.5508
2360.000000	104.436	-118.1249
2400.000000	104.658	-118.9438
2430.000000	104.817	-119.5959
2470.000000	105.019	-120.5281
2500.000000	105.162	-121.2789
2540.000000	105.342	-122.3101
2580.000000	105.509	-123.3930
2620.000000	105.662	-124.5163
2650.000000	105.768	-125.3824
2690.000000	105.897	-126.5567
2720.000000	105.985	-127.4630
2760.000000	106.090	-128.6803
2800.000000	106.182	-129.9074
2850.000000	106.278	-131.4617
2900.000000	106.354	-133.0215
2950.000000	106.410	-134.5880
3000.000000	106.446	-136.1453
3040.000000	106.461	-137.3962
3070.000000	106.463	-138.3337
3110.000000	106.456	-139.5787
3150.000000	106.439	-140.8228
3200.000000	106.404	-142.3654
3250.000000	106.349	-143.8703
3300.000000	106.267	-145.3538
3350.000000	106.155	-146.7769
3400.000000	106.010	-148.0945
3450.000000	105.833	-149.2777
3500.000000	105.625	-150.2831
3550.000000	105.389	-151.0222
3600.000000	105.131	-151.4771
3650.000000	104.863	-151.5866
3700.000000	104.594	-151.3360
3750.000000	104.341	-150.7386
3820.000000	104.035	-149.3474
3870.000000	103.866	-148.0782
3950.000000	103.694	-145.7765
4000.000000	103.641	-144.3224
4060.000000	103.615	-142.6903
4120.000000	103.626	-141.2737
4180.000000	103.665	-140.0965
4250.000000	103.729	-139.0432
4310.000000	103.785	-138.3741
4370.000000	103.833	-137.8564
4440.000000	103.875	-137.3917
4500.000000	103.901	-136.9945
4550.000000	103.919	-136.6496
4620.000000	103.952	-136.0950
4680.000000	104.001	-135.5908
4750.000000	104.096	-135.0561
4820.000000	104.234	-134.7704
4870.000000	104.352	-134.8406
4940.000000	104.519	-135.4124
5000.000000	104.635	-136.3846
5080.000000	104.706	-138.1641
5150.000000	104.666	-139.9373
5220.000000	104.527	-141.6205
5300.000000	104.270	-143.1852
5380.000000	103.942	-144.1907
5450.000000	103.624	-144.5970
5520.000000	103.297	-144.5679
5600.000000	102.928	-144.0702
5700.000000	102.497	-142.8366
5800.000000	102.114	-141.0547
5900.000000	101.790	-138.8687
6000.000000	101.529	-136.3706
6080.000000	101.369	-134.1960
6150.000000	101.266	-132.2286
6220.000000	101.198	-130.2083
6300.000000	101.158	-127.9041
6400.000000	101.162	-125.0506
6500.000000	101.231	-122.3724
6600.000000	101.365	-119.9582
6700.000000	101.551	-117.9264
6800.000000	101.772	-116.3354
6900.000000	102.003	-115.2342
7000.000000	102.225	-114.5505
7100.000000	102.424	-114.1718
7200.000000	102.602	-113.9803
7300.000000	102.764	-113.9385
7400.000000	102.918	-114.0618
7500.000000	103.068	-114.3515
7620.000000	103.242	-115.0018
7750.000000	103.406	-116.2250
7880.000000	103.506	-117.9747
8000.000000	103.508	-119.9935
8120.000000	103.402	-122.1115
8250.000000	103.158	-124.2220
8380.000000	102.799	-125.7997
8500.000000	102.399	-126.5876
8620.000000	101.973	-126.6212
8750.000000	101.526	-125.8202
8850.000000	101.217	-124.7039
9000.000000	100.844	-122.3055
9120.000000	100.645	-119.9633
9250.000000	100.549	-117.1458
9380.000000	100.591	-114.2668
9500.000000	100.762	-111.7687
9620.000000	101.064	-109.5983
9750.000000	101.536	-107.9428
9880.000000	102.144	-107.3718
10000.000000	102.794	-108.0997
10150.000000	103.640	-111.1926
10300.000000	104.374	-116.8222
10440.000000	104.809	-124.0474
10600.000000	104.888	-133.6266
10750.000000	104.536	-142.7021
10900.000000	103.837	-151.0178
11060.000000	102.817	-158.4442
11200.000000	101.778	-163.6627
11380.000000	100.343	-168.7509
11500.000000	99.356	-171.3880
11720.000000	97.363	-175.3289
11800.000000	96.488	-175.8142
12060.000000	93.861	-168.0457
12200.000000	93.215	-163.2733
12410.000000	92.543	-159.5817
12500.000000	92.245	-158.3698
12650.000000	91.752	-156.3917
12800.000000	91.298	-154.4937
13150.000000	90.392	-150.8842
13200.000000	90.260	-150.4056
13400.000000	89.770	-147.5861
13600.000000	89.660	-144.5539
13800.000000	89.722	-143.8657
14000.000000	89.743	-144.3755
14300.000000	89.737	-146.3614
14500.000000	89.712	-148.2791
14750.000000	89.647	-151.0419
15000.000000	89.585	-153.7229
15250.000000	89.589	-156.2457
15500.000000	89.695	-158.5875
15750.000000	89.961	-160.7649
16000.000000	90.492	-162.9419
16250.000000	91.376	-165.5457
16500.000000	92.559	-169.2705
16750.000000	93.937	-174.9617
17000.000000	95.328	176.4795
17250.000000	96.443	164.9236
17500.000000	96.998	151.3580
17750.000000	96.870	137.7442
18000.000000	96.167	126.1315
18250.000000	95.105	117.3319
18500.000000	93.838	111.5135
18750.000000	92.389	109.0940
19000.000000	90.977	112.8075
19250.000000	91.007	123.1029
19500.000000	92.476	125.5444
19750.000000	93.208	118.5546
20000.000000	93.174	115.1166
