20.000000	100.630	-146.7238
20.299999	100.674	-147.2261
20.600000	100.716	-147.7142
20.900000	100.753	-148.1780
21.200001	100.789	-148.6360
21.400000	100.813	-148.9343
21.799999	100.861	-149.5049
22.000000	100.886	-149.7846
22.400000	100.935	-150.3752
22.700001	100.971	-150.8118
23.000000	101.003	-151.2384
23.299999	101.034	-151.6685
23.600000	101.064	-152.0811
24.000000	101.104	-152.6085
24.299999	101.134	-153.0184
24.700001	101.173	-153.5594
25.000000	101.200	-153.9565
25.400000	101.232	-154.4982
25.799999	101.260	-155.0016
26.200001	101.289	-155.4754
26.500000	101.311	-155.8206
26.900000	101.340	-156.2704
27.200001	101.361	-156.6204
27.600000	101.387	-157.0869
28.000000	101.409	-157.5265
28.500000	101.437	-158.0564
29.000000	101.468	-158.5659
29.500000	101.501	-159.1046
30.000000	101.528	-159.6494
30.400000	101.546	-160.0862
30.700001	101.557	-160.3965
31.100000	101.572	-160.7906
31.500000	101.589	-161.1807
32.000000	101.612	-161.6579
32.500000	101.634	-162.1544
33.000000	101.654	-162.6337
33.500000	101.671	-163.0968
34.000000	101.688	-163.5380
34.500000	101.705	-163.9857
35.000000	101.722	-164.4209
35.500000	101.740	-164.8548
36.000000	101.756	-165.2855
36.500000	101.770	-165.7182
37.000000	101.781	-166.1331
37.500000	101.791	-166.5350
38.200001	101.805	-167.0775
38.700001	101.815	-167.4724
39.500000	101.828	-168.0899
40.000000	101.837	-168.4609
40.599998	101.851	-168.9211
41.200001	101.864	-169.3840
41.799999	101.874	-169.8431
42.500000	101.883	-170.3604
43.099998	101.891	-170.7825
43.700001	101.898	-171.1907
44.400002	101.906	-171.6550
45.000000	101.912	-172.0485
45.500000	101.916	-172.3742
46.200001	101.919	-172.8166
46.799999	101.919	-173.1874
47.500000	101.917	-173.6157
48.200001	101.915	-174.0379
48.700001	101.914	-174.3623
49.400002	101.905	-174.8508
50.000000	101.882	-175.2256
50.799999	101.851	-175.5481
51.500000	101.849	-175.7994
52.200001	101.857	-176.1732
53.000000	101.851	-176.6507
53.799999	101.842	-177.0501
54.500000	101.846	-177.3708
55.200001	101.852	-177.7318
56.000000	101.855	-178.1782
57.000000	101.855	-178.7631
58.000000	101.845	-179.3650
59.000000	101.824	-179.9430
60.000000	101.799	179.4934
60.799999	101.776	179.0791
61.500000	101.757	178.7455
62.200001	101.740	178.4220
63.000000	101.725	178.0416
64.000000	101.709	177.5585
65.000000	101.696	177.1060
66.000000	101.684	176.6445
67.000000	101.674	176.1652
68.000000	101.664	175.6795
69.000000	101.653	175.1889
70.000000	101.642	174.6738
71.000000	101.618	174.1552
72.000000	101.587	173.7568
73.000000	101.570	173.4226
74.000000	101.555	173.0422
75.000000	101.536	172.6480
76.199997	101.512	172.1892
77.500000	101.485	171.6723
78.800003	101.451	171.1542
80.000000	101.418	170.7109
81.199997	101.385	170.2525
82.500000	101.345	169.7375
83.800003	101.306	169.2616
85.000000	101.272	168.8112
86.199997	101.238	168.3974
87.500000	101.207	167.9894
88.500000	101.185	167.6772
90.000000	101.151	167.1386
91.199997	101.103	166.7107
92.500000	101.043	166.3439
93.800003	100.990	165.9796
95.000000	100.941	165.6130
96.199997	100.892	165.2280
97.500000	100.841	164.8503
98.800003	100.795	164.4711
100.000000	100.753	164.1183
101.500000	100.693	163.6965
103.000000	100.632	163.3212
104.400002	100.576	162.9735
106.000000	100.514	162.5911
107.500000	100.458	162.2205
109.000000	100.404	161.8634
110.599998	100.344	161.4659
112.000000	100.288	161.1338
113.800003	100.213	160.6959
115.000000	100.161	160.4099
117.199997	100.061	159.8883
118.000000	100.023	159.6876
120.599998	99.902	159.1501
122.000000	99.843	158.8722
124.099998	99.755	158.4612
125.000000	99.718	158.2842
126.500000	99.657	158.0223
128.000000	99.597	157.7806
131.500000	99.458	157.2169
132.000000	99.438	157.1411
134.000000	99.357	156.8610
136.000000	99.276	156.6127
138.000000	99.195	156.3988
140.000000	99.117	156.2100
143.000000	99.006	155.9848
145.000000	98.937	155.8467
147.500000	98.854	155.6287
150.000000	98.766	155.3965
152.500000	98.676	155.1930
155.000000	98.586	155.0338
157.500000	98.496	154.8900
160.000000	98.404	154.7650
162.500000	98.310	154.6610
165.000000	98.219	154.5476
167.500000	98.131	154.4021
170.000000	98.039	154.1913
172.500000	97.934	153.9567
175.000000	97.817	153.7507
177.500000	97.695	153.5886
180.000000	97.568	153.4759
182.500000	97.443	153.4344
185.000000	97.321	153.4362
187.500000	97.201	153.4584
190.000000	97.083	153.5360
192.500000	96.969	153.6192
195.000000	96.858	153.7281
197.500000	96.747	153.8365
200.000000	96.638	153.9872
203.000000	96.512	154.2117
206.000000	96.391	154.4480
209.000000	96.275	154.7158
212.000000	96.168	155.0066
214.000000	96.101	155.1999
218.000000	95.969	155.5824
220.000000	95.903	155.7596
224.000000	95.773	156.1074
227.000000	95.673	156.3858
230.000000	95.570	156.6834
233.000000	95.467	157.0103
236.000000	95.366	157.3605
240.000000	95.237	157.8866
243.000000	95.143	158.3152
247.000000	95.022	158.9130
250.000000	94.933	159.3863
254.000000	94.818	160.0196
258.000000	94.707	160.6831
262.000000	94.601	161.3459
265.000000	94.524	161.8520
269.000000	94.427	162.5220
272.000000	94.357	163.0516
276.000000	94.268	163.7464
280.000000	94.184	164.4658
285.000000	94.089	165.3764
290.000000	94.001	166.2933
295.000000	93.923	167.1943
300.000000	93.853	168.1098
304.000000	93.804	168.8156
307.000000	93.769	169.3454
311.000000	93.728	170.0319
315.000000	93.693	170.7148
320.000000	93.659	171.5504
325.000000	93.633	172.3554
330.000000	93.610	173.1735
335.000000	93.593	173.9827
340.000000	93.581	174.7834
345.000000	93.574	175.5708
350.000000	93.573	176.3313
355.000000	93.574	177.0684
360.000000	93.578	177.7840
365.000000	93.584	178.4642
370.000000	93.592	179.1379
375.000000	93.602	179.8039
382.000000	93.620	-179.3080
387.000000	93.635	-178.6948
395.000000	93.661	-177.7384
400.000000	93.679	-177.1505
406.000000	93.703	-176.4936
412.000000	93.729	-175.8351
418.000000	93.755	-175.2049
425.000000	93.787	-174.5008
431.000000	93.815	-173.8972
437.000000	93.844	-173.3444
444.000000	93.878	-172.7079
450.000000	93.908	-172.1962
455.000000	93.933	-171.7675
462.000000	93.968	-171.1791
468.000000	93.998	-170.6841
475.000000	94.033	-170.1301
482.000000	94.068	-169.6062
487.000000	94.093	-169.2144
494.000000	94.130	-168.7074
500.000000	94.162	-168.2837
508.000000	94.206	-167.7234
515.000000	94.245	-167.2583
522.000000	94.285	-166.8072
530.000000	94.329	-166.2736
538.000000	94.373	-165.7730
545.000000	94.411	-165.3491
552.000000	94.448	-164.8964
560.000000	94.491	-164.4337
570.000000	94.544	-163.8590
580.000000	94.596	-163.2811
590.000000	94.648	-162.7113
600.000000	94.699	-162.1670
608.000000	94.739	-161.7191
615.000000	94.774	-161.3490
622.000000	94.809	-160.9681
630.000000	94.851	-160.5492
640.000000	94.908	-160.0178
650.000000	94.968	-159.4807
660.000000	95.028	-158.9610
670.000000	95.088	-158.4428
680.000000	95.147	-157.9214
690.000000	95.206	-157.4124
700.000000	95.266	-156.9007
710.000000	95.326	-156.3762
720.000000	95.386	-155.8570
730.000000	95.447	-155.3279
740.000000	95.507	-154.8079
750.000000	95.569	-154.3015
762.000000	95.646	-153.6705
775.000000	95.729	-152.9902
788.000000	95.812	-152.3024
800.000000	95.887	-151.6837
812.000000	95.958	-151.0652
825.000000	96.035	-150.3786
838.000000	96.113	-149.7090
850.000000	96.189	-149.0967
862.000000	96.267	-148.4832
875.000000	96.354	-147.8312
885.000000	96.425	-147.3405
900.000000	96.534	-146.5950
912.000000	96.625	-146.0250
925.000000	96.726	-145.4325
938.000000	96.831	-144.8448
950.000000	96.931	-144.3172
962.000000	97.033	-143.8236
975.000000	97.146	-143.3040
988.000000	97.258	-142.8248
1000.000000	97.355	-142.3953
1015.000000	97.462	-141.8968
1030.000000	97.561	-141.4473
1044.000000	97.653	-141.0623
1060.000000	97.760	-140.6871
1075.000000	97.860	-140.3755
1090.000000	97.959	-140.0902
1106.000000	98.065	-139.8423
1120.000000	98.157	-139.6682
1138.000000	98.274	-139.4886
1150.000000	98.350	-139.3913
1172.000000	98.484	-139.2762
1180.000000	98.531	-139.2684
1206.000000	98.680	-139.2174
1220.000000	98.757	-139.2316
1241.000000	98.871	-139.2798
1250.000000	98.924	-139.2967
1265.000000	99.018	-139.3436
1280.000000	99.116	-139.4064
1315.000000	99.337	-139.5831
1320.000000	99.367	-139.6062
1340.000000	99.486	-139.7153
1360.000000	99.601	-139.8288
1380.000000	99.711	-139.9362
1400.000000	99.817	-140.0518
1430.000000	99.972	-140.2042
1450.000000	100.071	-140.3114
1475.000000	100.193	-140.4477
1500.000000	100.313	-140.5648
1525.000000	100.431	-140.6715
1550.000000	100.546	-140.7830
1575.000000	100.661	-140.8959
1600.000000	100.778	-140.9831
1625.000000	100.899	-141.0738
1650.000000	101.023	-141.1905
1675.000000	101.148	-141.2916
1700.000000	101.274	-141.4291
1725.000000	101.399	-141.5592
1750.000000	101.523	-141.7224
1775.000000	101.646	-141.8923
1800.000000	101.768	-142.0759
1825.000000	101.889	-142.2619
1850.000000	102.010	-142.4668
1875.000000	102.130	-142.6899
1900.000000	102.250	-142.9125
1925.000000	102.369	-143.1646
1950.000000	102.488	-143.4240
1975.000000	102.606	-143.7038
2000.000000	102.723	-144.0119
2030.000000	102.865	-144.3753
2060.000000	103.005	-144.7644
2090.000000	103.143	-145.1981
2120.000000	103.279	-145.6788
2140.000000	103.367	-145.9824
2180.000000	103.540	-146.6790
2200.000000	103.623	-147.0313
2240.000000	103.783	-147.7670
2270.000000	103.897	-148.3299
2300.000000	104.007	-148.9187
2330.000000	104.111	-149.4906
2360.000000	104.210	-150.0580
2400.000000	104.338	-150.7886
2430.000000	104.433	-151.3155
2470.000000	104.569	-151.9784
2500.000000	104.682	-152.4702
2540.000000	104.844	-153.2748
2580.000000	105.002	-154.2992
2620.000000	105.137	-155.4919
2650.000000	105.221	-156.4092
2690.000000	105.312	-157.6501
2720.000000	105.367	-158.5509
2760.000000	105.429	-159.7471
2800.000000	105.478	-160.8592
2850.000000	105.527	-162.2403
2900.000000	105.562	-163.5608
2950.000000	105.584	-164.7930
3000.000000	105.597	-165.8750
3040.000000	105.606	-166.8613
3070.000000	105.614	-167.4741
3110.000000	105.627	-168.3111
3150.000000	105.645	-169.1404
3200.000000	105.673	-170.1803
3250.000000	105.699	-171.2503
3300.000000	105.717	-172.2955
3350.000000	105.728	-173.3224
3400.000000	105.736	-174.3500
3450.000000	105.740	-175.3240
3500.000000	105.741	-176.3129
3550.000000	105.736	-177.3276
3600.000000	105.724	-178.3101
3650.000000	105.705	-179.3158
3700.000000	105.679	179.6844
3750.000000	105.644	178.7265
3820.000000	105.582	177.3777
3870.000000	105.526	176.4471
3950.000000	105.416	175.0396
4000.000000	105.329	174.2104
4060.000000	105.201	173.2707
4120.000000	105.057	172.4271
4180.000000	104.905	171.5930
4250.000000	104.719	170.6813
4310.000000	104.550	169.9888
4370.000000	104.371	169.3192
4440.000000	104.149	168.6520
4500.000000	103.948	168.1895
4550.000000	103.773	167.9084
4620.000000	103.521	167.6594
4680.000000	103.300	167.5994
4750.000000	103.041	167.7500
4820.000000	102.783	168.0981
4870.000000	102.603	168.5415
4940.000000	102.365	169.3903
5000.000000	102.184	170.3359
5080.000000	101.991	171.8809
5150.000000	101.875	173.5060
5220.000000	101.816	175.2630
5300.000000	101.829	177.4147
5380.000000	101.945	179.6303
5450.000000	102.147	-178.5671
5520.000000	102.453	-177.0608
5600.000000	102.932	-176.0584
5700.000000	103.673	-176.6783
5800.000000	104.391	179.8128
5900.000000	104.790	173.5291
6000.000000	104.637	165.9420
6080.000000	104.127	161.4721
6150.000000	103.497	158.6019
6220.000000	102.796	157.1920
6300.000000	102.011	157.1791
6400.000000	101.153	158.8750
6500.000000	100.483	161.7904
6600.000000	100.007	165.2637
6700.000000	99.703	168.9736
6800.000000	99.542	172.7047
6900.000000	99.504	176.4787
7000.000000	99.622	-179.7838
7100.000000	99.891	-176.5378
7200.000000	100.265	-173.9208
7300.000000	100.739	-171.9009
7400.000000	101.320	-170.5989
7500.000000	102.002	-170.3333
7620.000000	102.914	-171.8616
7750.000000	103.893	-176.3866
7880.000000	104.633	175.8204
8000.000000	104.873	166.4926
8120.000000	104.558	156.6522
8250.000000	103.640	147.4699
8380.000000	102.337	141.1559
8500.000000	101.011	138.0403
8620.000000	99.711	137.1198
8750.000000	98.414	137.9610
8850.000000	97.517	139.5816
9000.000000	96.338	143.0681
9120.000000	95.533	146.5255
9250.000000	94.791	150.7163
9380.000000	94.176	155.1886
9500.000000	93.717	159.5220
9620.000000	93.356	163.8837
9750.000000	93.064	168.5671
9880.000000	92.866	173.1496
10000.000000	92.764	177.2403
10150.000000	92.729	-178.0132
10300.000000	92.754	-173.7453
10440.000000	92.804	-169.9438
10600.000000	92.936	-165.4747
10750.000000	93.195	-161.5347
10900.000000	93.560	-158.4048
11060.000000	93.989	-156.1870
11200.000000	94.343	-155.1747
11380.000000	94.706	-154.8082
11500.000000	94.863	-154.9214
11720.000000	94.948	-155.2682
11800.000000	94.928	-155.2177
12060.000000	94.812	-153.7994
12200.000000	94.771	-152.3550
12410.000000	94.798	-149.7249
12500.000000	94.852	-148.4822
12650.000000	95.008	-146.3737
12800.000000	95.244	-144.4323
13150.000000	96.044	-141.3025
13200.000000	96.179	-141.0476
13400.000000	96.758	-140.5060
13600.000000	97.385	-140.9277
13800.000000	98.052	-142.3536
14000.000000	98.734	-145.1724
14300.000000	99.632	-152.4243
14500.000000	99.995	-159.3510
14750.000000	99.967	-169.5935
15000.000000	99.242	-179.4540
15250.000000	97.983	173.8303
15500.000000	96.572	171.1770
15750.000000	95.344	171.9600
16000.000000	94.524	174.8217
16250.000000	94.257	178.4708
16500.000000	94.507	-178.5338
16750.000000	95.151	-177.8604
17000.000000	95.917	178.9159
17250.000000	96.355	171.6039
17500.000000	96.073	162.4594
17750.000000	95.062	155.1733
18000.000000	93.704	152.1451
18250.000000	92.432	152.9853
18500.000000	91.421	156.2824
18750.000000	90.783	162.7836
19000.000000	91.322	172.5002
19250.000000	92.954	174.1933
19500.000000	93.957	165.0740
19750.000000	93.822	153.8538
20000.000000	93.345	146.6093
