20.000000	101.443	-151.4937
20.299999	101.475	-152.0001
20.600000	101.507	-152.4862
20.900000	101.538	-152.9577
21.200001	101.568	-153.4329
21.400000	101.588	-153.7486
21.799999	101.624	-154.3629
22.000000	101.641	-154.6616
22.400000	101.675	-155.2635
22.700001	101.699	-155.6998
23.000000	101.723	-156.1279
23.299999	101.746	-156.5675
23.600000	101.769	-157.0037
24.000000	101.797	-157.5772
24.299999	101.816	-158.0128
24.700001	101.840	-158.5762
25.000000	101.856	-158.9823
25.400000	101.877	-159.5211
25.799999	101.898	-160.0393
26.200001	101.918	-160.5511
26.500000	101.933	-160.9338
26.900000	101.952	-161.4336
27.200001	101.965	-161.8044
27.600000	101.980	-162.2872
28.000000	101.994	-162.7499
28.500000	102.011	-163.3110
29.000000	102.028	-163.8502
29.500000	102.045	-164.3855
30.000000	102.060	-164.9168
30.400000	102.070	-165.3481
30.700001	102.076	-165.6649
31.100000	102.083	-166.0777
31.500000	102.090	-166.4850
32.000000	102.099	-166.9821
32.500000	102.107	-167.4823
33.000000	102.113	-167.9711
33.500000	102.117	-168.4511
34.000000	102.122	-168.9106
34.500000	102.129	-169.3643
35.000000	102.136	-169.8175
35.500000	102.141	-170.2755
36.000000	102.143	-170.7209
36.500000	102.144	-171.1448
37.000000	102.146	-171.5450
37.500000	102.151	-171.9429
38.200001	102.158	-172.5200
38.700001	102.160	-172.9463
39.500000	102.157	-173.6125
40.000000	102.155	-174.0115
40.599998	102.152	-174.4909
41.200001	102.148	-174.9600
41.799999	102.142	-175.4038
42.500000	102.140	-175.8975
43.099998	102.141	-176.3267
43.700001	102.140	-176.7642
44.400002	102.138	-177.2542
45.000000	102.139	-177.6656
45.500000	102.139	-178.0273
46.200001	102.132	-178.5600
46.799999	102.114	-178.9923
47.500000	102.091	-179.4199
48.200001	102.074	-179.8121
48.700001	102.064	179.8815
49.400002	102.045	179.4125
50.000000	102.019	179.0200
50.799999	101.976	178.5690
51.500000	101.944	178.2251
52.200001	101.918	177.8848
53.000000	101.888	177.5277
53.799999	101.866	177.2822
54.500000	101.868	177.0811
55.200001	101.875	176.7532
56.000000	101.853	176.3627
57.000000	101.821	176.2031
58.000000	101.840	175.9695
59.000000	101.833	175.4948
60.000000	101.819	175.1064
60.799999	101.816	174.6816
61.500000	101.798	174.2283
62.200001	101.769	173.8297
63.000000	101.740	173.4695
64.000000	101.724	173.0178
65.000000	101.708	172.5065
66.000000	101.687	172.0367
67.000000	101.672	171.5265
68.000000	101.636	170.9870
69.000000	101.596	170.6251
70.000000	101.585	170.2890
71.000000	101.581	169.8361
72.000000	101.572	169.3568
73.000000	101.560	168.8881
74.000000	101.541	168.4415
75.000000	101.515	168.0792
76.199997	101.490	167.7095
77.500000	101.461	167.2632
78.800003	101.425	166.7949
80.000000	101.390	166.3617
81.199997	101.355	165.8916
82.500000	101.313	165.3995
83.800003	101.274	164.9441
85.000000	101.241	164.5399
86.199997	101.205	164.1314
87.500000	101.160	163.7245
88.500000	101.128	163.4308
90.000000	101.081	162.9393
91.199997	101.038	162.5360
92.500000	100.991	162.1182
93.800003	100.944	161.7182
95.000000	100.900	161.3610
96.199997	100.852	161.0236
97.500000	100.798	160.6956
98.800003	100.745	160.3897
100.000000	100.696	160.1090
101.500000	100.632	159.7733
103.000000	100.571	159.4637
104.400002	100.517	159.2017
106.000000	100.459	158.9494
107.500000	100.407	158.7644
109.000000	100.365	158.6219
110.599998	100.329	158.4095
112.000000	100.301	158.1557
113.800003	100.262	157.7476
115.000000	100.232	157.4570
117.199997	100.167	156.9215
118.000000	100.139	156.7415
120.599998	100.044	156.2213
122.000000	99.991	155.9410
124.099998	99.912	155.6111
125.000000	99.882	155.4935
126.500000	99.840	155.3235
128.000000	99.805	155.1794
131.500000	99.751	154.8201
132.000000	99.745	154.7512
134.000000	99.725	154.4350
136.000000	99.700	154.0498
138.000000	99.662	153.6851
140.000000	99.617	153.3478
143.000000	99.539	152.9102
145.000000	99.487	152.6984
147.500000	99.434	152.5236
150.000000	99.394	152.3601
152.500000	99.364	152.1433
155.000000	99.345	151.8156
157.500000	99.322	151.3891
160.000000	99.283	150.9303
162.500000	99.219	150.4863
165.000000	99.139	150.1159
167.500000	99.060	149.8451
170.000000	98.988	149.6487
172.500000	98.925	149.4799
175.000000	98.873	149.2982
177.500000	98.826	149.0662
180.000000	98.782	148.7891
182.500000	98.734	148.4529
185.000000	98.681	148.1036
187.500000	98.624	147.7709
190.000000	98.566	147.4563
192.500000	98.506	147.1467
195.000000	98.444	146.8391
197.500000	98.380	146.5446
200.000000	98.316	146.2576
203.000000	98.240	145.9426
206.000000	98.167	145.6522
209.000000	98.094	145.3879
212.000000	98.022	145.1396
214.000000	97.974	144.9765
218.000000	97.878	144.6497
220.000000	97.830	144.4923
224.000000	97.738	144.2127
227.000000	97.670	144.0369
230.000000	97.602	143.8712
233.000000	97.536	143.7141
236.000000	97.471	143.5580
240.000000	97.388	143.3531
243.000000	97.327	143.2139
247.000000	97.245	143.0200
250.000000	97.182	142.8754
254.000000	97.095	142.7073
258.000000	97.009	142.5498
262.000000	96.924	142.4129
265.000000	96.862	142.3029
269.000000	96.782	142.1500
272.000000	96.724	142.0368
276.000000	96.646	141.8813
280.000000	96.568	141.7422
285.000000	96.468	141.5704
290.000000	96.371	141.3855
295.000000	96.274	141.2288
300.000000	96.176	141.0901
304.000000	96.099	140.9718
307.000000	96.043	140.8918
311.000000	95.969	140.8026
315.000000	95.899	140.7250
320.000000	95.820	140.6229
325.000000	95.747	140.5233
330.000000	95.676	140.4576
335.000000	95.605	140.3979
340.000000	95.536	140.3305
345.000000	95.469	140.2697
350.000000	95.402	140.2298
355.000000	95.336	140.1869
360.000000	95.271	140.1436
365.000000	95.208	140.1199
370.000000	95.147	140.0988
375.000000	95.086	140.0760
382.000000	95.005	140.0461
387.000000	94.948	140.0336
395.000000	94.856	140.0396
400.000000	94.800	140.0417
406.000000	94.734	140.0399
412.000000	94.670	140.0519
418.000000	94.607	140.0731
425.000000	94.535	140.1019
431.000000	94.476	140.1186
437.000000	94.418	140.1552
444.000000	94.351	140.1945
450.000000	94.294	140.2331
455.000000	94.248	140.2753
462.000000	94.187	140.3359
468.000000	94.135	140.3979
475.000000	94.076	140.4644
482.000000	94.019	140.5245
487.000000	93.979	140.5720
494.000000	93.924	140.6453
500.000000	93.880	140.7176
508.000000	93.824	140.8160
515.000000	93.778	140.8988
522.000000	93.733	140.9930
530.000000	93.685	141.1009
538.000000	93.638	141.2171
545.000000	93.599	141.3119
552.000000	93.560	141.4095
560.000000	93.517	141.5450
570.000000	93.466	141.7014
580.000000	93.417	141.8640
590.000000	93.371	142.0475
600.000000	93.327	142.2182
608.000000	93.294	142.3574
615.000000	93.267	142.4963
622.000000	93.242	142.6202
630.000000	93.216	142.7793
640.000000	93.190	142.9651
650.000000	93.170	143.1735
660.000000	93.153	143.3873
670.000000	93.137	143.6019
680.000000	93.124	143.8146
690.000000	93.112	144.0294
700.000000	93.103	144.2505
710.000000	93.096	144.4673
720.000000	93.092	144.6936
730.000000	93.090	144.9257
740.000000	93.089	145.1646
750.000000	93.092	145.4045
762.000000	93.099	145.6884
775.000000	93.108	145.9833
788.000000	93.122	146.2753
800.000000	93.133	146.5652
812.000000	93.138	146.8669
825.000000	93.142	147.2027
838.000000	93.150	147.5460
850.000000	93.162	147.8968
862.000000	93.181	148.2675
875.000000	93.212	148.6871
885.000000	93.242	149.0060
900.000000	93.298	149.4422
912.000000	93.349	149.7673
925.000000	93.411	150.0898
938.000000	93.479	150.3936
950.000000	93.546	150.6331
962.000000	93.616	150.8500
975.000000	93.697	151.0618
988.000000	93.779	151.2475
1000.000000	93.849	151.3814
1015.000000	93.922	151.5140
1030.000000	93.990	151.5951
1044.000000	94.055	151.6384
1060.000000	94.132	151.6289
1075.000000	94.209	151.5627
1090.000000	94.288	151.4514
1106.000000	94.373	151.2913
1120.000000	94.449	151.1028
1138.000000	94.548	150.7831
1150.000000	94.613	150.5583
1172.000000	94.732	150.0482
1180.000000	94.774	149.8419
1206.000000	94.909	149.1069
1220.000000	94.980	148.6643
1241.000000	95.089	147.9614
1250.000000	95.139	147.6480
1265.000000	95.229	147.0873
1280.000000	95.324	146.5183
1315.000000	95.539	145.1092
1320.000000	95.568	144.9011
1340.000000	95.683	144.0638
1360.000000	95.793	143.1971
1380.000000	95.899	142.3195
1400.000000	96.000	141.4325
1430.000000	96.144	140.1025
1450.000000	96.235	139.1968
1475.000000	96.345	138.0563
1500.000000	96.450	136.9241
1525.000000	96.551	135.7940
1550.000000	96.649	134.6800
1575.000000	96.744	133.5353
1600.000000	96.840	132.4195
1625.000000	96.938	131.2867
1650.000000	97.038	130.1681
1675.000000	97.136	129.0569
1700.000000	97.233	127.9356
1725.000000	97.329	126.8141
1750.000000	97.426	125.7073
1775.000000	97.522	124.5772
1800.000000	97.617	123.4583
1825.000000	97.712	122.3363
1850.000000	97.807	121.2057
1875.000000	97.902	120.0788
1900.000000	97.998	118.9299
1925.000000	98.093	117.7823
1950.000000	98.189	116.6309
1975.000000	98.284	115.4645
2000.000000	98.382	114.2946
2030.000000	98.503	112.8619
2060.000000	98.625	111.4080
2090.000000	98.744	109.9700
2120.000000	98.860	108.4978
2140.000000	98.937	107.5036
2180.000000	99.089	105.5187
2200.000000	99.165	104.4983
2240.000000	99.314	102.4502
2270.000000	99.425	100.8976
2300.000000	99.533	99.3403
2330.000000	99.641	97.7506
2360.000000	99.747	96.1492
2400.000000	99.885	93.9971
2430.000000	99.986	92.3698
2470.000000	100.117	90.1581
2500.000000	100.213	88.4975
2540.000000	100.336	86.2669
2580.000000	100.455	84.0067
2620.000000	100.569	81.7445
2650.000000	100.651	80.0378
2690.000000	100.757	77.7421
2720.000000	100.833	76.0182
2760.000000	100.930	73.7291
2800.000000	101.022	71.4235
2850.000000	101.132	68.5405
2900.000000	101.234	65.6837
2950.000000	101.330	62.8067
3000.000000	101.420	59.9623
3040.000000	101.488	57.6870
3070.000000	101.537	55.9845
3110.000000	101.600	53.7249
3150.000000	101.664	51.4904
3200.000000	101.748	48.7133
3250.000000	101.831	45.9767
3300.000000	101.912	43.2656
3350.000000	101.992	40.6067
3400.000000	102.073	37.9812
3450.000000	102.156	35.3929
3500.000000	102.240	32.8085
3550.000000	102.327	30.2576
3600.000000	102.417	27.7078
3650.000000	102.508	25.1744
3700.000000	102.601	22.6517
3750.000000	102.697	20.1353
3820.000000	102.838	16.6226
3870.000000	102.944	14.1207
3950.000000	103.117	10.1094
4000.000000	103.221	7.5825
4060.000000	103.335	4.5461
4120.000000	103.447	1.5028
4180.000000	103.563	-1.5925
4250.000000	103.708	-5.2338
4310.000000	103.841	-8.3797
4370.000000	103.984	-11.5735
4440.000000	104.167	-15.3754
4500.000000	104.335	-18.7445
4550.000000	104.482	-21.6504
4620.000000	104.689	-25.8829
4680.000000	104.865	-29.6630
4750.000000	105.062	-34.2401
4820.000000	105.242	-38.9290
4870.000000	105.363	-42.2880
4940.000000	105.541	-46.8993
5000.000000	105.744	-50.8334
5080.000000	106.111	-56.6736
5150.000000	106.448	-62.8242
5220.000000	106.704	-69.9553
5300.000000	106.822	-78.8830
5380.000000	106.712	-88.0867
5450.000000	106.431	-95.8113
5520.000000	106.016	-102.8327
5600.000000	105.443	-109.8194
5700.000000	104.685	-116.9995
5800.000000	103.969	-122.7744
5900.000000	103.335	-127.5945
6000.000000	102.791	-131.7917
6080.000000	102.418	-134.8315
6150.000000	102.131	-137.3536
6220.000000	101.877	-139.7676
6300.000000	101.620	-142.4337
6400.000000	101.339	-145.6099
6500.000000	101.109	-148.6785
6600.000000	100.936	-151.6256
6700.000000	100.824	-154.4929
6800.000000	100.781	-157.2892
6900.000000	100.814	-160.0885
7000.000000	100.930	-162.9662
7100.000000	101.134	-166.0281
7200.000000	101.431	-169.3887
7300.000000	101.823	-173.1577
7400.000000	102.313	-177.5526
7500.000000	102.899	177.2344
7620.000000	103.708	169.4598
7750.000000	104.640	158.4578
7880.000000	105.440	144.1863
8000.000000	105.815	128.2919
8120.000000	105.639	111.0354
8250.000000	104.772	93.0038
8380.000000	103.370	77.6223
8500.000000	101.838	66.3623
8620.000000	100.269	57.6837
8750.000000	98.650	50.5509
8850.000000	97.494	46.2397
9000.000000	95.920	41.0620
9120.000000	94.792	37.7356
9250.000000	93.690	34.6798
9380.000000	92.698	32.0524
9500.000000	91.869	29.9158
9620.000000	91.115	27.9766
9750.000000	90.374	26.0464
9880.000000	89.706	24.2766
10000.000000	89.151	22.7378
10150.000000	88.533	20.9054
10300.000000	87.991	19.1614
10440.000000	87.545	17.5779
10600.000000	87.100	15.8629
10750.000000	86.749	14.3396
10900.000000	86.466	12.8725
11060.000000	86.233	11.2761
11200.000000	86.086	9.8907
11380.000000	85.972	8.0852
11500.000000	85.943	6.8850
11720.000000	85.989	4.5544
11800.000000	86.038	3.6998
12060.000000	86.324	0.7384
12200.000000	86.563	-0.9632
12410.000000	87.040	-3.7314
12500.000000	87.291	-5.0381
12650.000000	87.775	-7.4099
12800.000000	88.346	-10.1451
13150.000000	90.002	-18.4155
13200.000000	90.274	-19.8818
13400.000000	91.444	-26.5388
13600.000000	92.739	-34.8497
13800.000000	94.109	-45.4136
14000.000000	95.425	-58.7139
14300.000000	96.867	-83.6858
14500.000000	97.239	-102.1097
14750.000000	97.006	-124.5090
15000.000000	96.252	-144.1262
15250.000000	95.338	-160.4357
15500.000000	94.516	-174.3066
15750.000000	93.900	173.0664
16000.000000	93.540	160.6117
16250.000000	93.415	147.4320
16500.000000	93.342	133.1426
16750.000000	93.119	117.8558
17000.000000	92.616	102.4099
17250.000000	91.807	88.1216
17500.000000	90.849	76.6035
17750.000000	90.175	67.8994
18000.000000	90.046	58.7781
18250.000000	90.024	46.7401
18500.000000	89.771	33.5608
18750.000000	89.347	20.5537
19000.000000	88.853	7.6724
19250.000000	88.308	-5.0208
19500.000000	87.686	-17.8406
19750.000000	87.004	-30.2207
20000.000000	86.517	-40.4384
