20.000000	100.273	-149.8934
20.299999	100.309	-150.4062
20.600000	100.341	-150.8949
20.900000	100.372	-151.3585
21.200001	100.403	-151.8159
21.400000	100.423	-152.1175
21.799999	100.462	-152.7061
22.000000	100.480	-152.9955
22.400000	100.515	-153.5848
22.700001	100.539	-154.0112
23.000000	100.561	-154.4237
23.299999	100.584	-154.8398
23.600000	100.606	-155.2461
24.000000	100.635	-155.7767
24.299999	100.656	-156.1828
24.700001	100.682	-156.7140
25.000000	100.700	-157.1005
25.400000	100.724	-157.6156
25.799999	100.746	-158.1102
26.200001	100.768	-158.5982
26.500000	100.784	-158.9639
26.900000	100.805	-159.4433
27.200001	100.819	-159.8010
27.600000	100.835	-160.2683
28.000000	100.850	-160.7154
28.500000	100.866	-161.2519
29.000000	100.883	-161.7562
29.500000	100.902	-162.2496
30.000000	100.921	-162.7444
30.400000	100.934	-163.1579
30.700001	100.941	-163.4675
31.100000	100.948	-163.8713
31.500000	100.951	-164.2579
32.000000	100.956	-164.6967
32.500000	100.964	-165.1059
33.000000	100.978	-165.5019
33.500000	100.996	-165.9254
34.000000	101.014	-166.3792
34.500000	101.027	-166.8572
35.000000	101.035	-167.3273
35.500000	101.039	-167.7736
36.000000	101.043	-168.1891
36.500000	101.048	-168.5906
37.000000	101.054	-168.9850
37.500000	101.059	-169.3758
38.200001	101.064	-169.9001
38.700001	101.068	-170.2648
39.500000	101.074	-170.8450
40.000000	101.077	-171.1985
40.599998	101.081	-171.6145
41.200001	101.087	-172.0324
41.799999	101.092	-172.4725
42.500000	101.090	-172.9897
43.099998	101.085	-173.3979
43.700001	101.082	-173.7784
44.400002	101.082	-174.2202
45.000000	101.081	-174.6073
45.500000	101.078	-174.9301
46.200001	101.071	-175.3713
46.799999	101.061	-175.7301
47.500000	101.047	-176.1016
48.200001	101.035	-176.4224
48.700001	101.029	-176.6360
49.400002	101.022	-176.9179
50.000000	101.019	-177.1467
50.799999	101.017	-177.4870
51.500000	101.012	-177.8441
52.200001	101.000	-178.2005
53.000000	100.987	-178.5564
53.799999	100.985	-178.9321
54.500000	100.983	-179.3184
55.200001	100.975	-179.7232
56.000000	100.961	179.8299
57.000000	100.938	179.3009
58.000000	100.913	178.7918
59.000000	100.881	178.2934
60.000000	100.842	177.8557
60.799999	100.812	177.5754
61.500000	100.794	177.3676
62.200001	100.790	177.1303
63.000000	100.792	176.7419
64.000000	100.777	176.1750
65.000000	100.755	175.6962
66.000000	100.733	175.2576
67.000000	100.708	174.8840
68.000000	100.685	174.5573
69.000000	100.661	174.2853
70.000000	100.648	174.0610
71.000000	100.641	173.7767
72.000000	100.632	173.4777
73.000000	100.629	173.1505
74.000000	100.621	172.7651
75.000000	100.607	172.3784
76.199997	100.588	171.9486
77.500000	100.571	171.4916
78.800003	100.552	171.0153
80.000000	100.533	170.5972
81.199997	100.514	170.2008
82.500000	100.500	169.7354
83.800003	100.466	169.2116
85.000000	100.423	168.8871
86.199997	100.390	168.6093
87.500000	100.355	168.2598
88.500000	100.326	167.9839
90.000000	100.283	167.5594
91.199997	100.248	167.2010
92.500000	100.211	166.8338
93.800003	100.176	166.4835
95.000000	100.143	166.1745
96.199997	100.107	165.8779
97.500000	100.067	165.5703
98.800003	100.028	165.2843
100.000000	99.995	165.0297
101.500000	99.958	164.7284
103.000000	99.930	164.4526
104.400002	99.904	164.1246
106.000000	99.860	163.7776
107.500000	99.818	163.4738
109.000000	99.777	163.1292
110.599998	99.730	162.7294
112.000000	99.687	162.3880
113.800003	99.631	161.9740
115.000000	99.591	161.7153
117.199997	99.512	161.2786
118.000000	99.482	161.1353
120.599998	99.380	160.7210
122.000000	99.321	160.5309
124.099998	99.232	160.3649
125.000000	99.199	160.3263
126.500000	99.154	160.2707
128.000000	99.117	160.2500
131.500000	99.085	160.3696
132.000000	99.087	160.3854
134.000000	99.110	160.3815
136.000000	99.144	160.1874
138.000000	99.172	159.8141
140.000000	99.186	159.3147
143.000000	99.175	158.5349
145.000000	99.153	158.0406
147.500000	99.107	157.4404
150.000000	99.049	156.8964
152.500000	98.987	156.4269
155.000000	98.922	156.0355
157.500000	98.853	155.7292
160.000000	98.782	155.5009
162.500000	98.712	155.3720
165.000000	98.655	155.3361
167.500000	98.617	155.2904
170.000000	98.590	155.1045
172.500000	98.562	154.7947
175.000000	98.527	154.4220
177.500000	98.482	154.0570
180.000000	98.431	153.7151
182.500000	98.378	153.4211
185.000000	98.327	153.1734
187.500000	98.277	152.9120
190.000000	98.225	152.6000
192.500000	98.171	152.2731
195.000000	98.117	151.9682
197.500000	98.061	151.6853
200.000000	98.004	151.4102
203.000000	97.939	151.1032
206.000000	97.876	150.8083
209.000000	97.814	150.5244
212.000000	97.751	150.2577
214.000000	97.710	150.0960
218.000000	97.624	149.8040
220.000000	97.582	149.6715
224.000000	97.502	149.4333
227.000000	97.449	149.2655
230.000000	97.396	149.1095
233.000000	97.341	148.9566
236.000000	97.289	148.7802
240.000000	97.223	148.5281
243.000000	97.172	148.3429
247.000000	97.100	148.0984
250.000000	97.045	147.9109
254.000000	96.967	147.6772
258.000000	96.887	147.4724
262.000000	96.806	147.2681
265.000000	96.745	147.1182
269.000000	96.665	146.9438
272.000000	96.607	146.8285
276.000000	96.531	146.6705
280.000000	96.454	146.5234
285.000000	96.360	146.3492
290.000000	96.267	146.1795
295.000000	96.176	146.0260
300.000000	96.087	145.8976
304.000000	96.016	145.7879
307.000000	95.963	145.7094
311.000000	95.894	145.6104
315.000000	95.829	145.5193
320.000000	95.757	145.4182
325.000000	95.689	145.3236
330.000000	95.623	145.2431
335.000000	95.557	145.1667
340.000000	95.494	145.1020
345.000000	95.431	145.0417
350.000000	95.370	144.9835
355.000000	95.309	144.9272
360.000000	95.250	144.8825
365.000000	95.191	144.8541
370.000000	95.134	144.8257
375.000000	95.077	144.7965
382.000000	94.999	144.7717
387.000000	94.945	144.7596
395.000000	94.859	144.7524
400.000000	94.807	144.7471
406.000000	94.746	144.7438
412.000000	94.685	144.7618
418.000000	94.626	144.7746
425.000000	94.558	144.8031
431.000000	94.501	144.8285
437.000000	94.446	144.8615
444.000000	94.382	144.9050
450.000000	94.329	144.9504
455.000000	94.286	144.9899
462.000000	94.227	145.0422
468.000000	94.177	145.1040
475.000000	94.121	145.1792
482.000000	94.067	145.2503
487.000000	94.028	145.3069
494.000000	93.976	145.3851
500.000000	93.933	145.4564
508.000000	93.880	145.5678
515.000000	93.836	145.6624
522.000000	93.794	145.7635
530.000000	93.746	145.8811
538.000000	93.701	146.0130
545.000000	93.663	146.1251
552.000000	93.626	146.2386
560.000000	93.585	146.3839
570.000000	93.536	146.5669
580.000000	93.489	146.7486
590.000000	93.445	146.9407
600.000000	93.403	147.1377
608.000000	93.372	147.2961
615.000000	93.345	147.4499
622.000000	93.321	147.5914
630.000000	93.296	147.7781
640.000000	93.272	148.0023
650.000000	93.254	148.2343
660.000000	93.237	148.4650
670.000000	93.222	148.7071
680.000000	93.209	148.9503
690.000000	93.199	149.2074
700.000000	93.191	149.4703
710.000000	93.185	149.7275
720.000000	93.182	149.9879
730.000000	93.181	150.2507
740.000000	93.181	150.5210
750.000000	93.184	150.7946
762.000000	93.190	151.1271
775.000000	93.200	151.4818
788.000000	93.213	151.8416
800.000000	93.224	152.1747
812.000000	93.230	152.5139
825.000000	93.235	152.9209
838.000000	93.243	153.3390
850.000000	93.255	153.7500
862.000000	93.276	154.1834
875.000000	93.308	154.6642
885.000000	93.340	155.0232
900.000000	93.397	155.5325
912.000000	93.449	155.9200
925.000000	93.511	156.3040
938.000000	93.578	156.6678
950.000000	93.644	156.9688
962.000000	93.714	157.2493
975.000000	93.793	157.5308
988.000000	93.874	157.7927
1000.000000	93.943	158.0006
1015.000000	94.016	158.2281
1030.000000	94.082	158.4128
1044.000000	94.147	158.5515
1060.000000	94.224	158.6495
1075.000000	94.300	158.6922
1090.000000	94.378	158.6931
1106.000000	94.464	158.6566
1120.000000	94.540	158.5792
1138.000000	94.639	158.4099
1150.000000	94.705	158.2871
1172.000000	94.825	157.9683
1180.000000	94.869	157.8342
1206.000000	95.008	157.3320
1220.000000	95.082	157.0198
1241.000000	95.195	156.5172
1250.000000	95.248	156.2916
1265.000000	95.343	155.8781
1280.000000	95.443	155.4562
1315.000000	95.673	154.4017
1320.000000	95.705	154.2446
1340.000000	95.830	153.6080
1360.000000	95.951	152.9436
1380.000000	96.069	152.2672
1400.000000	96.183	151.5800
1430.000000	96.349	150.5542
1450.000000	96.457	149.8495
1475.000000	96.588	148.9593
1500.000000	96.715	148.0763
1525.000000	96.840	147.1918
1550.000000	96.964	146.3213
1575.000000	97.087	145.4200
1600.000000	97.211	144.5433
1625.000000	97.339	143.6452
1650.000000	97.469	142.7607
1675.000000	97.600	141.8796
1700.000000	97.731	140.9836
1725.000000	97.863	140.0839
1750.000000	97.996	139.1927
1775.000000	98.130	138.2778
1800.000000	98.268	137.3735
1825.000000	98.408	136.4449
1850.000000	98.550	135.4989
1875.000000	98.691	134.5644
1900.000000	98.832	133.6066
1925.000000	98.974	132.6366
1950.000000	99.117	131.6558
1975.000000	99.263	130.6497
2000.000000	99.412	129.6285
2030.000000	99.595	128.3725
2060.000000	99.780	127.0769
2090.000000	99.967	125.7583
2120.000000	100.156	124.3878
2140.000000	100.282	123.4510
2180.000000	100.536	121.5426
2200.000000	100.663	120.5424
2240.000000	100.917	118.4951
2270.000000	101.106	116.9084
2300.000000	101.294	115.2896
2330.000000	101.481	113.6097
2360.000000	101.666	111.8888
2400.000000	101.909	109.5289
2430.000000	102.088	107.7072
2470.000000	102.322	105.1846
2500.000000	102.492	103.2512
2540.000000	102.711	100.6057
2580.000000	102.920	97.8752
2620.000000	103.118	95.0874
2650.000000	103.259	92.9514
2690.000000	103.435	90.0421
2720.000000	103.558	87.8311
2760.000000	103.709	84.8602
2800.000000	103.845	81.8443
2850.000000	103.993	78.0471
2900.000000	104.117	74.2604
2950.000000	104.217	70.4593
3000.000000	104.293	66.7148
3040.000000	104.339	63.7449
3070.000000	104.365	61.5386
3110.000000	104.390	58.6360
3150.000000	104.406	55.7996
3200.000000	104.419	52.3427
3250.000000	104.424	49.0156
3300.000000	104.420	45.7947
3350.000000	104.410	42.6970
3400.000000	104.395	39.7128
3450.000000	104.378	36.8616
3500.000000	104.362	34.1236
3550.000000	104.352	31.5296
3600.000000	104.353	29.0313
3650.000000	104.369	26.6062
3700.000000	104.400	24.1932
3750.000000	104.440	21.7578
3820.000000	104.499	18.3292
3870.000000	104.542	15.9095
3950.000000	104.614	12.1262
4000.000000	104.659	9.8085
4060.000000	104.708	7.0848
4120.000000	104.764	4.4044
4180.000000	104.836	1.7017
4250.000000	104.944	-1.4775
4310.000000	105.055	-4.2463
4370.000000	105.184	-7.0911
4440.000000	105.356	-10.5235
4500.000000	105.518	-13.6017
4550.000000	105.663	-16.2837
4620.000000	105.873	-20.2457
4680.000000	106.052	-23.8536
4750.000000	106.247	-28.3153
4820.000000	106.412	-32.9563
4870.000000	106.508	-36.2809
4940.000000	106.638	-40.7865
5000.000000	106.786	-44.5778
5080.000000	107.048	-50.0957
5150.000000	107.269	-55.6125
5220.000000	107.426	-61.6311
5300.000000	107.505	-68.7871
5380.000000	107.479	-76.0375
5450.000000	107.377	-82.2899
5520.000000	107.209	-88.3438
5600.000000	106.949	-94.9747
5700.000000	106.546	-102.6982
5800.000000	106.090	-109.7040
5900.000000	105.611	-116.0216
6000.000000	105.135	-121.7053
6080.000000	104.769	-125.8413
6150.000000	104.464	-129.2348
6220.000000	104.172	-132.4361
6300.000000	103.850	-135.8925
6400.000000	103.462	-139.8592
6500.000000	103.106	-143.4528
6600.000000	102.804	-146.6426
6700.000000	102.577	-149.5284
6800.000000	102.438	-152.2153
6900.000000	102.392	-154.8546
7000.000000	102.441	-157.5656
7100.000000	102.584	-160.4529
7200.000000	102.825	-163.6144
7300.000000	103.166	-167.1611
7400.000000	103.610	-171.3224
7500.000000	104.155	-176.2975
7620.000000	104.920	176.2147
7750.000000	105.809	165.5146
7880.000000	106.571	151.5288
8000.000000	106.910	135.8818
8120.000000	106.695	118.8777
8250.000000	105.782	101.1626
8380.000000	104.335	86.1631
8500.000000	102.768	75.3035
8620.000000	101.170	67.0510
8750.000000	99.526	60.3876
8850.000000	98.357	56.4335
9000.000000	96.767	51.7794
9120.000000	95.630	48.8707
9250.000000	94.520	46.2684
9380.000000	93.525	44.0931
9500.000000	92.695	42.3690
9620.000000	91.944	40.8434
9750.000000	91.210	39.3582
9880.000000	90.553	38.0252
10000.000000	90.011	36.8870
10150.000000	89.415	35.5411
10300.000000	88.898	34.2695
10440.000000	88.481	33.1055
10600.000000	88.074	31.8416
10750.000000	87.761	30.7151
10900.000000	87.516	29.6111
11060.000000	87.324	28.4005
11200.000000	87.213	27.3864
11380.000000	87.156	26.0945
11500.000000	87.175	25.2384
11720.000000	87.330	23.4964
11800.000000	87.425	22.8329
12060.000000	87.882	20.3833
12200.000000	88.228	18.8799
12410.000000	88.891	16.2742
12500.000000	89.232	14.9670
12650.000000	89.881	12.4724
12800.000000	90.636	9.4181
13150.000000	92.793	-0.8262
13200.000000	93.140	-2.7830
13400.000000	94.583	-12.1566
13600.000000	96.010	-24.5646
13800.000000	97.203	-40.2527
14000.000000	97.915	-58.3640
14300.000000	97.847	-85.9728
14500.000000	97.228	-101.9668
14750.000000	96.235	-118.2827
15000.000000	95.337	-131.3513
15250.000000	94.706	-142.5330
15500.000000	94.392	-153.1794
15750.000000	94.390	-164.5188
16000.000000	94.661	-177.7744
16250.000000	95.022	166.0811
16500.000000	95.089	147.2612
16750.000000	94.555	127.5020
17000.000000	93.412	109.4065
17250.000000	91.902	94.6158
17500.000000	90.305	83.7239
17750.000000	88.967	76.6072
18000.000000	88.240	70.5977
18250.000000	87.840	62.4319
18500.000000	87.401	53.1892
18750.000000	86.920	43.9148
19000.000000	86.461	34.4846
19250.000000	86.024	24.9521
19500.000000	85.571	14.9673
19750.000000	85.097	5.0118
20000.000000	84.766	-3.4474
