20.000000	104.481	-130.2572
20.299999	104.526	-131.2927
20.600000	104.569	-132.3108
20.900000	104.609	-133.3123
21.200001	104.647	-134.2957
21.400000	104.670	-134.9401
21.799999	104.714	-136.2003
22.000000	104.734	-136.8163
22.400000	104.773	-138.0230
22.700001	104.802	-138.9099
23.000000	104.828	-139.7844
23.299999	104.854	-140.6476
23.600000	104.877	-141.4991
24.000000	104.905	-142.6133
24.299999	104.923	-143.4308
24.700001	104.946	-144.4957
25.000000	104.962	-145.2763
25.400000	104.981	-146.2952
25.799999	104.999	-147.2917
26.200001	105.015	-148.2672
26.500000	105.026	-148.9851
26.900000	105.039	-149.9242
27.200001	105.047	-150.6150
27.600000	105.057	-151.5178
28.000000	105.066	-152.4005
28.500000	105.074	-153.4770
29.000000	105.081	-154.5265
29.500000	105.085	-155.5503
30.000000	105.086	-156.5468
30.400000	105.086	-157.3228
30.700001	105.086	-157.8930
31.100000	105.085	-158.6405
31.500000	105.084	-159.3774
32.000000	105.080	-160.2876
32.500000	105.075	-161.1826
33.000000	105.066	-162.0537
33.500000	105.056	-162.8972
34.000000	105.047	-163.7184
34.500000	105.037	-164.5263
35.000000	105.025	-165.3235
35.500000	105.011	-166.1045
36.000000	104.996	-166.8623
36.500000	104.980	-167.5962
37.000000	104.964	-168.3118
37.500000	104.948	-169.0165
38.200001	104.925	-169.9898
38.700001	104.907	-170.6727
39.500000	104.874	-171.7349
40.000000	104.853	-172.3770
40.599998	104.826	-173.1259
41.200001	104.800	-173.8536
41.799999	104.773	-174.5640
42.500000	104.742	-175.3774
43.099998	104.714	-176.0629
43.700001	104.684	-176.7349
44.400002	104.649	-177.5003
45.000000	104.617	-178.1410
45.500000	104.589	-178.6611
46.200001	104.550	-179.3627
46.799999	104.518	-179.9481
47.500000	104.482	179.3669
48.200001	104.442	178.6850
48.700001	104.412	178.2157
49.400002	104.371	177.5882
50.000000	104.337	177.0630
50.799999	104.291	176.3701
51.500000	104.249	175.7849
52.200001	104.207	175.2263
53.000000	104.157	174.6210
53.799999	104.109	174.0626
54.500000	104.070	173.6030
55.200001	104.037	173.1358
56.000000	103.998	172.5686
57.000000	103.941	171.8470
58.000000	103.879	171.1643
59.000000	103.816	170.5206
60.000000	103.757	169.9026
60.799999	103.712	169.3997
61.500000	103.672	168.9532
62.200001	103.631	168.5147
63.000000	103.585	168.0213
64.000000	103.525	167.4235
65.000000	103.466	166.8649
66.000000	103.408	166.3208
67.000000	103.351	165.8028
68.000000	103.294	165.2797
69.000000	103.228	164.7737
70.000000	103.162	164.3412
71.000000	103.103	163.9129
72.000000	103.042	163.4704
73.000000	102.980	163.0409
74.000000	102.918	162.6237
75.000000	102.858	162.2153
76.199997	102.785	161.7381
77.500000	102.708	161.2457
78.800003	102.630	160.7628
80.000000	102.558	160.3442
81.199997	102.487	159.9478
82.500000	102.410	159.5292
83.800003	102.333	159.1292
85.000000	102.261	158.7809
86.199997	102.190	158.4295
87.500000	102.109	158.0371
88.500000	102.042	157.7459
90.000000	101.944	157.4214
91.199997	101.884	157.1743
92.500000	101.823	156.8069
93.800003	101.755	156.4637
95.000000	101.693	156.1931
96.199997	101.630	155.9459
97.500000	101.561	155.6903
98.800003	101.488	155.4514
100.000000	101.421	155.2411
101.500000	101.339	154.9757
103.000000	101.259	154.7155
104.400002	101.188	154.4915
106.000000	101.110	154.2481
107.500000	101.036	154.0218
109.000000	100.960	153.8126
110.599998	100.882	153.5927
112.000000	100.816	153.3925
113.800003	100.732	153.1572
115.000000	100.676	153.0248
117.199997	100.569	152.8273
118.000000	100.527	152.7732
120.599998	100.408	152.5839
122.000000	100.345	152.3607
124.099998	100.243	152.0639
125.000000	100.202	151.9630
126.500000	100.134	151.8261
128.000000	100.068	151.7238
131.500000	99.915	151.5144
132.000000	99.892	151.4841
134.000000	99.804	151.3745
136.000000	99.719	151.2760
138.000000	99.634	151.1729
140.000000	99.549	151.0799
143.000000	99.425	150.9792
145.000000	99.345	150.9392
147.500000	99.246	150.8893
150.000000	99.146	150.8353
152.500000	99.050	150.7923
155.000000	98.957	150.7649
157.500000	98.863	150.7602
160.000000	98.769	150.7737
162.500000	98.677	150.8029
165.000000	98.590	150.8456
167.500000	98.506	150.9007
170.000000	98.427	150.9663
172.500000	98.350	151.0211
175.000000	98.275	151.0753
177.500000	98.200	151.1107
180.000000	98.123	151.1390
182.500000	98.045	151.1787
185.000000	97.967	151.2396
187.500000	97.891	151.3239
190.000000	97.817	151.4108
192.500000	97.743	151.4955
195.000000	97.671	151.5840
197.500000	97.603	151.6796
200.000000	97.535	151.7748
203.000000	97.454	151.8894
206.000000	97.371	152.0235
209.000000	97.292	152.1838
212.000000	97.215	152.3275
214.000000	97.163	152.4106
218.000000	97.060	152.6212
220.000000	97.009	152.7394
224.000000	96.908	152.9649
227.000000	96.835	153.1385
230.000000	96.764	153.3240
233.000000	96.694	153.5207
236.000000	96.626	153.7162
240.000000	96.537	153.9886
243.000000	96.472	154.2056
247.000000	96.387	154.5031
250.000000	96.326	154.7344
254.000000	96.244	155.0591
258.000000	96.166	155.3858
262.000000	96.093	155.7158
265.000000	96.042	155.9667
269.000000	95.979	156.2964
272.000000	95.933	156.5319
276.000000	95.873	156.8293
280.000000	95.813	157.1043
285.000000	95.737	157.4411
290.000000	95.660	157.7738
295.000000	95.583	158.1239
300.000000	95.507	158.4870
304.000000	95.447	158.7835
307.000000	95.402	159.0104
311.000000	95.343	159.3145
315.000000	95.286	159.6205
320.000000	95.216	160.0136
325.000000	95.147	160.4200
330.000000	95.081	160.8335
335.000000	95.016	161.2590
340.000000	94.953	161.6869
345.000000	94.893	162.1100
350.000000	94.833	162.5434
355.000000	94.773	162.9934
360.000000	94.716	163.4637
365.000000	94.661	163.9515
370.000000	94.609	164.4646
375.000000	94.563	164.9891
382.000000	94.513	165.7475
387.000000	94.488	166.2641
395.000000	94.458	167.0172
400.000000	94.442	167.4281
406.000000	94.419	167.8569
412.000000	94.392	168.2542
418.000000	94.362	168.6513
425.000000	94.322	169.1151
431.000000	94.286	169.5171
437.000000	94.249	169.9308
444.000000	94.206	170.4301
450.000000	94.171	170.8685
455.000000	94.144	171.2468
462.000000	94.107	171.7866
468.000000	94.077	172.2582
475.000000	94.043	172.8111
482.000000	94.011	173.3508
487.000000	93.989	173.7336
494.000000	93.962	174.2797
500.000000	93.940	174.7425
508.000000	93.912	175.3606
515.000000	93.890	175.9106
522.000000	93.870	176.4510
530.000000	93.848	177.0625
538.000000	93.829	177.6783
545.000000	93.814	178.2174
552.000000	93.801	178.7537
560.000000	93.788	179.3639
570.000000	93.774	-179.8835
580.000000	93.764	-179.1306
590.000000	93.756	-178.3891
600.000000	93.751	-177.6486
608.000000	93.753	-177.0569
615.000000	93.758	-176.5678
622.000000	93.764	-176.1207
630.000000	93.768	-175.6413
640.000000	93.766	-175.0657
650.000000	93.756	-174.4993
660.000000	93.738	-173.9120
670.000000	93.711	-173.2717
680.000000	93.680	-172.5366
690.000000	93.653	-171.6994
700.000000	93.638	-170.7850
710.000000	93.635	-169.8313
720.000000	93.645	-168.8808
730.000000	93.666	-167.9464
740.000000	93.693	-167.0364
750.000000	93.726	-166.1555
762.000000	93.772	-165.1263
775.000000	93.829	-164.0410
788.000000	93.889	-162.9773
800.000000	93.950	-162.0117
812.000000	94.014	-161.0628
825.000000	94.089	-160.0534
838.000000	94.169	-159.0582
850.000000	94.246	-158.1546
862.000000	94.328	-157.2680
875.000000	94.422	-156.3208
885.000000	94.498	-155.6056
900.000000	94.619	-154.5571
912.000000	94.720	-153.7369
925.000000	94.834	-152.8717
938.000000	94.954	-152.0343
950.000000	95.068	-151.2872
962.000000	95.186	-150.5650
975.000000	95.319	-149.8186
988.000000	95.455	-149.1081
1000.000000	95.584	-148.4799
1015.000000	95.750	-147.7359
1030.000000	95.920	-147.0436
1044.000000	96.081	-146.4423
1060.000000	96.268	-145.8096
1075.000000	96.445	-145.2712
1090.000000	96.623	-144.7849
1106.000000	96.815	-144.3135
1120.000000	96.983	-143.9443
1138.000000	97.198	-143.5297
1150.000000	97.342	-143.2842
1172.000000	97.604	-142.8957
1180.000000	97.699	-142.7748
1206.000000	98.005	-142.4451
1220.000000	98.169	-142.3059
1241.000000	98.414	-142.1391
1250.000000	98.518	-142.0815
1265.000000	98.692	-142.0060
1280.000000	98.865	-141.9541
1315.000000	99.268	-141.9102
1320.000000	99.326	-141.9139
1340.000000	99.556	-141.9519
1360.000000	99.788	-142.0276
1380.000000	100.020	-142.1432
1400.000000	100.254	-142.2988
1430.000000	100.609	-142.6118
1450.000000	100.847	-142.8760
1475.000000	101.148	-143.2782
1500.000000	101.452	-143.7654
1525.000000	101.759	-144.3444
1550.000000	102.068	-145.0293
1575.000000	102.378	-145.8266
1600.000000	102.689	-146.7436
1625.000000	102.999	-147.7870
1650.000000	103.305	-148.9688
1675.000000	103.607	-150.2955
1700.000000	103.901	-151.7721
1725.000000	104.184	-153.4011
1750.000000	104.454	-155.1837
1775.000000	104.707	-157.1138
1800.000000	104.940	-159.1831
1825.000000	105.148	-161.3816
1850.000000	105.330	-163.6901
1875.000000	105.483	-166.0872
1900.000000	105.604	-168.5485
1925.000000	105.692	-171.0436
1950.000000	105.746	-173.5426
1975.000000	105.768	-176.0153
2000.000000	105.759	-178.4342
2030.000000	105.708	178.7709
2060.000000	105.621	176.1346
2090.000000	105.501	173.6815
2120.000000	105.355	171.4304
2140.000000	105.246	170.0480
2180.000000	105.008	167.5731
2200.000000	104.883	166.4784
2240.000000	104.625	164.5628
2270.000000	104.430	163.3546
2300.000000	104.238	162.3267
2330.000000	104.051	161.4627
2360.000000	103.872	160.7506
2400.000000	103.648	160.0118
2430.000000	103.492	159.5948
2470.000000	103.304	159.1971
2500.000000	103.177	159.0021
2540.000000	103.028	158.8578
2580.000000	102.904	158.8232
2620.000000	102.804	158.8739
2650.000000	102.745	158.9539
2690.000000	102.689	159.0976
2720.000000	102.664	159.2240
2760.000000	102.651	159.4042
2800.000000	102.664	159.5786
2850.000000	102.716	159.7540
2900.000000	102.807	159.8464
2950.000000	102.937	159.8110
3000.000000	103.107	159.6028
3040.000000	103.270	159.2711
3070.000000	103.408	158.9057
3110.000000	103.611	158.2365
3150.000000	103.833	157.3223
3200.000000	104.134	155.7700
3250.000000	104.449	153.6808
3300.000000	104.762	150.9674
3350.000000	105.049	147.5630
3400.000000	105.280	143.4383
3450.000000	105.419	138.6327
3500.000000	105.430	133.2800
3550.000000	105.282	127.6120
3600.000000	104.963	121.9323
3650.000000	104.475	116.5556
3700.000000	103.838	111.7520
3750.000000	103.083	107.7079
3820.000000	101.894	103.4875
3870.000000	100.990	101.5139
3950.000000	99.510	100.0533
4000.000000	98.585	100.1264
4060.000000	97.491	101.1661
4120.000000	96.425	103.2551
4180.000000	95.404	106.4637
4250.000000	94.313	111.7535
4310.000000	93.522	117.6698
4370.000000	92.940	124.7280
4440.000000	92.616	133.8597
4500.000000	92.689	141.6739
4550.000000	92.988	147.5560
4620.000000	93.686	154.0040
4680.000000	94.427	157.4600
4750.000000	95.298	159.0459
4820.000000	96.040	158.4225
4870.000000	96.437	157.0305
4940.000000	96.782	154.3903
5000.000000	96.893	151.9772
5080.000000	96.829	149.0113
5150.000000	96.610	146.9541
5220.000000	96.293	145.6606
5300.000000	95.883	145.1134
5380.000000	95.467	145.3986
5450.000000	95.120	146.1995
5520.000000	94.798	147.4118
5600.000000	94.468	149.2018
5700.000000	94.115	151.9052
5800.000000	93.831	154.9904
5900.000000	93.616	158.3560
6000.000000	93.472	161.9222
6080.000000	93.407	164.8814
6150.000000	93.386	167.5298
6220.000000	93.399	170.2200
6300.000000	93.453	173.3297
6400.000000	93.580	177.2503
6500.000000	93.775	-178.8173
6600.000000	94.039	-174.9035
6700.000000	94.379	-171.0441
6800.000000	94.802	-167.2785
6900.000000	95.316	-163.6494
7000.000000	95.934	-160.2205
7100.000000	96.666	-157.0792
7200.000000	97.525	-154.3502
7300.000000	98.525	-152.2086
7400.000000	99.684	-150.9179
7500.000000	101.017	-150.9043
7620.000000	102.828	-153.5384
7750.000000	104.856	-161.2329
7880.000000	106.451	-174.8367
8000.000000	107.026	169.1837
8120.000000	106.603	153.8610
8250.000000	105.413	141.6294
8380.000000	104.074	134.5444
8500.000000	103.087	131.0678
8620.000000	102.485	128.5922
8750.000000	102.260	124.7912
8850.000000	102.266	119.6269
9000.000000	102.033	106.8912
9120.000000	101.098	93.8620
9250.000000	99.042	81.1447
9380.000000	96.146	73.7795
9500.000000	93.179	72.9668
9620.000000	90.314	77.2630
9750.000000	87.595	86.1941
9880.000000	85.408	97.9555
10000.000000	83.881	110.0996
10150.000000	82.576	125.6242
10300.000000	81.815	140.4634
10440.000000	81.464	153.1839
10600.000000	81.358	166.2685
10750.000000	81.459	177.2187
10900.000000	81.691	-172.9456
11060.000000	82.041	-163.4951
11200.000000	82.412	-155.9724
11380.000000	82.965	-147.1943
11500.000000	83.382	-141.8761
11720.000000	84.234	-133.3255
11800.000000	84.559	-130.6060
12060.000000	85.627	-122.7472
12200.000000	86.247	-118.8622
12410.000000	87.304	-113.9803
12500.000000	87.792	-112.4438
12650.000000	88.615	-110.7117
12800.000000	89.418	-109.9880
13150.000000	91.020	-111.5635
13200.000000	91.205	-112.0533
13400.000000	91.838	-114.2970
13600.000000	92.341	-116.5805
13800.000000	92.802	-118.6506
14000.000000	93.322	-120.7165
14300.000000	94.382	-125.5287
14500.000000	95.232	-131.8604
14750.000000	95.972	-145.2014
15000.000000	95.595	-162.5921
15250.000000	93.823	-177.9604
15500.000000	91.189	173.3420
15750.000000	88.438	171.5838
16000.000000	85.992	174.6636
16250.000000	83.973	-179.4403
16500.000000	82.381	-172.1104
16750.000000	81.151	-164.1286
17000.000000	80.247	-155.6482
17250.000000	79.722	-147.1507
17500.000000	79.604	-139.5856
17750.000000	79.883	-133.9739
18000.000000	80.474	-131.9640
18250.000000	81.073	-135.2418
18500.000000	81.161	-143.7001
18750.000000	80.253	-154.5019
19000.000000	78.223	-163.0134
19250.000000	75.374	-165.2471
19500.000000	72.227	-159.0996
19750.000000	69.405	-144.2317
20000.000000	67.768	-127.2372
