20.000000	104.568	-130.0385
20.299999	104.614	-131.0814
20.600000	104.658	-132.1109
20.900000	104.699	-133.1272
21.200001	104.736	-134.1265
21.400000	104.759	-134.7807
21.799999	104.801	-136.0542
22.000000	104.820	-136.6724
22.400000	104.857	-137.8747
22.700001	104.885	-138.7521
23.000000	104.912	-139.6148
23.299999	104.938	-140.4668
23.600000	104.962	-141.3096
24.000000	104.993	-142.4181
24.299999	105.013	-143.2353
24.700001	105.037	-144.3029
25.000000	105.054	-145.0860
25.400000	105.073	-146.1069
25.799999	105.091	-147.1028
26.200001	105.108	-148.0756
26.500000	105.119	-148.7909
26.900000	105.133	-149.7270
27.200001	105.142	-150.4163
27.600000	105.153	-151.3189
28.000000	105.162	-152.2031
28.500000	105.171	-153.2831
29.000000	105.178	-154.3363
29.500000	105.182	-155.3633
30.000000	105.184	-156.3624
30.400000	105.184	-157.1405
30.700001	105.183	-157.7121
31.100000	105.182	-158.4602
31.500000	105.180	-159.1956
32.000000	105.177	-160.1005
32.500000	105.171	-160.9898
33.000000	105.164	-161.8605
33.500000	105.155	-162.7107
34.000000	105.145	-163.5409
34.500000	105.134	-164.3520
35.000000	105.121	-165.1437
35.500000	105.108	-165.9157
36.000000	105.094	-166.6701
36.500000	105.079	-167.4101
37.000000	105.064	-168.1370
37.500000	105.047	-168.8490
38.200001	105.022	-169.8167
38.700001	105.003	-170.4871
39.500000	104.972	-171.5313
40.000000	104.953	-172.1719
40.599998	104.928	-172.9306
41.200001	104.900	-173.6719
41.799999	104.871	-174.3863
42.500000	104.838	-175.1883
43.099998	104.812	-175.8681
43.700001	104.784	-176.5520
44.400002	104.748	-177.3379
45.000000	104.713	-177.9800
45.500000	104.685	-178.4927
46.200001	104.646	-179.1913
46.799999	104.612	-179.7755
47.500000	104.572	179.5655
48.200001	104.533	178.9203
48.700001	104.504	178.4634
49.400002	104.460	177.8466
50.000000	104.422	177.3524
50.799999	104.378	176.7091
51.500000	104.340	176.1259
52.200001	104.298	175.5508
53.000000	104.249	174.9523
53.799999	104.207	174.3912
54.500000	104.175	173.8945
55.200001	104.144	173.3929
56.000000	104.107	172.8253
57.000000	104.058	172.1309
58.000000	104.007	171.4501
59.000000	103.949	170.7659
60.000000	103.883	170.1093
60.799999	103.829	169.6143
61.500000	103.785	169.1827
62.200001	103.741	168.7411
63.000000	103.693	168.2253
64.000000	103.637	167.5822
65.000000	103.590	166.9105
66.000000	103.536	166.1319
67.000000	103.449	165.4249
68.000000	103.356	165.0580
69.000000	103.302	164.8487
70.000000	103.266	164.4931
71.000000	103.215	164.0620
72.000000	103.155	163.6682
73.000000	103.094	163.2832
74.000000	103.032	162.8904
75.000000	102.971	162.4858
76.199997	102.897	161.9906
77.500000	102.816	161.4716
78.800003	102.739	160.9861
80.000000	102.669	160.5651
81.199997	102.600	160.1782
82.500000	102.525	159.7864
83.800003	102.450	159.4053
85.000000	102.379	159.0472
86.199997	102.305	158.6809
87.500000	102.223	158.2790
88.500000	102.159	157.9684
90.000000	102.061	157.5822
91.199997	101.998	157.3326
92.500000	101.939	157.0066
93.800003	101.874	156.6775
95.000000	101.810	156.4018
96.199997	101.743	156.1631
97.500000	101.672	155.9288
98.800003	101.601	155.6920
100.000000	101.536	155.4698
101.500000	101.456	155.1826
103.000000	101.378	154.9055
104.400002	101.306	154.6611
106.000000	101.223	154.4096
107.500000	101.146	154.2008
109.000000	101.068	153.9966
110.599998	100.984	153.7835
112.000000	100.911	153.6038
113.800003	100.823	153.3892
115.000000	100.769	153.2646
117.199997	100.680	153.0977
118.000000	100.651	153.0563
120.599998	100.551	152.7545
122.000000	100.473	152.5944
124.099998	100.360	152.4307
125.000000	100.316	152.3501
126.500000	100.246	152.2066
128.000000	100.180	152.0714
131.500000	100.030	151.8185
132.000000	100.008	151.7898
134.000000	99.923	151.6908
136.000000	99.840	151.5877
138.000000	99.752	151.4872
140.000000	99.663	151.4232
143.000000	99.535	151.3283
145.000000	99.452	151.2721
147.500000	99.351	151.2298
150.000000	99.252	151.2199
152.500000	99.156	151.2211
155.000000	99.064	151.2248
157.500000	98.974	151.2413
160.000000	98.888	151.2693
162.500000	98.804	151.3031
165.000000	98.722	151.3419
167.500000	98.642	151.3917
170.000000	98.564	151.4383
172.500000	98.490	151.4548
175.000000	98.413	151.4598
177.500000	98.335	151.4815
180.000000	98.256	151.5148
182.500000	98.177	151.5502
185.000000	98.098	151.5913
187.500000	98.021	151.6508
190.000000	97.946	151.7238
192.500000	97.869	151.8074
195.000000	97.794	151.9026
197.500000	97.720	152.0065
200.000000	97.648	152.1204
203.000000	97.563	152.2644
206.000000	97.481	152.4202
209.000000	97.399	152.6035
212.000000	97.319	152.7882
214.000000	97.266	152.8978
218.000000	97.165	153.1396
220.000000	97.117	153.2761
224.000000	97.022	153.5604
227.000000	96.955	153.7707
230.000000	96.890	153.9785
233.000000	96.827	154.1805
236.000000	96.765	154.3772
240.000000	96.684	154.6276
243.000000	96.625	154.8159
247.000000	96.545	155.0711
250.000000	96.486	155.2657
254.000000	96.406	155.5299
258.000000	96.327	155.8015
262.000000	96.251	156.0777
265.000000	96.194	156.2871
269.000000	96.119	156.5728
272.000000	96.063	156.7954
276.000000	95.990	157.1049
280.000000	95.917	157.4249
285.000000	95.829	157.8401
290.000000	95.744	158.2799
295.000000	95.663	158.7481
300.000000	95.587	159.2337
304.000000	95.531	159.6365
307.000000	95.491	159.9435
311.000000	95.443	160.3478
315.000000	95.400	160.7420
320.000000	95.350	161.2118
325.000000	95.306	161.6506
330.000000	95.263	162.0500
335.000000	95.220	162.4094
340.000000	95.174	162.7426
345.000000	95.124	163.0784
350.000000	95.073	163.4278
355.000000	95.020	163.7903
360.000000	94.969	164.1655
365.000000	94.920	164.5574
370.000000	94.873	164.9550
375.000000	94.828	165.3475
382.000000	94.765	165.8923
387.000000	94.722	166.2844
395.000000	94.656	166.9129
400.000000	94.615	167.3102
406.000000	94.568	167.7976
412.000000	94.523	168.2896
418.000000	94.480	168.7772
425.000000	94.433	169.3459
431.000000	94.394	169.8419
437.000000	94.357	170.3372
444.000000	94.317	170.9155
450.000000	94.284	171.4133
455.000000	94.257	171.8259
462.000000	94.222	172.3962
468.000000	94.193	172.8831
475.000000	94.161	173.4553
482.000000	94.131	174.0343
487.000000	94.112	174.4478
494.000000	94.086	175.0137
500.000000	94.066	175.4934
508.000000	94.040	176.1378
515.000000	94.019	176.7063
522.000000	94.001	177.2721
530.000000	93.981	177.9119
538.000000	93.964	178.5532
545.000000	93.951	179.1137
552.000000	93.939	179.6696
560.000000	93.928	-179.6994
570.000000	93.917	-178.9225
580.000000	93.909	-178.1597
590.000000	93.904	-177.3958
600.000000	93.902	-176.6327
608.000000	93.905	-176.0145
615.000000	93.913	-175.4953
622.000000	93.923	-175.0238
630.000000	93.931	-174.5278
640.000000	93.935	-173.9270
650.000000	93.932	-173.3319
660.000000	93.922	-172.7421
670.000000	93.902	-172.1205
680.000000	93.876	-171.4225
690.000000	93.850	-170.6317
700.000000	93.832	-169.7511
710.000000	93.825	-168.8088
720.000000	93.831	-167.8426
730.000000	93.849	-166.8787
740.000000	93.876	-165.9342
750.000000	93.910	-165.0210
762.000000	93.957	-163.9585
775.000000	94.016	-162.8373
788.000000	94.081	-161.7450
800.000000	94.146	-160.7522
812.000000	94.214	-159.7813
825.000000	94.293	-158.7451
838.000000	94.377	-157.7335
850.000000	94.460	-156.8142
862.000000	94.547	-155.9058
875.000000	94.646	-154.9433
885.000000	94.726	-154.2174
900.000000	94.852	-153.1528
912.000000	94.957	-152.3267
925.000000	95.077	-151.4523
938.000000	95.202	-150.6047
950.000000	95.322	-149.8497
962.000000	95.445	-149.1241
975.000000	95.583	-148.3721
988.000000	95.724	-147.6538
1000.000000	95.858	-147.0239
1015.000000	96.031	-146.2794
1030.000000	96.206	-145.5867
1044.000000	96.373	-144.9873
1060.000000	96.567	-144.3581
1075.000000	96.750	-143.8272
1090.000000	96.935	-143.3471
1106.000000	97.133	-142.8837
1120.000000	97.307	-142.5238
1138.000000	97.530	-142.1220
1150.000000	97.679	-141.8877
1172.000000	97.951	-141.5204
1180.000000	98.049	-141.4071
1206.000000	98.367	-141.1061
1220.000000	98.537	-140.9829
1241.000000	98.791	-140.8473
1250.000000	98.900	-140.8050
1265.000000	99.081	-140.7529
1280.000000	99.261	-140.7271
1315.000000	99.681	-140.7672
1320.000000	99.741	-140.7836
1340.000000	99.981	-140.8751
1360.000000	100.223	-141.0103
1380.000000	100.466	-141.1904
1400.000000	100.710	-141.4189
1430.000000	101.079	-141.8571
1450.000000	101.327	-142.2187
1475.000000	101.639	-142.7546
1500.000000	101.953	-143.3936
1525.000000	102.269	-144.1458
1550.000000	102.586	-145.0178
1575.000000	102.901	-146.0214
1600.000000	103.214	-147.1635
1625.000000	103.522	-148.4545
1650.000000	103.823	-149.8969
1675.000000	104.113	-151.4963
1700.000000	104.391	-153.2548
1725.000000	104.651	-155.1702
1750.000000	104.891	-157.2343
1775.000000	105.107	-159.4343
1800.000000	105.295	-161.7512
1825.000000	105.453	-164.1632
1850.000000	105.578	-166.6468
1875.000000	105.669	-169.1715
1900.000000	105.725	-171.7020
1925.000000	105.746	-174.2062
1950.000000	105.734	-176.6540
1975.000000	105.691	-179.0178
2000.000000	105.620	178.7256
2030.000000	105.502	176.1893
2060.000000	105.354	173.8634
2090.000000	105.184	171.7573
2120.000000	104.997	169.8802
2140.000000	104.866	168.7554
2180.000000	104.595	166.7963
2200.000000	104.458	165.9556
2240.000000	104.185	164.5328
2270.000000	103.986	163.6747
2300.000000	103.794	162.9787
2330.000000	103.612	162.4262
2360.000000	103.440	162.0027
2400.000000	103.230	161.6198
2430.000000	103.087	161.4485
2470.000000	102.918	161.3500
2500.000000	102.806	161.3604
2540.000000	102.681	161.4645
2580.000000	102.580	161.6511
2620.000000	102.506	161.8981
2650.000000	102.467	162.1098
2690.000000	102.437	162.4113
2720.000000	102.432	162.6437
2760.000000	102.448	162.9458
2800.000000	102.490	163.2171
2850.000000	102.578	163.4843
2900.000000	102.706	163.6302
2950.000000	102.874	163.6100
3000.000000	103.082	163.3673
3040.000000	103.274	162.9739
3070.000000	103.434	162.5387
3110.000000	103.664	161.7397
3150.000000	103.912	160.6523
3200.000000	104.237	158.8162
3250.000000	104.566	156.3669
3300.000000	104.877	153.2275
3350.000000	105.140	149.3520
3400.000000	105.319	144.7582
3450.000000	105.378	139.5602
3500.000000	105.284	133.9747
3550.000000	105.018	128.2922
3600.000000	104.579	122.8356
3650.000000	103.985	117.8964
3700.000000	103.264	113.6869
3750.000000	102.454	110.3218
3820.000000	101.229	107.0700
3870.000000	100.324	105.7432
3950.000000	98.875	105.1918
4000.000000	97.985	105.7405
4060.000000	96.943	107.2436
4120.000000	95.938	109.6477
4180.000000	94.979	112.9839
4250.000000	93.941	118.1672
4310.000000	93.158	123.8501
4370.000000	92.539	130.7416
4440.000000	92.135	140.0302
4500.000000	92.144	148.3224
4550.000000	92.412	154.7574
4620.000000	93.099	162.0446
4680.000000	93.856	166.2036
4750.000000	94.771	168.5540
4820.000000	95.576	168.6230
4870.000000	96.029	167.6622
4940.000000	96.463	165.5145
5000.000000	96.655	163.4149
5080.000000	96.696	160.7662
5150.000000	96.571	158.9141
5220.000000	96.348	157.7625
5300.000000	96.047	157.2910
5380.000000	95.742	157.5310
5450.000000	95.487	158.1885
5520.000000	95.248	159.1840
5600.000000	95.000	160.6688
5700.000000	94.736	162.9388
5800.000000	94.530	165.5258
5900.000000	94.381	168.2878
6000.000000	94.283	171.1195
6080.000000	94.230	173.4013
6150.000000	94.194	175.4242
6220.000000	94.163	177.5231
6300.000000	94.134	-179.8849
6400.000000	94.131	-176.2110
6500.000000	94.208	-172.0328
6600.000000	94.406	-167.5592
6700.000000	94.742	-163.0923
6800.000000	95.207	-158.8929
6900.000000	95.790	-155.1270
7000.000000	96.473	-151.8912
7100.000000	97.246	-149.2398
7200.000000	98.099	-147.2082
7300.000000	99.032	-145.8201
7400.000000	100.062	-145.1436
7500.000000	101.221	-145.4306
7620.000000	102.788	-147.8967
7750.000000	104.546	-154.7081
7880.000000	105.918	-166.6138
8000.000000	106.404	179.5816
8120.000000	106.047	166.4926
8250.000000	105.059	156.1194
8380.000000	103.972	150.1306
8500.000000	103.209	147.1293
8620.000000	102.806	144.7339
8750.000000	102.746	140.6331
8850.000000	102.818	135.0553
9000.000000	102.549	121.9180
9120.000000	101.513	109.3077
9250.000000	99.389	97.9074
9380.000000	96.549	92.2312
9500.000000	93.745	92.7903
9620.000000	91.115	98.0301
9750.000000	88.683	107.4839
9880.000000	86.775	119.3953
10000.000000	85.487	131.4796
10150.000000	84.459	146.8116
10300.000000	83.959	161.3826
10440.000000	83.846	173.8097
10600.000000	84.014	-173.4725
10750.000000	84.382	-162.8904
10900.000000	84.904	-153.4722
11060.000000	85.597	-144.5918
11200.000000	86.303	-137.7251
11380.000000	87.350	-130.1247
11500.000000	88.140	-125.9226
11720.000000	89.759	-120.4710
11800.000000	90.382	-119.3400
12060.000000	92.400	-118.9402
12200.000000	93.442	-120.8436
12410.000000	94.787	-126.9827
12500.000000	95.201	-130.7050
12650.000000	95.599	-137.6476
12800.000000	95.633	-144.5606
13150.000000	94.822	-156.5993
13200.000000	94.667	-157.7974
13400.000000	94.068	-161.7523
13600.000000	93.543	-165.2068
13800.000000	93.040	-169.0237
14000.000000	92.435	-173.5087
14300.000000	91.087	179.4172
14500.000000	89.855	175.6910
14750.000000	88.052	173.4282
15000.000000	86.150	174.2383
15250.000000	84.333	177.7698
15500.000000	82.722	-176.6906
15750.000000	81.363	-169.8156
16000.000000	80.269	-162.0453
16250.000000	79.464	-153.8204
16500.000000	78.985	-145.7369
16750.000000	78.827	-138.4014
17000.000000	79.028	-132.3817
17250.000000	79.600	-129.7844
17500.000000	80.128	-132.8687
17750.000000	79.945	-140.3294
18000.000000	78.749	-146.9483
18250.000000	77.076	-148.4745
18500.000000	75.704	-147.6684
18750.000000	74.412	-148.9500
19000.000000	72.586	-150.1035
19250.000000	70.230	-146.8672
19500.000000	67.774	-136.8772
19750.000000	65.787	-120.1345
20000.000000	64.806	-103.9562
