20.000000	103.104	-116.2008
20.299999	103.175	-117.3161
20.600000	103.242	-118.4127
20.900000	103.305	-119.4895
21.200001	103.366	-120.5451
21.400000	103.404	-121.2363
21.799999	103.477	-122.5883
22.000000	103.512	-123.2495
22.400000	103.580	-124.5450
22.700001	103.630	-125.4964
23.000000	103.677	-126.4332
23.299999	103.723	-127.3575
23.600000	103.767	-128.2700
24.000000	103.822	-129.4679
24.299999	103.861	-130.3506
24.700001	103.909	-131.5042
25.000000	103.943	-132.3507
25.400000	103.986	-133.4547
25.799999	104.026	-134.5327
26.200001	104.065	-135.5875
26.500000	104.091	-136.3643
26.900000	104.125	-137.3801
27.200001	104.149	-138.1262
27.600000	104.178	-139.0999
28.000000	104.207	-140.0526
28.500000	104.240	-141.2224
29.000000	104.270	-142.3748
29.500000	104.295	-143.5023
30.000000	104.315	-144.5883
30.400000	104.329	-145.4216
30.700001	104.341	-146.0293
31.100000	104.357	-146.8266
31.500000	104.374	-147.6209
32.000000	104.395	-148.6185
32.500000	104.411	-149.6128
33.000000	104.422	-150.5853
33.500000	104.431	-151.5254
34.000000	104.438	-152.4370
34.500000	104.445	-153.3289
35.000000	104.450	-154.2037
35.500000	104.453	-155.0571
36.000000	104.455	-155.8864
36.500000	104.455	-156.6946
37.000000	104.455	-157.4869
37.500000	104.454	-158.2656
38.200001	104.450	-159.3307
38.700001	104.445	-160.0744
39.500000	104.437	-161.2433
40.000000	104.429	-161.9606
40.599998	104.418	-162.8020
41.200001	104.406	-163.6189
41.799999	104.395	-164.4154
42.500000	104.381	-165.3255
43.099998	104.369	-166.0890
43.700001	104.355	-166.8351
44.400002	104.338	-167.6830
45.000000	104.322	-168.3908
45.500000	104.308	-168.9675
46.200001	104.287	-169.7581
46.799999	104.266	-170.4197
47.500000	104.240	-171.1664
48.200001	104.215	-171.8935
48.700001	104.198	-172.4161
49.400002	104.172	-173.1555
50.000000	104.146	-173.7727
50.799999	104.112	-174.5483
51.500000	104.088	-175.2120
52.200001	104.063	-175.8794
53.000000	104.032	-176.6237
53.799999	103.999	-177.3385
54.500000	103.965	-177.9255
55.200001	103.931	-178.4575
56.000000	103.898	-179.0452
57.000000	103.855	-179.8162
58.000000	103.808	179.4338
59.000000	103.765	178.6592
60.000000	103.717	177.9100
60.799999	103.687	177.3346
61.500000	103.659	176.8072
62.200001	103.624	176.3274
63.000000	103.586	175.8740
64.000000	103.543	175.3883
65.000000	103.516	174.9886
66.000000	103.498	174.2816
67.000000	103.403	173.5744
68.000000	103.329	173.3157
69.000000	103.312	172.7245
70.000000	103.254	171.8945
71.000000	103.190	171.2201
72.000000	103.136	170.5881
73.000000	103.090	170.0239
74.000000	103.049	169.4892
75.000000	103.005	168.9932
76.199997	102.948	168.4579
77.500000	102.881	167.8932
78.800003	102.809	167.3182
80.000000	102.741	166.7871
81.199997	102.677	166.2733
82.500000	102.614	165.7310
83.800003	102.551	165.2246
85.000000	102.491	164.7999
86.199997	102.429	164.3950
87.500000	102.356	163.9458
88.500000	102.292	163.6235
90.000000	102.211	163.2275
91.199997	102.157	162.8062
92.500000	102.089	162.3555
93.800003	102.025	161.9691
95.000000	101.969	161.6348
96.199997	101.914	161.3088
97.500000	101.853	160.9659
98.800003	101.791	160.6334
100.000000	101.733	160.3399
101.500000	101.662	159.9723
103.000000	101.589	159.6030
104.400002	101.520	159.2892
106.000000	101.445	158.9677
107.500000	101.377	158.6659
109.000000	101.310	158.3732
110.599998	101.238	158.0653
112.000000	101.177	157.7996
113.800003	101.098	157.4648
115.000000	101.045	157.2535
117.199997	100.942	156.9163
118.000000	100.904	156.8123
120.599998	100.795	156.4644
122.000000	100.735	156.1862
124.099998	100.638	155.8134
125.000000	100.597	155.6801
126.500000	100.532	155.4832
128.000000	100.470	155.2969
131.500000	100.319	154.8907
132.000000	100.298	154.8398
134.000000	100.217	154.6460
136.000000	100.137	154.4400
138.000000	100.051	154.2446
140.000000	99.966	154.0909
143.000000	99.844	153.8683
145.000000	99.765	153.7288
147.500000	99.665	153.5784
150.000000	99.567	153.4405
152.500000	99.471	153.3119
155.000000	99.375	153.1997
157.500000	99.281	153.1235
160.000000	99.189	153.0692
162.500000	99.099	153.0363
165.000000	99.011	153.0276
167.500000	98.927	153.0425
170.000000	98.848	153.0773
172.500000	98.777	153.0901
175.000000	98.709	153.0660
177.500000	98.643	153.0247
180.000000	98.574	152.9744
182.500000	98.502	152.9182
185.000000	98.428	152.8607
187.500000	98.352	152.8224
190.000000	98.278	152.8071
192.500000	98.206	152.8022
195.000000	98.133	152.8008
197.500000	98.061	152.8144
200.000000	97.988	152.8412
203.000000	97.902	152.8842
206.000000	97.819	152.9424
209.000000	97.736	153.0256
212.000000	97.655	153.1016
214.000000	97.602	153.1364
218.000000	97.496	153.2250
220.000000	97.444	153.2839
224.000000	97.342	153.4196
227.000000	97.267	153.5279
230.000000	97.194	153.6459
233.000000	97.122	153.7796
236.000000	97.051	153.9248
240.000000	96.957	154.1223
243.000000	96.890	154.2676
247.000000	96.801	154.4626
250.000000	96.736	154.6182
254.000000	96.651	154.8351
258.000000	96.567	155.0506
262.000000	96.486	155.2725
265.000000	96.425	155.4543
269.000000	96.346	155.7051
272.000000	96.288	155.8882
276.000000	96.213	156.1382
280.000000	96.140	156.4023
285.000000	96.051	156.7452
290.000000	95.965	157.0914
295.000000	95.883	157.4371
300.000000	95.803	157.7880
304.000000	95.741	158.0718
307.000000	95.694	158.2805
311.000000	95.633	158.5537
315.000000	95.573	158.8282
320.000000	95.497	159.1881
325.000000	95.423	159.5647
330.000000	95.351	159.9473
335.000000	95.280	160.3421
340.000000	95.211	160.7545
345.000000	95.146	161.1810
350.000000	95.085	161.6069
355.000000	95.026	162.0334
360.000000	94.968	162.4669
365.000000	94.911	162.9157
370.000000	94.856	163.3774
375.000000	94.804	163.8672
382.000000	94.741	164.5886
387.000000	94.708	165.1050
395.000000	94.672	165.8784
400.000000	94.653	166.2997
406.000000	94.630	166.7419
412.000000	94.605	167.1346
418.000000	94.575	167.5160
425.000000	94.539	167.9384
431.000000	94.504	168.2989
437.000000	94.467	168.6837
444.000000	94.421	169.1462
450.000000	94.382	169.5551
455.000000	94.350	169.9039
462.000000	94.308	170.4125
468.000000	94.274	170.8581
475.000000	94.238	171.3664
482.000000	94.204	171.8832
487.000000	94.181	172.2587
494.000000	94.150	172.7922
500.000000	94.126	173.2482
508.000000	94.096	173.8565
515.000000	94.073	174.3855
522.000000	94.052	174.9140
530.000000	94.031	175.5173
538.000000	94.012	176.1220
545.000000	93.999	176.6484
552.000000	93.988	177.1702
560.000000	93.979	177.7523
570.000000	93.972	178.4666
580.000000	93.971	179.1740
590.000000	93.975	179.8542
600.000000	93.985	-179.5049
608.000000	93.998	-179.0304
615.000000	94.013	-178.6505
622.000000	94.031	-178.3127
630.000000	94.055	-177.9962
640.000000	94.086	-177.7463
650.000000	94.109	-177.7527
660.000000	94.093	-178.0942
670.000000	93.990	-178.6812
680.000000	93.760	-179.0486
690.000000	93.435	-178.4694
700.000000	93.138	-176.6743
710.000000	92.963	-174.2115
720.000000	92.906	-171.6833
730.000000	92.932	-169.2757
740.000000	93.028	-167.0204
750.000000	93.187	-165.0731
762.000000	93.422	-163.3775
775.000000	93.662	-162.2335
788.000000	93.853	-161.4376
800.000000	93.992	-160.7751
812.000000	94.108	-160.1050
825.000000	94.223	-159.3551
838.000000	94.332	-158.5770
850.000000	94.432	-157.8454
862.000000	94.534	-157.1010
875.000000	94.646	-156.2921
885.000000	94.735	-155.6736
900.000000	94.873	-154.7593
912.000000	94.988	-154.0470
925.000000	95.115	-153.2944
938.000000	95.247	-152.5563
950.000000	95.373	-151.8957
962.000000	95.502	-151.2598
975.000000	95.645	-150.5957
988.000000	95.792	-149.9630
1000.000000	95.931	-149.4129
1015.000000	96.109	-148.7666
1030.000000	96.291	-148.1721
1044.000000	96.464	-147.6660
1060.000000	96.664	-147.1396
1075.000000	96.853	-146.6968
1090.000000	97.043	-146.3070
1106.000000	97.247	-145.9483
1120.000000	97.426	-145.6774
1138.000000	97.655	-145.3823
1150.000000	97.808	-145.2181
1172.000000	98.087	-144.9846
1180.000000	98.188	-144.9222
1206.000000	98.516	-144.7850
1220.000000	98.691	-144.7514
1241.000000	98.952	-144.7520
1250.000000	99.063	-144.7696
1265.000000	99.248	-144.8212
1280.000000	99.433	-144.8999
1315.000000	99.864	-145.1832
1320.000000	99.926	-145.2350
1340.000000	100.172	-145.4702
1360.000000	100.420	-145.7545
1380.000000	100.667	-146.0912
1400.000000	100.916	-146.4771
1430.000000	101.292	-147.1609
1450.000000	101.543	-147.6955
1475.000000	101.859	-148.4514
1500.000000	102.175	-149.3203
1525.000000	102.491	-150.3075
1550.000000	102.806	-151.4210
1575.000000	103.117	-152.6689
1600.000000	103.424	-154.0623
1625.000000	103.723	-155.6029
1650.000000	104.012	-157.2971
1675.000000	104.288	-159.1458
1700.000000	104.547	-161.1465
1725.000000	104.786	-163.2884
1750.000000	105.002	-165.5622
1775.000000	105.191	-167.9520
1800.000000	105.351	-170.4383
1825.000000	105.479	-172.9945
1850.000000	105.573	-175.5915
1875.000000	105.634	-178.2007
1900.000000	105.662	179.2102
1925.000000	105.656	176.6705
1950.000000	105.620	174.2068
1975.000000	105.556	171.8428
2000.000000	105.468	169.5966
2030.000000	105.334	167.0780
2060.000000	105.174	164.7675
2090.000000	104.996	162.6736
2120.000000	104.805	160.7945
2140.000000	104.673	159.6605
2180.000000	104.403	157.6646
2200.000000	104.267	156.7943
2240.000000	103.999	155.2864
2270.000000	103.805	154.3430
2300.000000	103.618	153.5465
2330.000000	103.440	152.8802
2360.000000	103.272	152.3293
2400.000000	103.067	151.7515
2430.000000	102.926	151.4199
2470.000000	102.758	151.0905
2500.000000	102.647	150.9135
2540.000000	102.520	150.7541
2580.000000	102.415	150.6600
2620.000000	102.333	150.6118
2650.000000	102.287	150.5928
2690.000000	102.246	150.5760
2720.000000	102.229	150.5590
2760.000000	102.226	150.5146
2800.000000	102.244	150.4303
2850.000000	102.296	150.2380
2900.000000	102.380	149.9098
2950.000000	102.493	149.4040
3000.000000	102.633	148.6735
3040.000000	102.762	147.8921
3070.000000	102.867	147.1728
3110.000000	103.015	146.0146
3150.000000	103.168	144.6011
3200.000000	103.357	142.4341
3250.000000	103.528	139.7875
3300.000000	103.662	136.6425
3350.000000	103.738	133.0183
3400.000000	103.733	128.9840
3450.000000	103.627	124.6611
3500.000000	103.404	120.2148
3550.000000	103.058	115.8393
3600.000000	102.594	111.7286
3650.000000	102.025	108.0552
3700.000000	101.368	104.9422
3750.000000	100.646	102.4644
3820.000000	99.560	100.1176
3870.000000	98.754	99.2444
3950.000000	97.449	99.2041
4000.000000	96.638	100.0128
4060.000000	95.686	101.8422
4120.000000	94.775	104.6424
4180.000000	93.934	108.4412
4250.000000	93.089	114.0984
4310.000000	92.528	119.8605
4370.000000	92.156	126.2167
4440.000000	91.997	133.9252
4500.000000	92.103	140.2994
4550.000000	92.349	145.1157
4620.000000	92.882	150.6725
4680.000000	93.451	154.0875
4750.000000	94.156	156.4246
4820.000000	94.821	157.1348
4870.000000	95.234	156.8180
4940.000000	95.689	155.5300
5000.000000	95.952	153.9442
5080.000000	96.123	151.6161
5150.000000	96.132	149.7034
5220.000000	96.039	148.0372
5300.000000	95.821	146.6015
5380.000000	95.529	145.9007
5450.000000	95.252	145.8743
5520.000000	94.977	146.3102
5600.000000	94.679	147.2828
5700.000000	94.345	149.0707
5800.000000	94.065	151.3551
5900.000000	93.846	154.0116
6000.000000	93.693	156.9459
6080.000000	93.620	159.4392
6150.000000	93.591	161.7018
6220.000000	93.595	164.0204
6300.000000	93.639	166.7169
6400.000000	93.754	170.1272
6500.000000	93.934	173.5444
6600.000000	94.181	176.9246
6700.000000	94.500	-179.7674
6800.000000	94.896	-176.5789
6900.000000	95.377	-173.5610
7000.000000	95.951	-170.7782
7100.000000	96.626	-168.3209
7200.000000	97.411	-166.3183
7300.000000	98.315	-164.9465
7400.000000	99.343	-164.4581
7500.000000	100.495	-165.2135
7620.000000	101.999	-168.4914
7750.000000	103.605	-175.9754
7880.000000	104.821	172.1331
8000.000000	105.258	158.7070
8120.000000	104.944	145.6500
8250.000000	104.008	134.5059
8380.000000	102.874	127.1822
8500.000000	101.946	122.9209
8620.000000	101.263	119.6351
8750.000000	100.795	115.4714
8850.000000	100.532	110.8370
9000.000000	99.933	100.7891
9120.000000	98.932	91.0878
9250.000000	97.126	81.6467
9380.000000	94.708	76.0253
9500.000000	92.232	75.3239
9620.000000	89.810	78.6424
9750.000000	87.465	85.6935
9880.000000	85.513	95.0944
10000.000000	84.077	104.9777
10150.000000	82.748	117.9916
10300.000000	81.866	130.8546
10440.000000	81.361	142.1752
10600.000000	81.056	154.0566
10750.000000	80.954	164.1886
10900.000000	80.981	173.4701
11060.000000	81.115	-177.4283
11200.000000	81.301	-170.0886
11380.000000	81.614	-161.4409
11500.000000	81.864	-156.1304
11720.000000	82.392	-147.2506
11800.000000	82.603	-144.2697
12060.000000	83.344	-135.3457
12200.000000	83.788	-130.9763
12410.000000	84.534	-125.1803
12500.000000	84.879	-123.0715
12650.000000	85.468	-120.1364
12800.000000	86.053	-117.9185
13150.000000	87.267	-115.1039
13200.000000	87.414	-114.9101
13400.000000	87.928	-114.4483
13600.000000	88.332	-114.1770
13800.000000	88.655	-113.7385
14000.000000	88.940	-112.8791
14300.000000	89.465	-110.6609
14500.000000	90.024	-108.8763
14750.000000	91.130	-107.4567
15000.000000	92.763	-109.4418
15250.000000	94.603	-118.6853
15500.000000	95.643	-136.7603
15750.000000	94.872	-157.9901
16000.000000	92.447	-173.2660
16250.000000	89.428	-179.2070
16500.000000	86.695	-178.3053
16750.000000	84.486	-174.3734
17000.000000	82.565	-168.9419
17250.000000	80.889	-160.5639
17500.000000	79.725	-150.8614
17750.000000	78.954	-141.6176
18000.000000	78.425	-132.2722
18250.000000	78.272	-121.3846
18500.000000	79.076	-109.1746
18750.000000	80.973	-103.2185
19000.000000	82.789	-108.2413
19250.000000	83.680	-120.1995
19500.000000	83.426	-134.2351
19750.000000	82.213	-146.1678
20000.000000	81.006	-152.7612
