1.000000	60.619	106.5062
1.015000	61.314	105.1060
1.030000	61.984	103.6965
1.044000	62.582	102.3684
1.060000	63.227	100.8313
1.075000	63.789	99.3684
1.090000	64.307	97.8844
1.106000	64.815	96.2929
1.120000	65.234	94.9223
1.138000	65.749	93.2132
1.150000	66.078	92.1089
1.172000	66.656	90.1568
1.180000	66.858	89.4694
1.206000	67.488	87.3125
1.220000	67.811	86.1967
1.241000	68.277	84.5768
1.250000	68.471	83.9006
1.265000	68.786	82.7955
1.280000	69.091	81.7152
1.315000	69.776	79.2755
1.320000	69.870	78.9348
1.340000	70.244	77.5876
1.360000	70.611	76.2615
1.380000	70.972	74.9510
1.400000	71.330	73.6511
1.430000	71.866	71.7109
1.450000	72.226	70.4188
1.475000	72.676	68.8111
1.500000	73.116	67.2397
1.525000	73.542	65.7165
1.550000	73.955	64.2381
1.575000	74.354	62.7989
1.600000	74.742	61.3929
1.625000	75.118	60.0145
1.650000	75.485	58.6577
1.675000	75.843	57.3170
1.700000	76.193	55.9869
1.725000	76.537	54.6626
1.750000	76.875	53.3392
1.775000	77.209	52.0123
1.800000	77.538	50.6778
1.825000	77.865	49.3337
1.850000	78.187	47.9852
1.875000	78.502	46.6434
1.900000	78.809	45.3147
1.925000	79.110	44.0018
1.950000	79.403	42.7062
1.975000	79.690	41.4280
2.000000	79.971	40.1672
2.030000	80.301	38.6759
2.060000	80.624	37.2061
2.090000	80.940	35.7549
2.120000	81.251	34.3190
2.140000	81.455	33.3682
2.180000	81.857	31.4768
2.200000	82.055	30.5340
2.240000	82.443	28.6533
2.270000	82.725	27.2511
2.300000	83.001	25.8604
2.330000	83.270	24.4838
2.360000	83.534	23.1232
2.400000	83.876	21.3356
2.430000	84.127	20.0146
2.470000	84.454	18.2789
2.500000	84.695	16.9944
2.540000	85.009	15.3015
2.580000	85.317	13.6231
2.620000	85.616	11.9492
2.650000	85.835	10.6978
2.690000	86.119	9.0398
2.720000	86.327	7.8077
2.760000	86.597	6.1842
2.800000	86.860	4.5854
2.850000	87.181	2.6246
2.900000	87.492	0.7051
2.950000	87.795	-1.1830
3.000000	88.088	-3.0613
3.040000	88.314	-4.5576
3.070000	88.480	-5.6727
3.110000	88.695	-7.1456
3.150000	88.906	-8.5989
3.200000	89.161	-10.3826
3.250000	89.409	-12.1263
3.300000	89.651	-13.8327
3.350000	89.885	-15.5199
3.400000	90.111	-17.1985
3.450000	90.328	-18.8627
3.500000	90.539	-20.5043
3.550000	90.743	-22.1161
3.600000	90.942	-23.6925
3.650000	91.135	-25.2317
3.700000	91.323	-26.7435
3.750000	91.504	-28.2418
3.820000	91.748	-30.3160
3.870000	91.915	-31.7733
3.950000	92.173	-34.0479
4.000000	92.328	-35.4280
4.060000	92.510	-37.0464
4.120000	92.684	-38.6400
4.180000	92.852	-40.2123
4.250000	93.041	-42.0125
4.310000	93.196	-43.5187
4.370000	93.348	-44.9865
4.440000	93.519	-46.6555
4.500000	93.660	-48.0605
4.550000	93.775	-49.2147
4.620000	93.929	-50.8019
4.680000	94.058	-52.1317
4.750000	94.203	-53.6447
4.820000	94.345	-55.1212
4.870000	94.442	-56.1586
4.940000	94.575	-57.5880
5.000000	94.685	-58.7900
5.080000	94.828	-60.3567
5.150000	94.950	-61.6937
5.220000	95.067	-63.0051
5.300000	95.197	-64.4763
5.380000	95.322	-65.9161
5.450000	95.428	-67.1489
5.520000	95.532	-68.3568
5.600000	95.646	-69.7123
5.700000	95.783	-71.3718
5.800000	95.914	-72.9890
5.900000	96.039	-74.5630
6.000000	96.159	-76.1017
6.080000	96.250	-77.3079
6.150000	96.328	-78.3431
6.220000	96.403	-79.3588
6.300000	96.486	-80.4978
6.400000	96.585	-81.8932
6.500000	96.679	-83.2550
6.600000	96.769	-84.5800
6.700000	96.855	-85.8715
6.800000	96.937	-87.1323
6.900000	97.015	-88.3610
7.000000	97.090	-89.5566
7.100000	97.162	-90.7223
7.200000	97.230	-91.8596
7.300000	97.296	-92.9683
7.400000	97.360	-94.0492
7.500000	97.421	-95.1044
7.620000	97.492	-96.3384
7.750000	97.565	-97.6375
7.880000	97.636	-98.8998
8.000000	97.698	-100.0344
8.120000	97.757	-101.1415
8.250000	97.819	-102.3118
8.380000	97.878	-103.4526
8.500000	97.930	-104.4808
8.620000	97.980	-105.4863
8.750000	98.032	-106.5501
8.850000	98.070	-107.3505
9.000000	98.124	-108.5233
9.120000	98.165	-109.4376
9.250000	98.208	-110.4040
9.380000	98.249	-111.3465
9.500000	98.285	-112.1957
9.620000	98.320	-113.0252
9.750000	98.356	-113.9025
9.880000	98.386	-114.7586
10.000000	98.407	-115.5307
10.150000	98.424	-116.4724
10.300000	98.437	-117.3896
10.440000	98.444	-118.2246
10.600000	98.451	-119.1553
10.750000	98.456	-120.0059
10.900000	98.460	-120.8361
11.060000	98.464	-121.6998
11.200000	98.467	-122.4375
11.380000	98.469	-123.3618
11.500000	98.470	-123.9630
11.720000	98.470	-125.0349
11.800000	98.470	-125.4152
12.060000	98.468	-126.6167
12.200000	98.467	-127.2428
12.410000	98.467	-128.1555
12.500000	98.469	-128.5373
12.650000	98.478	-129.1618
12.800000	98.488	-129.7717
13.150000	98.514	-131.1414
13.200000	98.518	-131.3312
13.400000	98.531	-132.0762
13.600000	98.544	-132.7992
13.800000	98.556	-133.5007
14.000000	98.567	-134.1815
14.300000	98.582	-135.1655
14.500000	98.592	-135.7982
14.750000	98.603	-136.5654
15.000000	98.613	-137.3090
15.250000	98.623	-138.0322
15.500000	98.631	-138.7377
15.750000	98.638	-139.4263
16.000000	98.644	-140.0973
16.250000	98.649	-140.7479
16.500000	98.653	-141.3743
16.750000	98.655	-141.9726
17.000000	98.657	-142.5411
17.250000	98.659	-143.0813
17.500000	98.662	-143.5979
17.750000	98.667	-144.0984
18.000000	98.674	-144.5911
18.250000	98.681	-145.0826
18.500000	98.689	-145.5759
18.750000	98.695	-146.0693
19.000000	98.700	-146.5580
19.250000	98.702	-147.0349
19.500000	98.703	-147.4942
19.750000	98.704	-147.9338
20.000000	98.705	-148.3555
20.299999	98.708	-148.8456
20.600000	98.714	-149.3292
20.900000	98.719	-149.8143
21.200001	98.723	-150.3003
21.400000	98.725	-150.6208
21.799999	98.723	-151.2379
22.000000	98.722	-151.5288
22.400000	98.719	-152.0730
22.700001	98.719	-152.4573
23.000000	98.722	-152.8348
23.299999	98.726	-153.2162
23.600000	98.730	-153.6051
24.000000	98.733	-154.1268
24.299999	98.732	-154.5085
24.700001	98.728	-154.9933
25.000000	98.726	-155.3392
25.400000	98.724	-155.7891
25.799999	98.722	-156.2391
26.200001	98.718	-156.6895
26.500000	98.713	-157.0189
26.900000	98.704	-157.4332
27.200001	98.697	-157.7219
27.600000	98.690	-158.0845
28.000000	98.685	-158.4378
28.500000	98.682	-158.8847
29.000000	98.675	-159.3322
29.500000	98.666	-159.7597
30.000000	98.658	-160.1645
30.400000	98.651	-160.4853
30.700001	98.646	-160.7303
31.100000	98.637	-161.0595
31.500000	98.624	-161.3780
32.000000	98.605	-161.7371
32.500000	98.587	-162.0513
33.000000	98.576	-162.3531
33.500000	98.567	-162.6754
34.000000	98.555	-163.0167
34.500000	98.539	-163.3503
35.000000	98.523	-163.6615
35.500000	98.508	-163.9623
36.000000	98.494	-164.2678
36.500000	98.478	-164.5695
37.000000	98.461	-164.8483
37.500000	98.445	-165.1025
38.200001	98.428	-165.4557
38.700001	98.415	-165.7194
39.500000	98.387	-166.1155
40.000000	98.371	-166.3312
40.599998	98.354	-166.5794
41.200001	98.338	-166.8373
41.799999	98.320	-167.0969
42.500000	98.296	-167.3814
43.099998	98.276	-167.6097
43.700001	98.257	-167.8330
44.400002	98.235	-168.0931
45.000000	98.216	-168.3116
45.500000	98.200	-168.4865
46.200001	98.179	-168.7222
46.799999	98.160	-168.9213
47.500000	98.137	-169.1410
48.200001	98.114	-169.3363
48.700001	98.098	-169.4693
49.400002	98.075	-169.6538
50.000000	98.051	-169.7935
50.799999	98.019	-169.9412
51.500000	97.995	-170.0822
52.200001	97.970	-170.2621
53.000000	97.935	-170.4618
53.799999	97.899	-170.6138
54.500000	97.871	-170.7307
55.200001	97.844	-170.8416
56.000000	97.814	-170.9463
57.000000	97.781	-171.0899
58.000000	97.740	-171.2669
59.000000	97.695	-171.3433
60.000000	97.668	-171.4411
60.799999	97.641	-171.5964
61.500000	97.611	-171.6835
62.200001	97.592	-171.7358
63.000000	97.580	-171.8694
64.000000	97.552	-172.0785
65.000000	97.524	-172.1135
66.000000	97.521	-172.1251
67.000000	97.517	-172.2603
68.000000	97.494	-172.3508
69.000000	97.479	-172.2858
70.000000	97.489	-172.2689
71.000000	97.495	-172.3800
72.000000	97.491	-172.4760
73.000000	97.486	-172.5427
74.000000	97.478	-172.5858
75.000000	97.470	-172.5906
76.199997	97.462	-172.5966
77.500000	97.449	-172.5936
78.800003	97.437	-172.5696
80.000000	97.428	-172.5571
81.199997	97.419	-172.5428
82.500000	97.415	-172.5009
83.800003	97.419	-172.4622
85.000000	97.425	-172.4550
86.199997	97.429	-172.5043
87.500000	97.421	-172.5598
88.500000	97.416	-172.5737
90.000000	97.418	-172.6464
91.199997	97.419	-172.7604
92.500000	97.412	-172.8898
93.800003	97.398	-172.9233
95.000000	97.390	-172.8694
96.199997	97.384	-172.8178
97.500000	97.378	-172.7359
98.800003	97.380	-172.7135
100.000000	97.375	-172.7609
101.500000	97.368	-172.8082
103.000000	97.361	-172.8398
104.400002	97.363	-172.8224
106.000000	97.370	-172.8353
107.500000	97.370	-172.8336
109.000000	97.371	-172.8048
110.599998	97.376	-172.8093
112.000000	97.380	-172.8462
113.800003	97.382	-172.9233
115.000000	97.382	-172.9680
117.199997	97.386	-173.0144
118.000000	97.389	-173.0364
120.599998	97.384	-173.1559
122.000000	97.375	-173.1751
124.099998	97.368	-173.2164
125.000000	97.368	-173.2408
126.500000	97.372	-173.2783
128.000000	97.381	-173.3139
131.500000	97.405	-173.4023
132.000000	97.409	-173.4104
134.000000	97.421	-173.4430
136.000000	97.434	-173.4915
138.000000	97.446	-173.5405
140.000000	97.458	-173.5790
143.000000	97.475	-173.6515
145.000000	97.483	-173.6943
147.500000	97.497	-173.7300
150.000000	97.511	-173.7826
152.500000	97.521	-173.8245
155.000000	97.533	-173.8500
157.500000	97.547	-173.9070
160.000000	97.552	-173.9481
162.500000	97.553	-173.9561
165.000000	97.552	-173.9849
167.500000	97.549	-174.0192
170.000000	97.550	-174.0519
172.500000	97.551	-174.1151
175.000000	97.546	-174.1945
177.500000	97.538	-174.2579
180.000000	97.530	-174.3315
182.500000	97.520	-174.4127
185.000000	97.509	-174.4662
187.500000	97.501	-174.5087
190.000000	97.491	-174.5593
192.500000	97.479	-174.6017
195.000000	97.468	-174.6286
197.500000	97.458	-174.6577
200.000000	97.448	-174.6880
203.000000	97.439	-174.6984
206.000000	97.432	-174.6993
209.000000	97.424	-174.7094
212.000000	97.412	-174.6799
214.000000	97.406	-174.6394
218.000000	97.400	-174.5594
220.000000	97.400	-174.5107
224.000000	97.408	-174.3744
227.000000	97.425	-174.2856
230.000000	97.446	-174.2497
233.000000	97.469	-174.2662
236.000000	97.494	-174.3322
240.000000	97.519	-174.5050
243.000000	97.527	-174.6611
247.000000	97.531	-174.8545
250.000000	97.526	-175.0005
254.000000	97.509	-175.1693
258.000000	97.487	-175.2850
262.000000	97.464	-175.3982
265.000000	97.447	-175.4667
269.000000	97.423	-175.5186
272.000000	97.406	-175.5659
276.000000	97.382	-175.6201
280.000000	97.357	-175.6422
285.000000	97.331	-175.6722
290.000000	97.302	-175.6886
295.000000	97.274	-175.6897
300.000000	97.250	-175.6880
304.000000	97.229	-175.6970
307.000000	97.216	-175.6970
311.000000	97.199	-175.6876
315.000000	97.183	-175.6906
320.000000	97.168	-175.6797
325.000000	97.159	-175.6429
330.000000	97.150	-175.6239
335.000000	97.142	-175.5769
340.000000	97.135	-175.5313
345.000000	97.129	-175.5089
350.000000	97.121	-175.4596
355.000000	97.114	-175.4133
360.000000	97.108	-175.3737
365.000000	97.099	-175.3091
370.000000	97.092	-175.2432
375.000000	97.088	-175.1830
382.000000	97.079	-175.0854
387.000000	97.077	-175.0158
395.000000	97.071	-174.9242
400.000000	97.066	-174.8793
406.000000	97.061	-174.8191
412.000000	97.051	-174.7648
418.000000	97.040	-174.6986
425.000000	97.030	-174.5924
431.000000	97.019	-174.5179
437.000000	97.008	-174.4232
444.000000	96.996	-174.2933
450.000000	96.985	-174.2010
455.000000	96.976	-174.1059
462.000000	96.965	-173.9513
468.000000	96.956	-173.8359
475.000000	96.946	-173.6765
482.000000	96.936	-173.4970
487.000000	96.931	-173.3878
494.000000	96.924	-173.2241
500.000000	96.918	-173.0594
508.000000	96.917	-172.8611
515.000000	96.918	-172.6870
522.000000	96.918	-172.5098
530.000000	96.922	-172.3307
538.000000	96.922	-172.1398
545.000000	96.921	-171.9601
552.000000	96.922	-171.7842
560.000000	96.923	-171.5774
570.000000	96.922	-171.3080
580.000000	96.926	-171.0342
590.000000	96.927	-170.7470
600.000000	96.931	-170.4543
608.000000	96.935	-170.2221
615.000000	96.937	-170.0225
622.000000	96.943	-169.8104
630.000000	96.952	-169.5546
640.000000	96.966	-169.2559
650.000000	96.986	-168.9407
660.000000	97.007	-168.6088
670.000000	97.027	-168.2924
680.000000	97.049	-167.9503
690.000000	97.073	-167.6111
700.000000	97.096	-167.2780
710.000000	97.121	-166.9122
720.000000	97.147	-166.5630
730.000000	97.174	-166.2196
740.000000	97.204	-165.8348
750.000000	97.234	-165.4581
762.000000	97.272	-165.0244
775.000000	97.316	-164.5215
788.000000	97.361	-164.0477
800.000000	97.401	-163.5831
812.000000	97.440	-163.1130
825.000000	97.482	-162.6349
838.000000	97.525	-162.1272
850.000000	97.568	-161.6762
862.000000	97.615	-161.2449
875.000000	97.668	-160.7505
885.000000	97.713	-160.3851
900.000000	97.786	-159.8468
912.000000	97.846	-159.3954
925.000000	97.916	-158.9337
938.000000	97.992	-158.4942
950.000000	98.062	-158.0865
962.000000	98.137	-157.7023
975.000000	98.221	-157.3151
988.000000	98.302	-156.9359
1000.000000	98.372	-156.6077
1015.000000	98.447	-156.2419
1030.000000	98.511	-155.8968
1044.000000	98.572	-155.6167
1060.000000	98.646	-155.3575
1075.000000	98.713	-155.1473
1090.000000	98.782	-154.9738
1106.000000	98.858	-154.8314
1120.000000	98.922	-154.7354
1138.000000	99.005	-154.6478
1150.000000	99.060	-154.6125
1172.000000	99.155	-154.5867
1180.000000	99.189	-154.5912
1206.000000	99.299	-154.6508
1220.000000	99.354	-154.7072
1241.000000	99.441	-154.8078
1250.000000	99.483	-154.8560
1265.000000	99.558	-154.9504
1280.000000	99.639	-155.0587
1315.000000	99.826	-155.3193
1320.000000	99.851	-155.3580
1340.000000	99.951	-155.5028
1360.000000	100.055	-155.6279
1380.000000	100.151	-155.7550
1400.000000	100.246	-155.8781
1430.000000	100.386	-156.0709
1450.000000	100.475	-156.2162
1475.000000	100.588	-156.3733
1500.000000	100.696	-156.5417
1525.000000	100.804	-156.6948
1550.000000	100.914	-156.8228
1575.000000	101.026	-156.9391
1600.000000	101.155	-157.0217
1625.000000	101.302	-157.1874
1650.000000	101.458	-157.4998
1675.000000	101.606	-157.9457
1700.000000	101.734	-158.5052
1725.000000	101.845	-159.0647
1750.000000	101.944	-159.5821
1775.000000	102.032	-160.0824
1800.000000	102.115	-160.5120
1825.000000	102.199	-160.8729
1850.000000	102.288	-161.2165
1875.000000	102.388	-161.5450
1900.000000	102.495	-161.9282
1925.000000	102.601	-162.4380
1950.000000	102.697	-163.0194
1975.000000	102.780	-163.6132
2000.000000	102.852	-164.2109
2030.000000	102.930	-164.8813
2060.000000	103.003	-165.4717
2090.000000	103.071	-166.0556
2120.000000	103.138	-166.6042
2140.000000	103.183	-166.9365
2180.000000	103.270	-167.6085
2200.000000	103.314	-167.9414
2240.000000	103.401	-168.5649
2270.000000	103.466	-169.0399
2300.000000	103.530	-169.5007
2330.000000	103.592	-169.9288
2360.000000	103.655	-170.3687
2400.000000	103.742	-170.9409
2430.000000	103.809	-171.3376
2470.000000	103.903	-171.9210
2500.000000	103.973	-172.3839
2540.000000	104.061	-172.9945
2580.000000	104.144	-173.6154
2620.000000	104.223	-174.1576
2650.000000	104.284	-174.4961
2690.000000	104.380	-174.9015
2720.000000	104.471	-175.1636
2760.000000	104.622	-175.5484
2800.000000	104.805	-176.1928
2850.000000	105.035	-177.4672
2900.000000	105.224	-179.1578
2950.000000	105.358	178.9529
3000.000000	105.438	177.0579
3040.000000	105.475	175.5425
3070.000000	105.491	174.4438
3110.000000	105.497	173.0613
3150.000000	105.496	171.7250
3200.000000	105.491	170.0918
3250.000000	105.476	168.5553
3300.000000	105.454	167.0798
3350.000000	105.426	165.6854
3400.000000	105.390	164.3667
3450.000000	105.349	163.0524
3500.000000	105.295	161.7721
3550.000000	105.219	160.5608
3600.000000	105.126	159.4191
3650.000000	105.016	158.4327
3700.000000	104.896	157.6539
3750.000000	104.781	157.0795
3820.000000	104.654	156.5919
3870.000000	104.594	156.2975
3950.000000	104.529	155.6503
4000.000000	104.479	155.1826
4060.000000	104.395	154.5874
4120.000000	104.295	154.0164
4180.000000	104.189	153.5225
4250.000000	104.072	152.9962
4310.000000	103.975	152.5924
4370.000000	103.881	152.2367
4440.000000	103.783	151.8331
4500.000000	103.703	151.5010
4550.000000	103.636	151.2272
4620.000000	103.548	150.8323
4680.000000	103.473	150.5130
4750.000000	103.384	150.1809
4820.000000	103.298	149.8770
4870.000000	103.238	149.7197
4940.000000	103.164	149.6215
5000.000000	103.126	149.5966
5080.000000	103.130	149.5107
5150.000000	103.167	149.2010
5220.000000	103.206	148.5768
5300.000000	103.224	147.6213
5380.000000	103.207	146.5709
5450.000000	103.174	145.6181
5520.000000	103.123	144.6823
5600.000000	103.045	143.6546
5700.000000	102.929	142.4045
5800.000000	102.789	141.2892
5900.000000	102.631	140.3130
6000.000000	102.470	139.4835
6080.000000	102.347	138.9222
6150.000000	102.247	138.4459
6220.000000	102.149	138.0058
6300.000000	102.039	137.5728
6400.000000	101.903	136.9584
6500.000000	101.755	136.2399
6600.000000	101.592	135.5712
6700.000000	101.430	134.9769
6800.000000	101.277	134.4651
6900.000000	101.129	133.9846
7000.000000	100.994	133.4817
7100.000000	100.867	132.9913
7200.000000	100.751	132.5321
7300.000000	100.664	132.0238
7400.000000	100.581	131.2314
7500.000000	100.466	130.4722
7620.000000	100.358	129.7581
7750.000000	100.308	128.9197
7880.000000	100.359	127.5143
8000.000000	100.473	125.0621
8120.000000	100.539	121.2043
8250.000000	100.410	115.7037
8380.000000	99.995	109.8304
8500.000000	99.384	104.9704
8620.000000	98.632	101.0804
8750.000000	97.731	98.0615
8850.000000	97.010	96.5278
9000.000000	95.966	95.4315
9120.000000	95.248	95.0200
9250.000000	94.466	94.2428
9380.000000	93.629	93.9879
9500.000000	92.866	94.3160
9620.000000	92.135	95.0942
9750.000000	91.402	96.3192
9880.000000	90.719	97.6941
10000.000000	90.105	99.3168
10150.000000	89.446	101.7732
10300.000000	88.908	103.9763
10440.000000	88.429	105.6292
10600.000000	87.853	107.3837
10750.000000	87.291	109.2736
10900.000000	86.733	111.4812
11060.000000	86.170	114.1483
11200.000000	85.713	116.7112
11380.000000	85.168	120.2235
11500.000000	84.837	122.6658
11720.000000	84.316	127.3371
11800.000000	84.150	129.0776
12060.000000	83.685	134.8110
12200.000000	83.481	137.9456
12410.000000	83.234	142.7003
12500.000000	83.151	144.7581
12650.000000	83.040	148.2006
12800.000000	82.964	151.6656
13150.000000	82.974	159.9069
13200.000000	82.999	161.0943
13400.000000	83.164	165.8430
13600.000000	83.446	170.5942
13800.000000	83.859	175.2150
14000.000000	84.414	179.4913
14300.000000	85.613	-174.6967
14500.000000	86.733	-171.5172
14750.000000	88.679	-169.6004
15000.000000	91.326	-172.9625
15250.000000	94.161	173.5105
15500.000000	95.730	148.2789
15750.000000	94.768	120.1574
16000.000000	91.825	100.9845
16250.000000	88.494	93.3441
16500.000000	85.733	93.3019
16750.000000	83.641	96.9368
17000.000000	82.032	102.1121
17250.000000	80.782	108.1842
17500.000000	79.818	114.8681
17750.000000	79.103	121.8954
18000.000000	78.599	128.9247
18250.000000	78.277	135.8291
18500.000000	78.123	142.6603
18750.000000	78.127	149.5188
19000.000000	78.303	156.3521
19250.000000	78.660	162.9479
19500.000000	79.201	169.0914
19750.000000	79.851	174.2219
20000.000000	80.297	177.0881
