1.000000	59.174	110.6709
1.015000	59.813	109.0265
1.030000	60.431	107.3899
1.044000	60.984	105.8629
1.060000	61.583	104.1121
1.075000	62.109	102.4600
1.090000	62.598	100.7960
1.106000	63.081	99.0216
1.120000	63.483	97.4979
1.138000	63.982	95.6017
1.150000	64.305	94.3794
1.172000	64.875	92.2249
1.180000	65.077	91.4684
1.206000	65.711	89.1030
1.220000	66.040	87.8847
1.241000	66.518	86.1231
1.250000	66.718	85.3903
1.265000	67.045	84.1961
1.280000	67.364	83.0327
1.315000	68.084	80.4202
1.320000	68.184	80.0571
1.340000	68.580	78.6248
1.360000	68.968	77.2207
1.380000	69.349	75.8386
1.400000	69.726	74.4727
1.430000	70.286	72.4425
1.450000	70.658	71.0956
1.475000	71.118	69.4243
1.500000	71.567	67.7937
1.525000	72.001	66.2157
1.550000	72.421	64.6866
1.575000	72.827	63.2009
1.600000	73.221	61.7522
1.625000	73.604	60.3345
1.650000	73.977	58.9417
1.675000	74.341	57.5681
1.700000	74.696	56.2081
1.725000	75.045	54.8564
1.750000	75.388	53.5081
1.775000	75.727	52.1584
1.800000	76.061	50.8033
1.825000	76.392	49.4404
1.850000	76.719	48.0745
1.875000	77.038	46.7164
1.900000	77.349	45.3727
1.925000	77.653	44.0458
1.950000	77.950	42.7374
1.975000	78.240	41.4477
2.000000	78.524	40.1766
2.030000	78.857	38.6743
2.060000	79.183	37.1954
2.090000	79.502	35.7367
2.120000	79.815	34.2947
2.140000	80.021	33.3407
2.180000	80.426	31.4449
2.200000	80.626	30.5008
2.240000	81.017	28.6183
2.270000	81.301	27.2156
2.300000	81.579	25.8248
2.330000	81.850	24.4489
2.360000	82.115	23.0896
2.400000	82.459	21.3044
2.430000	82.711	19.9861
2.470000	83.039	18.2548
2.500000	83.281	16.9745
2.540000	83.597	15.2881
2.580000	83.906	13.6174
2.620000	84.206	11.9520
2.650000	84.425	10.7073
2.690000	84.710	9.0588
2.720000	84.918	7.8342
2.760000	85.189	6.2208
2.800000	85.453	4.6324
2.850000	85.774	2.6849
2.900000	86.086	0.7795
2.950000	86.389	-1.0940
3.000000	86.682	-2.9567
3.040000	86.909	-4.4399
3.070000	87.075	-5.5450
3.110000	87.291	-7.0046
3.150000	87.501	-8.4447
3.200000	87.757	-10.2123
3.250000	88.005	-11.9402
3.300000	88.247	-13.6314
3.350000	88.481	-15.3031
3.400000	88.707	-16.9659
3.450000	88.926	-18.6141
3.500000	89.137	-20.2401
3.550000	89.341	-21.8370
3.600000	89.540	-23.3995
3.650000	89.734	-24.9259
3.700000	89.922	-26.4258
3.750000	90.104	-27.9124
3.820000	90.349	-29.9706
3.870000	90.517	-31.4172
3.950000	90.776	-33.6768
4.000000	90.932	-35.0493
4.060000	91.115	-36.6606
4.120000	91.290	-38.2485
4.180000	91.459	-39.8162
4.250000	91.649	-41.6123
4.310000	91.806	-43.1168
4.370000	91.959	-44.5844
4.440000	92.131	-46.2557
4.500000	92.273	-47.6646
4.550000	92.388	-48.8230
4.620000	92.543	-50.4175
4.680000	92.672	-51.7546
4.750000	92.818	-53.2770
4.820000	92.959	-54.7644
4.870000	93.057	-55.8109
4.940000	93.190	-57.2540
5.000000	93.300	-58.4684
5.080000	93.442	-60.0511
5.150000	93.563	-61.4020
5.220000	93.679	-62.7274
5.300000	93.807	-64.2150
5.380000	93.931	-65.6709
5.450000	94.035	-66.9163
5.520000	94.137	-68.1355
5.600000	94.249	-69.5026
5.700000	94.383	-71.1749
5.800000	94.512	-72.8028
5.900000	94.635	-74.3846
6.000000	94.752	-75.9281
6.080000	94.842	-77.1366
6.150000	94.919	-78.1733
6.220000	94.993	-79.1900
6.300000	95.075	-80.3295
6.400000	95.174	-81.7242
6.500000	95.268	-83.0853
6.600000	95.359	-84.4113
6.700000	95.446	-85.7048
6.800000	95.530	-86.9690
6.900000	95.610	-88.2029
7.000000	95.687	-89.4066
7.100000	95.760	-90.5830
7.200000	95.831	-91.7329
7.300000	95.899	-92.8558
7.400000	95.965	-93.9524
7.500000	96.028	-95.0249
7.620000	96.100	-96.2800
7.750000	96.174	-97.5997
7.880000	96.245	-98.8811
8.000000	96.307	-100.0303
8.120000	96.366	-101.1472
8.250000	96.428	-102.3231
8.380000	96.487	-103.4651
8.500000	96.539	-104.4903
8.620000	96.590	-105.4891
8.750000	96.643	-106.5441
8.850000	96.683	-107.3378
9.000000	96.741	-108.5007
9.120000	96.786	-109.4095
9.250000	96.832	-110.3746
9.380000	96.877	-111.3201
9.500000	96.916	-112.1757
9.620000	96.955	-113.0154
9.750000	96.993	-113.9072
9.880000	97.024	-114.7780
10.000000	97.045	-115.5627
10.150000	97.061	-116.5168
10.300000	97.071	-117.4376
10.440000	97.075	-118.2660
10.600000	97.077	-119.1768
10.750000	97.079	-119.9951
10.900000	97.082	-120.7828
11.060000	97.086	-121.5950
11.200000	97.091	-122.2850
11.380000	97.099	-123.1555
11.500000	97.106	-123.7295
11.720000	97.119	-124.7779
11.800000	97.124	-125.1606
12.060000	97.137	-126.4105
12.200000	97.141	-127.0861
12.410000	97.144	-128.0950
12.500000	97.145	-128.5214
12.650000	97.149	-129.2207
12.800000	97.151	-129.8984
13.150000	97.147	-131.3620
13.200000	97.146	-131.5557
13.400000	97.140	-132.2900
13.600000	97.136	-132.9667
13.800000	97.135	-133.5953
14.000000	97.140	-134.1951
14.300000	97.156	-135.0760
14.500000	97.171	-135.6730
14.750000	97.190	-136.4405
15.000000	97.205	-137.2283
15.250000	97.214	-138.0185
15.500000	97.215	-138.7876
15.750000	97.211	-139.5164
16.000000	97.206	-140.1938
16.250000	97.203	-140.8237
16.500000	97.204	-141.4185
16.750000	97.209	-141.9955
17.000000	97.215	-142.5692
17.250000	97.222	-143.1454
17.500000	97.227	-143.7219
17.750000	97.229	-144.2887
18.000000	97.228	-144.8348
18.250000	97.226	-145.3521
18.500000	97.223	-145.8382
18.750000	97.222	-146.2983
19.000000	97.224	-146.7413
19.250000	97.228	-147.1777
19.500000	97.233	-147.6145
19.750000	97.239	-148.0543
20.000000	97.243	-148.4951
20.299999	97.245	-149.0180
20.600000	97.246	-149.5256
20.900000	97.244	-150.0121
21.200001	97.241	-150.4764
21.400000	97.240	-150.7751
21.799999	97.236	-151.3508
22.000000	97.234	-151.6293
22.400000	97.229	-152.1686
22.700001	97.224	-152.5571
23.000000	97.220	-152.9319
23.299999	97.215	-153.2945
23.600000	97.210	-153.6474
24.000000	97.205	-154.1080
24.299999	97.200	-154.4489
24.700001	97.193	-154.8999
25.000000	97.187	-155.2353
25.400000	97.176	-155.6744
25.799999	97.162	-156.0962
26.200001	97.146	-156.4916
26.500000	97.135	-156.7697
26.900000	97.123	-157.1240
27.200001	97.115	-157.3872
27.600000	97.108	-157.7484
28.000000	97.099	-158.1251
28.500000	97.084	-158.6000
29.000000	97.065	-159.0497
29.500000	97.047	-159.4664
30.000000	97.032	-159.8713
30.400000	97.021	-160.1996
30.700001	97.012	-160.4477
31.100000	96.999	-160.7748
31.500000	96.984	-161.0915
32.000000	96.966	-161.4695
32.500000	96.948	-161.8245
33.000000	96.929	-162.1464
33.500000	96.912	-162.4336
34.000000	96.900	-162.7084
34.500000	96.889	-162.9944
35.000000	96.875	-163.2814
35.500000	96.857	-163.5315
36.000000	96.841	-163.7313
36.500000	96.832	-163.9178
37.000000	96.827	-164.1365
37.500000	96.817	-164.3865
38.200001	96.793	-164.7128
38.700001	96.776	-164.9135
39.500000	96.751	-165.2576
40.000000	96.729	-165.4879
40.599998	96.697	-165.7139
41.200001	96.672	-165.8734
41.799999	96.658	-166.0421
42.500000	96.643	-166.3181
43.099998	96.622	-166.5686
43.700001	96.597	-166.7661
44.400002	96.574	-166.9370
45.000000	96.561	-167.0796
45.500000	96.552	-167.2100
46.200001	96.537	-167.4008
46.799999	96.522	-167.5602
47.500000	96.501	-167.7303
48.200001	96.479	-167.8719
48.700001	96.465	-167.9570
49.400002	96.449	-168.0742
50.000000	96.437	-168.1976
50.799999	96.414	-168.4097
51.500000	96.386	-168.6067
52.200001	96.352	-168.7655
53.000000	96.314	-168.8688
53.799999	96.283	-168.8813
54.500000	96.269	-168.8540
55.200001	96.267	-168.8860
56.000000	96.258	-169.0491
57.000000	96.216	-169.2817
58.000000	96.155	-169.3926
59.000000	96.097	-169.3730
60.000000	96.062	-169.3528
60.799999	96.038	-169.4295
61.500000	96.012	-169.4698
62.200001	95.997	-169.4537
63.000000	95.997	-169.4494
64.000000	96.010	-169.4947
65.000000	96.031	-169.5908
66.000000	96.038	-169.7991
67.000000	96.007	-169.9359
68.000000	95.973	-169.7815
69.000000	95.976	-169.6683
70.000000	95.954	-169.7695
71.000000	95.914	-169.6118
72.000000	95.919	-169.3824
73.000000	95.932	-169.3585
74.000000	95.932	-169.3361
75.000000	95.934	-169.1816
76.199997	95.974	-169.0453
77.500000	95.994	-169.3135
78.800003	95.961	-169.4268
80.000000	95.942	-169.3799
81.199997	95.932	-169.3925
82.500000	95.918	-169.3976
83.800003	95.908	-169.3276
85.000000	95.909	-169.2112
86.199997	95.916	-169.1223
87.500000	95.917	-169.0524
88.500000	95.916	-169.0096
90.000000	95.907	-168.9312
91.199997	95.908	-168.8464
92.500000	95.916	-168.7836
93.800003	95.932	-168.7352
95.000000	95.947	-168.7225
96.199997	95.962	-168.7104
97.500000	95.967	-168.7367
98.800003	95.961	-168.6886
100.000000	95.959	-168.6317
101.500000	95.949	-168.5973
103.000000	95.936	-168.5255
104.400002	95.933	-168.4238
106.000000	95.941	-168.3705
107.500000	95.946	-168.3594
109.000000	95.950	-168.3116
110.599998	95.962	-168.2554
112.000000	95.973	-168.2336
113.800003	95.979	-168.2175
115.000000	95.978	-168.1899
117.199997	95.975	-168.1438
118.000000	95.973	-168.1327
120.599998	95.974	-168.0465
122.000000	95.983	-168.0447
124.099998	95.996	-168.0614
125.000000	96.001	-168.0616
126.500000	96.012	-168.0369
128.000000	96.027	-167.9971
131.500000	96.063	-167.9357
132.000000	96.068	-167.9296
134.000000	96.088	-167.8990
136.000000	96.110	-167.8675
138.000000	96.132	-167.8481
140.000000	96.151	-167.8186
143.000000	96.181	-167.7715
145.000000	96.199	-167.7567
147.500000	96.221	-167.7158
150.000000	96.246	-167.6723
152.500000	96.269	-167.6438
155.000000	96.292	-167.6206
157.500000	96.316	-167.6161
160.000000	96.332	-167.6050
162.500000	96.341	-167.5481
165.000000	96.349	-167.5028
167.500000	96.353	-167.5050
170.000000	96.354	-167.4988
172.500000	96.356	-167.4938
175.000000	96.357	-167.4801
177.500000	96.357	-167.4425
180.000000	96.359	-167.4096
182.500000	96.359	-167.4001
185.000000	96.357	-167.3856
187.500000	96.356	-167.3444
190.000000	96.357	-167.3145
192.500000	96.356	-167.3040
195.000000	96.354	-167.2825
197.500000	96.352	-167.2462
200.000000	96.350	-167.2094
203.000000	96.348	-167.1516
206.000000	96.348	-167.0631
209.000000	96.350	-166.9649
212.000000	96.351	-166.8531
214.000000	96.352	-166.7521
218.000000	96.365	-166.5043
220.000000	96.377	-166.3776
224.000000	96.411	-166.1420
227.000000	96.447	-166.0187
230.000000	96.486	-165.9824
233.000000	96.519	-166.0216
236.000000	96.546	-166.0889
240.000000	96.574	-166.2028
243.000000	96.585	-166.3044
247.000000	96.592	-166.4025
250.000000	96.593	-166.4464
254.000000	96.586	-166.5034
258.000000	96.575	-166.5208
262.000000	96.564	-166.5156
265.000000	96.555	-166.5230
269.000000	96.542	-166.5001
272.000000	96.532	-166.4738
276.000000	96.521	-166.4409
280.000000	96.509	-166.3838
285.000000	96.493	-166.2991
290.000000	96.480	-166.2028
295.000000	96.467	-166.0847
300.000000	96.460	-165.9470
304.000000	96.456	-165.8546
307.000000	96.453	-165.8018
311.000000	96.452	-165.7261
315.000000	96.454	-165.6586
320.000000	96.457	-165.6057
325.000000	96.464	-165.5316
330.000000	96.468	-165.4620
335.000000	96.471	-165.3945
340.000000	96.473	-165.2926
345.000000	96.476	-165.2130
350.000000	96.478	-165.1274
355.000000	96.479	-165.0149
360.000000	96.483	-164.9145
365.000000	96.486	-164.8097
370.000000	96.488	-164.6923
375.000000	96.491	-164.5801
382.000000	96.494	-164.4146
387.000000	96.495	-164.2953
395.000000	96.500	-164.1077
400.000000	96.501	-163.9891
406.000000	96.503	-163.8325
412.000000	96.506	-163.6738
418.000000	96.506	-163.5323
425.000000	96.508	-163.3400
431.000000	96.509	-163.1729
437.000000	96.508	-163.0218
444.000000	96.509	-162.8175
450.000000	96.510	-162.6502
455.000000	96.509	-162.5213
462.000000	96.506	-162.3038
468.000000	96.504	-162.1138
475.000000	96.502	-161.8988
482.000000	96.498	-161.6453
487.000000	96.497	-161.4672
494.000000	96.496	-161.2348
500.000000	96.495	-161.0123
508.000000	96.498	-160.6993
515.000000	96.505	-160.4338
522.000000	96.509	-160.1393
530.000000	96.517	-159.7999
538.000000	96.529	-159.4770
545.000000	96.538	-159.1851
552.000000	96.547	-158.8927
560.000000	96.560	-158.5643
570.000000	96.573	-158.1422
580.000000	96.589	-157.7128
590.000000	96.605	-157.2639
600.000000	96.621	-156.8038
608.000000	96.639	-156.4291
615.000000	96.655	-156.1077
622.000000	96.671	-155.7859
630.000000	96.695	-155.4047
640.000000	96.732	-154.9434
650.000000	96.772	-154.5016
660.000000	96.817	-154.0484
670.000000	96.860	-153.6242
680.000000	96.904	-153.2037
690.000000	96.950	-152.7708
700.000000	96.994	-152.3706
710.000000	97.035	-151.9630
720.000000	97.077	-151.5427
730.000000	97.118	-151.1469
740.000000	97.160	-150.7323
750.000000	97.202	-150.2958
762.000000	97.251	-149.7959
775.000000	97.305	-149.2144
788.000000	97.360	-148.6198
800.000000	97.408	-148.0850
812.000000	97.452	-147.5044
825.000000	97.500	-146.8831
838.000000	97.551	-146.2567
850.000000	97.599	-145.6562
862.000000	97.651	-145.0812
875.000000	97.711	-144.4460
885.000000	97.758	-143.9439
900.000000	97.837	-143.2256
912.000000	97.903	-142.6556
925.000000	97.976	-142.0436
938.000000	98.055	-141.4667
950.000000	98.130	-140.9370
962.000000	98.207	-140.4183
975.000000	98.296	-139.8937
988.000000	98.383	-139.3860
1000.000000	98.455	-138.9256
1015.000000	98.533	-138.3903
1030.000000	98.605	-137.8936
1044.000000	98.669	-137.4583
1060.000000	98.746	-137.0060
1075.000000	98.821	-136.6163
1090.000000	98.894	-136.2609
1106.000000	98.976	-135.9295
1120.000000	99.046	-135.6664
1138.000000	99.132	-135.3663
1150.000000	99.191	-135.1953
1172.000000	99.296	-134.9342
1180.000000	99.332	-134.8561
1206.000000	99.449	-134.6365
1220.000000	99.510	-134.5447
1241.000000	99.602	-134.4384
1250.000000	99.647	-134.3972
1265.000000	99.728	-134.3388
1280.000000	99.812	-134.3003
1315.000000	100.011	-134.2128
1320.000000	100.038	-134.2032
1340.000000	100.142	-134.1766
1360.000000	100.248	-134.1381
1380.000000	100.351	-134.1064
1400.000000	100.448	-134.0895
1430.000000	100.596	-134.0367
1450.000000	100.690	-134.0104
1475.000000	100.807	-133.9465
1500.000000	100.926	-133.8544
1525.000000	101.049	-133.7449
1550.000000	101.187	-133.5916
1575.000000	101.342	-133.5135
1600.000000	101.513	-133.5785
1625.000000	101.684	-133.8070
1650.000000	101.837	-134.1693
1675.000000	101.976	-134.5490
1700.000000	102.103	-134.9498
1725.000000	102.217	-135.3788
1750.000000	102.326	-135.7786
1775.000000	102.432	-136.1681
1800.000000	102.533	-136.5573
1825.000000	102.631	-136.9235
1850.000000	102.722	-137.2991
1875.000000	102.805	-137.6735
1900.000000	102.887	-137.9915
1925.000000	102.971	-138.2912
1950.000000	103.057	-138.6097
1975.000000	103.147	-138.9342
2000.000000	103.235	-139.2927
2030.000000	103.334	-139.7776
2060.000000	103.428	-140.2177
2090.000000	103.518	-140.6082
2120.000000	103.603	-140.9885
2140.000000	103.657	-141.2217
2180.000000	103.765	-141.6758
2200.000000	103.818	-141.9205
2240.000000	103.923	-142.3810
2270.000000	104.000	-142.7271
2300.000000	104.075	-143.1119
2330.000000	104.148	-143.4868
2360.000000	104.219	-143.8538
2400.000000	104.308	-144.3810
2430.000000	104.372	-144.7564
2470.000000	104.456	-145.2449
2500.000000	104.517	-145.6389
2540.000000	104.593	-146.1497
2580.000000	104.663	-146.6627
2620.000000	104.728	-147.1662
2650.000000	104.777	-147.4737
2690.000000	104.854	-147.8391
2720.000000	104.926	-148.1317
2760.000000	105.044	-148.6069
2800.000000	105.175	-149.3250
2850.000000	105.319	-150.6263
2900.000000	105.405	-152.1456
2950.000000	105.439	-153.7424
3000.000000	105.431	-155.2526
3040.000000	105.399	-156.3896
3070.000000	105.362	-157.2121
3110.000000	105.297	-158.2209
3150.000000	105.219	-159.1077
3200.000000	105.116	-160.0743
3250.000000	105.007	-160.8230
3300.000000	104.899	-161.3570
3350.000000	104.805	-161.7763
3400.000000	104.726	-162.1023
3450.000000	104.660	-162.4373
3500.000000	104.594	-162.8561
3550.000000	104.511	-163.2858
3600.000000	104.407	-163.6812
3650.000000	104.284	-163.9783
3700.000000	104.147	-164.0963
3750.000000	104.006	-164.0611
3820.000000	103.820	-163.7807
3870.000000	103.699	-163.3938
3950.000000	103.535	-162.5922
4000.000000	103.446	-162.0148
4060.000000	103.342	-161.3331
4120.000000	103.250	-160.7410
4180.000000	103.163	-160.1990
4250.000000	103.056	-159.6225
4310.000000	102.964	-159.1438
4370.000000	102.872	-158.5987
4440.000000	102.770	-157.9166
4500.000000	102.691	-157.3278
4550.000000	102.625	-156.8178
4620.000000	102.538	-156.0803
4680.000000	102.475	-155.4135
4750.000000	102.410	-154.6216
4820.000000	102.357	-153.9152
4870.000000	102.326	-153.4650
4940.000000	102.284	-152.8483
5000.000000	102.250	-152.3258
5080.000000	102.219	-151.6576
5150.000000	102.194	-151.0928
5220.000000	102.174	-150.5679
5300.000000	102.156	-150.0140
5380.000000	102.137	-149.4729
5450.000000	102.117	-149.0479
5520.000000	102.097	-148.6777
5600.000000	102.071	-148.2382
5700.000000	102.035	-147.6519
5800.000000	101.998	-147.0793
5900.000000	101.950	-146.5462
6000.000000	101.899	-146.0851
6080.000000	101.847	-145.7290
6150.000000	101.793	-145.4263
6220.000000	101.734	-145.1493
6300.000000	101.652	-144.8375
6400.000000	101.528	-144.3716
6500.000000	101.395	-143.8258
6600.000000	101.258	-143.2019
6700.000000	101.121	-142.5259
6800.000000	100.991	-141.8403
6900.000000	100.865	-141.1345
7000.000000	100.745	-140.4324
7100.000000	100.623	-139.7803
7200.000000	100.490	-138.9773
7300.000000	100.410	-137.7626
7400.000000	100.451	-137.0671
7500.000000	100.399	-137.3354
7620.000000	100.212	-137.1819
7750.000000	100.043	-136.3351
7880.000000	99.996	-135.2489
8000.000000	100.084	-134.9799
8120.000000	100.210	-136.0771
8250.000000	100.222	-138.7540
8380.000000	99.992	-142.2726
8500.000000	99.554	-145.3945
8620.000000	98.951	-147.9326
8750.000000	98.176	-149.8218
8850.000000	97.523	-150.6184
9000.000000	96.497	-150.8028
9120.000000	95.670	-150.1564
9250.000000	94.788	-148.7611
9380.000000	93.941	-146.7789
9500.000000	93.202	-144.5289
9620.000000	92.500	-141.9499
9750.000000	91.776	-138.8952
9880.000000	91.093	-135.6136
10000.000000	90.491	-132.4548
10150.000000	89.763	-128.2396
10300.000000	89.091	-123.6851
10440.000000	88.507	-119.3065
10600.000000	87.880	-114.1747
10750.000000	87.333	-109.2590
10900.000000	86.823	-104.2410
11060.000000	86.311	-98.8483
11200.000000	85.883	-94.0943
11380.000000	85.352	-87.7849
11500.000000	85.018	-83.4211
11720.000000	84.463	-75.1932
11800.000000	84.278	-72.1382
12060.000000	83.752	-62.0304
12200.000000	83.529	-56.6145
12410.000000	83.277	-48.6390
12500.000000	83.194	-45.2833
12650.000000	83.084	-39.7091
12800.000000	83.008	-34.0741
13150.000000	82.990	-20.8156
13200.000000	83.007	-18.9417
13400.000000	83.134	-11.4970
13600.000000	83.375	-4.0858
13800.000000	83.741	3.3224
14000.000000	84.248	10.5815
14300.000000	85.330	20.8314
14500.000000	86.339	27.0103
14750.000000	88.092	33.1589
15000.000000	90.533	34.9890
15250.000000	93.338	27.8297
15500.000000	95.243	8.8246
15750.000000	94.822	-15.5134
16000.000000	92.236	-32.8137
16250.000000	88.982	-38.7045
16500.000000	86.158	-36.4045
16750.000000	83.975	-29.8495
17000.000000	82.312	-21.3292
17250.000000	81.036	-11.9169
17500.000000	80.044	-2.1549
17750.000000	79.261	7.9338
18000.000000	78.658	18.3127
18250.000000	78.235	28.9195
18500.000000	77.993	39.6563
18750.000000	77.917	50.4094
19000.000000	78.018	61.1321
19250.000000	78.324	71.6774
19500.000000	78.814	81.7899
19750.000000	79.389	91.0792
20000.000000	79.781	98.1555
