1.000000	57.692	126.6049
1.015000	58.076	123.7932
1.030000	58.463	121.1927
1.044000	58.824	118.9079
1.060000	59.234	116.4232
1.075000	59.616	114.1872
1.090000	59.993	112.0253
1.106000	60.396	109.8160
1.120000	60.761	108.0071
1.138000	61.252	105.8682
1.150000	61.594	104.5485
1.172000	62.244	102.3188
1.180000	62.487	101.5613
1.206000	63.301	99.2635
1.220000	63.750	98.1151
1.241000	64.435	96.4871
1.250000	64.731	95.8192
1.265000	65.228	94.7399
1.280000	65.726	93.6974
1.315000	66.884	91.3765
1.320000	67.048	91.0552
1.340000	67.697	89.7892
1.360000	68.334	88.5482
1.380000	68.953	87.3250
1.400000	69.550	86.1134
1.430000	70.396	84.3067
1.450000	70.922	83.1049
1.475000	71.534	81.6197
1.500000	72.109	80.1982
1.525000	72.653	78.8522
1.550000	73.170	77.5692
1.575000	73.663	76.3354
1.600000	74.134	75.1387
1.625000	74.585	73.9688
1.650000	75.020	72.8163
1.675000	75.440	71.6735
1.700000	75.848	70.5337
1.725000	76.248	69.3911
1.750000	76.640	68.2408
1.775000	77.029	67.0786
1.800000	77.416	65.9012
1.825000	77.802	64.7093
1.850000	78.185	63.5165
1.875000	78.559	62.3423
1.900000	78.923	61.1928
1.925000	79.277	60.0670
1.950000	79.622	58.9625
1.975000	79.958	57.8768
2.000000	80.286	56.8071
2.030000	80.671	55.5405
2.060000	81.047	54.2882
2.090000	81.415	53.0451
2.120000	81.777	51.8069
2.140000	82.015	50.9817
2.180000	82.484	49.3279
2.200000	82.716	48.4996
2.240000	83.170	46.8538
2.270000	83.501	45.6376
2.300000	83.823	44.4386
2.330000	84.138	43.2563
2.360000	84.446	42.0895
2.400000	84.847	40.5552
2.430000	85.141	39.4180
2.470000	85.524	37.9160
2.500000	85.807	36.7969
2.540000	86.177	35.3106
2.580000	86.539	33.8285
2.620000	86.893	32.3546
2.650000	87.151	31.2579
2.690000	87.487	29.8102
2.720000	87.733	28.7363
2.760000	88.054	27.3206
2.800000	88.368	25.9231
2.850000	88.750	24.2001
2.900000	89.123	22.4995
2.950000	89.486	20.8148
3.000000	89.839	19.1403
3.040000	90.112	17.8104
3.070000	90.313	16.8209
3.110000	90.575	15.5141
3.150000	90.831	14.2231
3.200000	91.143	12.6333
3.250000	91.447	11.0699
3.300000	91.745	9.5296
3.350000	92.034	8.0026
3.400000	92.314	6.4851
3.450000	92.586	4.9821
3.500000	92.850	3.4985
3.550000	93.107	2.0386
3.600000	93.357	0.6049
3.650000	93.603	-0.8027
3.700000	93.842	-2.1910
3.750000	94.074	-3.5682
3.820000	94.388	-5.4752
3.870000	94.605	-6.8165
3.950000	94.942	-8.9167
4.000000	95.146	-10.1976
4.060000	95.385	-11.7067
4.120000	95.617	-13.1964
4.180000	95.842	-14.6681
4.250000	96.096	-16.3563
4.310000	96.307	-17.7733
4.370000	96.513	-19.1597
4.440000	96.748	-20.7435
4.500000	96.943	-22.0806
4.550000	97.101	-23.1813
4.620000	97.317	-24.6981
4.680000	97.497	-25.9731
4.750000	97.703	-27.4294
4.820000	97.904	-28.8567
4.870000	98.044	-29.8624
4.940000	98.235	-31.2515
5.000000	98.394	-32.4229
5.080000	98.602	-33.9551
5.150000	98.780	-35.2684
5.220000	98.953	-36.5610
5.300000	99.146	-38.0160
5.380000	99.334	-39.4454
5.450000	99.494	-40.6736
5.520000	99.651	-41.8818
5.600000	99.826	-43.2429
5.700000	100.037	-44.9161
5.800000	100.243	-46.5549
5.900000	100.441	-48.1591
6.000000	100.634	-49.7358
6.080000	100.783	-50.9774
6.150000	100.911	-52.0477
6.220000	101.036	-53.1022
6.300000	101.175	-54.2906
6.400000	101.344	-55.7544
6.500000	101.507	-57.1917
6.600000	101.666	-58.5995
6.700000	101.819	-59.9814
6.800000	101.968	-61.3400
6.900000	102.112	-62.6727
7.000000	102.253	-63.9786
7.100000	102.389	-65.2614
7.200000	102.521	-66.5219
7.300000	102.649	-67.7584
7.400000	102.775	-68.9720
7.500000	102.897	-70.1650
7.620000	103.039	-71.5699
7.750000	103.188	-73.0585
7.880000	103.333	-74.5161
8.000000	103.462	-75.8350
8.120000	103.588	-77.1285
8.250000	103.720	-78.5042
8.380000	103.848	-79.8532
8.500000	103.963	-81.0756
8.620000	104.075	-82.2777
8.750000	104.193	-83.5570
8.850000	104.281	-84.5250
9.000000	104.409	-85.9528
9.120000	104.508	-87.0739
9.250000	104.613	-88.2676
9.380000	104.714	-89.4412
9.500000	104.806	-90.5063
9.620000	104.895	-91.5546
9.750000	104.988	-92.6722
9.880000	105.074	-93.7709
10.000000	105.145	-94.7689
10.150000	105.224	-95.9955
10.300000	105.296	-97.1986
10.440000	105.357	-98.3011
10.600000	105.423	-99.5372
10.750000	105.482	-100.6730
10.900000	105.539	-101.7875
11.060000	105.597	-102.9523
11.200000	105.646	-103.9522
11.380000	105.705	-105.2120
11.500000	105.744	-106.0364
11.720000	105.811	-107.5173
11.800000	105.835	-108.0466
12.060000	105.908	-109.7349
12.200000	105.946	-110.6250
12.410000	106.002	-111.9365
12.500000	106.028	-112.4901
12.650000	106.074	-113.4018
12.800000	106.121	-114.2993
13.150000	106.226	-116.3376
13.200000	106.240	-116.6223
13.400000	106.295	-117.7443
13.600000	106.348	-118.8406
13.800000	106.399	-119.9122
14.000000	106.447	-120.9615
14.300000	106.517	-122.5005
14.500000	106.562	-123.5081
14.750000	106.614	-124.7512
15.000000	106.663	-125.9781
15.250000	106.707	-127.1871
15.500000	106.746	-128.3727
15.750000	106.780	-129.5284
16.000000	106.811	-130.6473
16.250000	106.840	-131.7266
16.500000	106.869	-132.7672
16.750000	106.898	-133.7750
17.000000	106.928	-134.7598
17.250000	106.959	-135.7314
17.500000	106.989	-136.6981
17.750000	107.018	-137.6638
18.000000	107.045	-138.6277
18.250000	107.068	-139.5851
18.500000	107.087	-140.5287
18.750000	107.102	-141.4517
19.000000	107.115	-142.3495
19.250000	107.126	-143.2209
19.500000	107.137	-144.0681
19.750000	107.147	-144.8952
20.000000	107.157	-145.7070
20.299999	107.169	-146.6663
20.600000	107.180	-147.6119
20.900000	107.189	-148.5434
21.200001	107.195	-149.4578
21.400000	107.198	-150.0566
21.799999	107.202	-151.2268
22.000000	107.203	-151.7985
22.400000	107.204	-152.9175
22.700001	107.203	-153.7377
23.000000	107.200	-154.5427
23.299999	107.197	-155.3334
23.600000	107.192	-156.1104
24.000000	107.184	-157.1254
24.299999	107.177	-157.8716
24.700001	107.165	-158.8463
25.000000	107.154	-159.5621
25.400000	107.139	-160.4963
25.799999	107.122	-161.4086
26.200001	107.105	-162.3016
26.500000	107.090	-162.9598
26.900000	107.070	-163.8217
27.200001	107.054	-164.4554
27.600000	107.031	-165.2823
28.000000	107.007	-166.0870
28.500000	106.974	-167.0589
29.000000	106.941	-167.9886
29.500000	106.907	-168.8796
30.000000	106.876	-169.7523
30.400000	106.849	-170.4517
30.700001	106.827	-170.9761
31.100000	106.791	-171.6585
31.500000	106.751	-172.2967
32.000000	106.703	-173.0147
32.500000	106.665	-173.6893
33.000000	106.636	-174.4113
33.500000	106.602	-175.2213
34.000000	106.548	-176.0545
34.500000	106.479	-176.7996
35.000000	106.409	-177.4104
35.500000	106.355	-177.9477
36.000000	106.316	-178.5101
36.500000	106.281	-179.1420
37.000000	106.241	-179.8195
37.500000	106.195	179.4993
38.200001	106.125	178.5742
38.700001	106.072	177.9421
39.500000	105.984	177.0115
40.000000	105.932	176.4822
40.599998	105.875	175.8741
41.200001	105.821	175.2747
41.799999	105.767	174.6811
42.500000	105.702	173.9980
43.099998	105.645	173.4249
43.700001	105.585	172.8746
44.400002	105.515	172.2632
45.000000	105.457	171.7473
45.500000	105.409	171.3177
46.200001	105.338	170.7333
46.799999	105.278	170.2600
47.500000	105.210	169.7264
48.200001	105.143	169.1984
48.700001	105.094	168.8329
49.400002	105.023	168.3555
50.000000	104.963	167.9731
50.799999	104.880	167.4697
51.500000	104.802	167.0367
52.200001	104.723	166.6375
53.000000	104.636	166.2032
53.799999	104.553	165.7323
54.500000	104.474	165.3027
55.200001	104.390	164.9152
56.000000	104.302	164.5286
57.000000	104.205	164.0105
58.000000	104.102	163.4396
59.000000	103.993	162.9672
60.000000	103.899	162.5444
60.799999	103.824	162.1540
61.500000	103.750	161.8137
62.200001	103.670	161.5337
63.000000	103.586	161.2840
64.000000	103.494	160.9998
65.000000	103.413	160.7441
66.000000	103.345	160.4972
67.000000	103.287	160.2131
68.000000	103.235	159.8876
69.000000	103.180	159.4922
70.000000	103.109	159.1082
71.000000	103.030	158.7933
72.000000	102.947	158.5228
73.000000	102.863	158.3035
74.000000	102.782	158.0970
75.000000	102.702	157.8789
76.199997	102.608	157.6379
77.500000	102.513	157.3810
78.800003	102.421	157.1444
80.000000	102.340	156.9465
81.199997	102.256	156.7872
82.500000	102.169	156.6461
83.800003	102.083	156.4997
85.000000	102.002	156.3840
86.199997	101.928	156.2716
87.500000	101.849	156.0930
88.500000	101.785	155.9331
90.000000	101.684	155.6907
91.199997	101.602	155.5353
92.500000	101.518	155.3802
93.800003	101.434	155.2310
95.000000	101.359	155.1578
96.199997	101.290	155.1106
97.500000	101.218	155.0466
98.800003	101.139	154.9797
100.000000	101.062	154.9753
101.500000	100.976	154.9583
103.000000	100.884	154.8685
104.400002	100.796	154.8322
106.000000	100.704	154.8287
107.500000	100.622	154.8432
109.000000	100.545	154.8488
110.599998	100.462	154.8308
112.000000	100.390	154.8109
113.800003	100.299	154.7785
115.000000	100.239	154.7709
117.199997	100.129	154.8018
118.000000	100.090	154.8339
120.599998	99.964	154.8606
122.000000	99.888	154.8655
124.099998	99.782	154.9199
125.000000	99.742	154.9434
126.500000	99.680	154.9805
128.000000	99.621	155.0353
131.500000	99.491	155.2319
132.000000	99.473	155.2567
134.000000	99.400	155.3524
136.000000	99.328	155.4725
138.000000	99.260	155.6069
140.000000	99.193	155.7303
143.000000	99.092	155.9424
145.000000	99.029	156.1021
147.500000	98.952	156.2934
150.000000	98.874	156.5018
152.500000	98.799	156.7164
155.000000	98.726	156.9418
157.500000	98.656	157.2025
160.000000	98.586	157.4728
162.500000	98.510	157.7348
165.000000	98.433	158.0159
167.500000	98.363	158.2823
170.000000	98.295	158.5165
172.500000	98.223	158.7504
175.000000	98.152	159.0056
177.500000	98.085	159.2415
180.000000	98.018	159.4758
182.500000	97.951	159.7353
185.000000	97.885	159.9958
187.500000	97.819	160.2596
190.000000	97.755	160.5477
192.500000	97.696	160.8397
195.000000	97.637	161.1232
197.500000	97.578	161.4099
200.000000	97.523	161.7115
203.000000	97.463	162.0881
206.000000	97.405	162.4659
209.000000	97.346	162.8647
212.000000	97.292	163.2802
214.000000	97.260	163.5666
218.000000	97.200	164.1824
220.000000	97.176	164.5073
224.000000	97.139	165.1396
227.000000	97.120	165.5897
230.000000	97.110	166.0030
233.000000	97.106	166.3475
236.000000	97.099	166.6241
240.000000	97.085	166.9408
243.000000	97.071	167.1415
247.000000	97.042	167.3942
250.000000	97.014	167.6092
254.000000	96.974	167.9218
258.000000	96.931	168.2277
262.000000	96.887	168.5714
265.000000	96.856	168.8375
269.000000	96.818	169.1694
272.000000	96.789	169.4381
276.000000	96.753	169.8124
280.000000	96.721	170.1647
285.000000	96.681	170.6124
290.000000	96.647	171.0653
295.000000	96.617	171.5078
300.000000	96.588	171.9265
304.000000	96.571	172.2604
307.000000	96.558	172.4981
311.000000	96.541	172.7959
315.000000	96.530	173.1070
320.000000	96.523	173.4916
325.000000	96.519	173.8462
330.000000	96.519	174.2242
335.000000	96.521	174.5702
340.000000	96.526	174.8898
345.000000	96.530	175.2229
350.000000	96.535	175.5181
355.000000	96.540	175.8048
360.000000	96.545	176.1006
365.000000	96.551	176.3730
370.000000	96.558	176.6475
375.000000	96.564	176.9160
382.000000	96.578	177.2534
387.000000	96.587	177.4824
395.000000	96.601	177.8292
400.000000	96.610	178.0287
406.000000	96.616	178.2450
412.000000	96.622	178.4722
418.000000	96.628	178.7069
425.000000	96.631	178.9654
431.000000	96.636	179.2046
437.000000	96.640	179.4308
444.000000	96.642	179.6760
450.000000	96.645	179.9147
455.000000	96.647	-179.8996
462.000000	96.651	-179.6614
468.000000	96.654	-179.4299
475.000000	96.658	-179.1759
482.000000	96.662	-178.9418
487.000000	96.665	-178.7596
494.000000	96.671	-178.5158
500.000000	96.678	-178.3309
508.000000	96.688	-178.0664
515.000000	96.699	-177.8442
522.000000	96.711	-177.6592
530.000000	96.721	-177.4472
538.000000	96.729	-177.2491
545.000000	96.736	-177.0859
552.000000	96.740	-176.9078
560.000000	96.744	-176.7065
570.000000	96.750	-176.4597
580.000000	96.750	-176.2041
590.000000	96.752	-175.9530
600.000000	96.750	-175.7045
608.000000	96.745	-175.4981
615.000000	96.743	-175.3074
622.000000	96.738	-175.1190
630.000000	96.732	-174.9089
640.000000	96.732	-174.6189
650.000000	96.731	-174.3201
660.000000	96.728	-174.0074
670.000000	96.727	-173.6534
680.000000	96.722	-173.3074
690.000000	96.716	-172.9415
700.000000	96.711	-172.5424
710.000000	96.705	-172.1577
720.000000	96.699	-171.7427
730.000000	96.695	-171.2886
740.000000	96.689	-170.8474
750.000000	96.685	-170.3775
762.000000	96.682	-169.7665
775.000000	96.681	-169.1079
788.000000	96.682	-168.3887
800.000000	96.682	-167.7119
812.000000	96.682	-167.0247
825.000000	96.680	-166.2379
838.000000	96.683	-165.4619
850.000000	96.690	-164.7261
862.000000	96.700	-163.9635
875.000000	96.718	-163.1560
885.000000	96.734	-162.5282
900.000000	96.764	-161.5728
912.000000	96.795	-160.8309
925.000000	96.833	-160.0159
938.000000	96.875	-159.2047
950.000000	96.921	-158.4906
962.000000	96.968	-157.7799
975.000000	97.022	-157.0057
988.000000	97.081	-156.2642
1000.000000	97.129	-155.6055
1015.000000	97.173	-154.7955
1030.000000	97.213	-154.0301
1044.000000	97.252	-153.3555
1060.000000	97.298	-152.6147
1075.000000	97.347	-151.9650
1090.000000	97.397	-151.3511
1106.000000	97.447	-150.7283
1120.000000	97.496	-150.2208
1138.000000	97.558	-149.6118
1150.000000	97.596	-149.2299
1172.000000	97.670	-148.5711
1180.000000	97.697	-148.3452
1206.000000	97.775	-147.6602
1220.000000	97.820	-147.3118
1241.000000	97.886	-146.8177
1250.000000	97.917	-146.6154
1265.000000	97.979	-146.2833
1280.000000	98.047	-145.9594
1315.000000	98.201	-145.2478
1320.000000	98.223	-145.1455
1340.000000	98.307	-144.7424
1360.000000	98.386	-144.3568
1380.000000	98.466	-143.9618
1400.000000	98.542	-143.5682
1430.000000	98.649	-142.9841
1450.000000	98.721	-142.5737
1475.000000	98.805	-142.0624
1500.000000	98.889	-141.5098
1525.000000	98.972	-140.9329
1550.000000	99.054	-140.3232
1575.000000	99.146	-139.6360
1600.000000	99.254	-138.9399
1625.000000	99.383	-138.2726
1650.000000	99.526	-137.7202
1675.000000	99.662	-137.3199
1700.000000	99.786	-136.9462
1725.000000	99.898	-136.5807
1750.000000	100.001	-136.2007
1775.000000	100.105	-135.7413
1800.000000	100.211	-135.2415
1825.000000	100.323	-134.7068
1850.000000	100.448	-134.1276
1875.000000	100.589	-133.5930
1900.000000	100.742	-133.1665
1925.000000	100.898	-132.8397
1950.000000	101.047	-132.6202
1975.000000	101.184	-132.4811
2000.000000	101.313	-132.3369
2030.000000	101.463	-132.1505
2060.000000	101.607	-131.9863
2090.000000	101.748	-131.7993
2120.000000	101.889	-131.6174
2140.000000	101.982	-131.5159
2180.000000	102.168	-131.3041
2200.000000	102.260	-131.2047
2240.000000	102.440	-131.0646
2270.000000	102.574	-130.9622
2300.000000	102.706	-130.8656
2330.000000	102.836	-130.8141
2360.000000	102.965	-130.7761
2400.000000	103.135	-130.7701
2430.000000	103.265	-130.8266
2470.000000	103.439	-130.9210
2500.000000	103.567	-131.0336
2540.000000	103.729	-131.2653
2580.000000	103.882	-131.4670
2620.000000	104.029	-131.6182
2650.000000	104.141	-131.6956
2690.000000	104.300	-131.7179
2720.000000	104.435	-131.7365
2760.000000	104.646	-131.8735
2800.000000	104.880	-132.2575
2850.000000	105.163	-133.2605
2900.000000	105.398	-134.6860
2950.000000	105.570	-136.2128
3000.000000	105.690	-137.7583
3040.000000	105.755	-138.9243
3070.000000	105.789	-139.7576
3110.000000	105.824	-140.8285
3150.000000	105.850	-141.8221
3200.000000	105.874	-142.9600
3250.000000	105.891	-144.0479
3300.000000	105.898	-145.0475
3350.000000	105.896	-145.9702
3400.000000	105.890	-146.8816
3450.000000	105.872	-147.7747
3500.000000	105.838	-148.6777
3550.000000	105.784	-149.5544
3600.000000	105.708	-150.3073
3650.000000	105.614	-150.9242
3700.000000	105.510	-151.3759
3750.000000	105.406	-151.5919
3820.000000	105.289	-151.6417
3870.000000	105.235	-151.6292
3950.000000	105.165	-151.7142
4000.000000	105.111	-151.8831
4060.000000	105.015	-152.0857
4120.000000	104.896	-152.2456
4180.000000	104.770	-152.3887
4250.000000	104.618	-152.4700
4310.000000	104.490	-152.4600
4370.000000	104.365	-152.4137
4440.000000	104.217	-152.2884
4500.000000	104.094	-152.1614
4550.000000	103.993	-152.0472
4620.000000	103.849	-151.8124
4680.000000	103.726	-151.5490
4750.000000	103.583	-151.1969
4820.000000	103.436	-150.7462
4870.000000	103.333	-150.3517
4940.000000	103.201	-149.6824
5000.000000	103.110	-148.9696
5080.000000	103.041	-147.9958
5150.000000	103.025	-147.3631
5220.000000	103.010	-146.9861
5300.000000	102.970	-146.7653
5380.000000	102.909	-146.6105
5450.000000	102.838	-146.4188
5520.000000	102.756	-146.1951
5600.000000	102.656	-145.9164
5700.000000	102.521	-145.4603
5800.000000	102.382	-144.9417
5900.000000	102.240	-144.3142
6000.000000	102.106	-143.4821
6080.000000	102.020	-142.7632
6150.000000	101.953	-142.1655
6220.000000	101.889	-141.5956
6300.000000	101.825	-140.9872
6400.000000	101.748	-140.3975
6500.000000	101.656	-139.9536
6600.000000	101.556	-139.5598
6700.000000	101.452	-139.1461
6800.000000	101.350	-138.7053
6900.000000	101.260	-138.2987
7000.000000	101.171	-137.9227
7100.000000	101.087	-137.5662
7200.000000	101.014	-137.2122
7300.000000	100.961	-136.8889
7400.000000	100.908	-136.8882
7500.000000	100.826	-136.9115
7620.000000	100.743	-136.6820
7750.000000	100.725	-136.4013
7880.000000	100.802	-136.7429
8000.000000	100.930	-138.2454
8120.000000	101.015	-141.1560
8250.000000	100.896	-145.4723
8380.000000	100.488	-150.0699
8500.000000	99.888	-153.7836
8620.000000	99.135	-156.5431
8750.000000	98.228	-158.3479
8850.000000	97.506	-158.9449
9000.000000	96.452	-158.5526
9120.000000	95.725	-157.7537
9250.000000	94.939	-157.1987
9380.000000	94.089	-156.0798
9500.000000	93.315	-154.4446
9620.000000	92.578	-152.3391
9750.000000	91.835	-149.6525
9880.000000	91.138	-146.7897
10000.000000	90.515	-143.7749
10150.000000	89.844	-139.5200
10300.000000	89.289	-135.4993
10440.000000	88.802	-132.2166
10600.000000	88.212	-128.5798
10750.000000	87.632	-124.9324
10900.000000	87.063	-121.0204
11060.000000	86.483	-116.5890
11200.000000	86.015	-112.5519
11380.000000	85.467	-107.1539
11500.000000	85.131	-103.4023
11720.000000	84.582	-96.3350
11800.000000	84.407	-93.7402
12060.000000	83.918	-85.1854
12200.000000	83.706	-80.4939
12410.000000	83.450	-73.4518
12500.000000	83.360	-70.4227
12650.000000	83.236	-65.3483
12800.000000	83.155	-60.2302
13150.000000	83.143	-48.1416
13200.000000	83.165	-46.4232
13400.000000	83.319	-39.5515
13600.000000	83.590	-32.6832
13800.000000	83.988	-25.8983
14000.000000	84.538	-19.3434
14300.000000	85.710	-10.2015
14500.000000	86.821	-4.7277
14750.000000	88.752	0.4008
15000.000000	91.376	0.4507
15250.000000	94.210	-9.6299
15500.000000	95.799	-31.5043
15750.000000	94.878	-56.5287
16000.000000	91.959	-72.6689
16250.000000	88.613	-77.1968
16500.000000	85.838	-74.0999
16750.000000	83.723	-67.5135
17000.000000	82.096	-59.2633
17250.000000	80.832	-49.8961
17500.000000	79.860	-39.9873
17750.000000	79.143	-29.7985
18000.000000	78.647	-19.3984
18250.000000	78.334	-9.1958
18500.000000	78.173	0.6582
18750.000000	78.175	10.4169
19000.000000	78.366	20.1058
19250.000000	78.761	29.2224
19500.000000	79.266	37.8394
19750.000000	79.759	46.0479
20000.000000	80.076	52.4074
