20.000000	106.163	169.2546
20.299999	106.144	168.8493
20.600000	106.124	168.4569
20.900000	106.103	168.0818
21.200001	106.082	167.7049
21.400000	106.068	167.4579
21.799999	106.039	166.9905
22.000000	106.026	166.7653
22.400000	106.001	166.2913
22.700001	105.981	165.9462
23.000000	105.961	165.6103
23.299999	105.940	165.2672
23.600000	105.919	164.9376
24.000000	105.889	164.5208
24.299999	105.868	164.1986
24.700001	105.840	163.7839
25.000000	105.818	163.4849
25.400000	105.789	163.0664
25.799999	105.759	162.6660
26.200001	105.729	162.2729
26.500000	105.706	161.9803
26.900000	105.674	161.6019
27.200001	105.649	161.3121
27.600000	105.615	160.9338
28.000000	105.581	160.5824
28.500000	105.541	160.1491
29.000000	105.504	159.7224
29.500000	105.469	159.2698
30.000000	105.431	158.8251
30.400000	105.399	158.4731
30.700001	105.375	158.2234
31.100000	105.345	157.9006
31.500000	105.318	157.5707
32.000000	105.285	157.1594
32.500000	105.252	156.7274
33.000000	105.217	156.3144
33.500000	105.181	155.9160
34.000000	105.146	155.5325
34.500000	105.110	155.1337
35.000000	105.074	154.7440
35.500000	105.037	154.3629
36.000000	105.001	153.9987
36.500000	104.964	153.6396
37.000000	104.928	153.2907
37.500000	104.892	152.9388
38.200001	104.842	152.4501
38.700001	104.805	152.0939
39.500000	104.746	151.5356
40.000000	104.709	151.1981
40.599998	104.667	150.7853
41.200001	104.624	150.3840
41.799999	104.581	149.9929
42.500000	104.530	149.5501
43.099998	104.487	149.1835
43.700001	104.446	148.8210
44.400002	104.398	148.4020
45.000000	104.358	148.0472
45.500000	104.325	147.7519
46.200001	104.279	147.3451
46.799999	104.239	147.0002
47.500000	104.192	146.5929
48.200001	104.145	146.1867
48.700001	104.110	145.8979
49.400002	104.062	145.5007
50.000000	104.018	145.1668
50.799999	103.955	144.7342
51.500000	103.896	144.3564
52.200001	103.838	143.9905
53.000000	103.772	143.5885
53.799999	103.707	143.1772
54.500000	103.651	142.8287
55.200001	103.595	142.4844
56.000000	103.530	142.0876
57.000000	103.448	141.6059
58.000000	103.367	141.1484
59.000000	103.288	140.6989
60.000000	103.211	140.2377
60.799999	103.149	139.8744
61.500000	103.095	139.5641
62.200001	103.041	139.2615
63.000000	102.982	138.9171
64.000000	102.914	138.4951
65.000000	102.850	138.1054
66.000000	102.788	137.7081
67.000000	102.728	137.3049
68.000000	102.667	136.9085
69.000000	102.605	136.5087
70.000000	102.543	136.1231
71.000000	102.482	135.7437
72.000000	102.421	135.3649
73.000000	102.360	134.9983
74.000000	102.299	134.6416
75.000000	102.237	134.2831
76.199997	102.165	133.8687
77.500000	102.087	133.4348
78.800003	102.009	133.0001
80.000000	101.936	132.6199
81.199997	101.862	132.2388
82.500000	101.782	131.8240
83.800003	101.703	131.4441
85.000000	101.631	131.0897
86.199997	101.560	130.7393
87.500000	101.483	130.3670
88.500000	101.425	130.0788
90.000000	101.338	129.6423
91.199997	101.269	129.3174
92.500000	101.195	128.9588
93.800003	101.121	128.6032
95.000000	101.053	128.2854
96.199997	100.986	127.9676
97.500000	100.913	127.6474
98.800003	100.841	127.3206
100.000000	100.776	127.0375
101.500000	100.694	126.6742
103.000000	100.611	126.3147
104.400002	100.534	125.9867
106.000000	100.447	125.6273
107.500000	100.367	125.2791
109.000000	100.288	124.9512
110.599998	100.204	124.6032
112.000000	100.132	124.3159
113.800003	100.040	123.9340
115.000000	99.979	123.6906
117.199997	99.870	123.2588
118.000000	99.830	123.0934
120.599998	99.705	122.5968
122.000000	99.638	122.3287
124.099998	99.541	121.9397
125.000000	99.503	121.7617
126.500000	99.442	121.4893
128.000000	99.384	121.2335
131.500000	99.257	120.6156
132.000000	99.239	120.5291
134.000000	99.167	120.1913
136.000000	99.095	119.8574
138.000000	99.025	119.5327
140.000000	98.957	119.2141
143.000000	98.856	118.7527
145.000000	98.790	118.4517
147.500000	98.709	118.0857
150.000000	98.630	117.7408
152.500000	98.554	117.3937
155.000000	98.481	117.0518
157.500000	98.408	116.6975
160.000000	98.333	116.3456
162.500000	98.251	116.0025
165.000000	98.165	115.6624
167.500000	98.079	115.3254
170.000000	97.994	114.9940
172.500000	97.910	114.6751
175.000000	97.828	114.3613
177.500000	97.747	114.0567
180.000000	97.667	113.7497
182.500000	97.589	113.4605
185.000000	97.511	113.1756
187.500000	97.435	112.8780
190.000000	97.360	112.6073
192.500000	97.287	112.3322
195.000000	97.215	112.0789
197.500000	97.146	111.8113
200.000000	97.080	111.5588
203.000000	97.006	111.2623
206.000000	96.934	110.9477
209.000000	96.864	110.6429
212.000000	96.794	110.3438
214.000000	96.748	110.1389
218.000000	96.659	109.7483
220.000000	96.615	109.5528
224.000000	96.528	109.1800
227.000000	96.463	108.9131
230.000000	96.400	108.6441
233.000000	96.338	108.3836
236.000000	96.277	108.1268
240.000000	96.197	107.8170
243.000000	96.139	107.5992
247.000000	96.064	107.3057
250.000000	96.008	107.1010
254.000000	95.934	106.8230
258.000000	95.859	106.5626
262.000000	95.786	106.3041
265.000000	95.733	106.1364
269.000000	95.666	105.9285
272.000000	95.620	105.8166
276.000000	95.570	105.6655
280.000000	95.534	105.5008
285.000000	95.506	105.1674
290.000000	95.480	104.6726
295.000000	95.439	104.0579
300.000000	95.382	103.4472
304.000000	95.328	102.9632
307.000000	95.284	102.6284
311.000000	95.226	102.2036
315.000000	95.170	101.8183
320.000000	95.107	101.3705
325.000000	95.050	100.9359
330.000000	94.995	100.5350
335.000000	94.942	100.1529
340.000000	94.892	99.7884
345.000000	94.845	99.4399
350.000000	94.798	99.0943
355.000000	94.754	98.7610
360.000000	94.711	98.4453
365.000000	94.669	98.1279
370.000000	94.629	97.8344
375.000000	94.591	97.5502
382.000000	94.541	97.1443
387.000000	94.507	96.8741
395.000000	94.456	96.4601
400.000000	94.426	96.2162
406.000000	94.392	95.9166
412.000000	94.360	95.6481
418.000000	94.331	95.3825
425.000000	94.301	95.0687
431.000000	94.277	94.8255
437.000000	94.256	94.5590
444.000000	94.234	94.2792
450.000000	94.218	94.0332
455.000000	94.207	93.8416
462.000000	94.193	93.5691
468.000000	94.183	93.3383
475.000000	94.174	93.0740
482.000000	94.169	92.7905
487.000000	94.165	92.6094
494.000000	94.163	92.3292
500.000000	94.164	92.0861
508.000000	94.168	91.7711
515.000000	94.175	91.4836
522.000000	94.182	91.1838
530.000000	94.191	90.8673
538.000000	94.201	90.5276
545.000000	94.210	90.2288
552.000000	94.219	89.9679
560.000000	94.230	89.6319
570.000000	94.244	89.2246
580.000000	94.258	88.8388
590.000000	94.274	88.4607
600.000000	94.291	88.0704
608.000000	94.304	87.7733
615.000000	94.315	87.4927
622.000000	94.326	87.2285
630.000000	94.340	86.9249
640.000000	94.362	86.5743
650.000000	94.385	86.2483
660.000000	94.408	85.9302
670.000000	94.432	85.6286
680.000000	94.455	85.3533
690.000000	94.479	85.0918
700.000000	94.504	84.8489
710.000000	94.529	84.6392
720.000000	94.555	84.4434
730.000000	94.582	84.2790
740.000000	94.612	84.1225
750.000000	94.642	83.9655
762.000000	94.681	83.8203
775.000000	94.725	83.6842
788.000000	94.771	83.5742
800.000000	94.812	83.4776
812.000000	94.850	83.4062
825.000000	94.892	83.3671
838.000000	94.936	83.3334
850.000000	94.981	83.3130
862.000000	95.029	83.3096
875.000000	95.087	83.3154
885.000000	95.133	83.3222
900.000000	95.208	83.3588
912.000000	95.273	83.3795
925.000000	95.347	83.3951
938.000000	95.426	83.4225
950.000000	95.503	83.4452
962.000000	95.584	83.4457
975.000000	95.674	83.4456
988.000000	95.764	83.4203
1000.000000	95.842	83.3935
1015.000000	95.925	83.3321
1030.000000	96.003	83.2379
1044.000000	96.077	83.1288
1060.000000	96.163	82.9545
1075.000000	96.246	82.7615
1090.000000	96.329	82.5491
1106.000000	96.419	82.2766
1120.000000	96.498	82.0032
1138.000000	96.597	81.6167
1150.000000	96.663	81.3427
1172.000000	96.780	80.7903
1180.000000	96.821	80.5584
1206.000000	96.950	79.8407
1220.000000	97.017	79.4193
1241.000000	97.117	78.7658
1250.000000	97.163	78.4931
1265.000000	97.247	78.0260
1280.000000	97.334	77.5487
1315.000000	97.532	76.4235
1320.000000	97.559	76.2670
1340.000000	97.664	75.6288
1360.000000	97.764	74.9950
1380.000000	97.860	74.3777
1400.000000	97.952	73.7606
1430.000000	98.085	72.8694
1450.000000	98.169	72.2811
1475.000000	98.271	71.5593
1500.000000	98.371	70.8701
1525.000000	98.468	70.2039
1550.000000	98.563	69.5457
1575.000000	98.657	68.8997
1600.000000	98.753	68.2885
1625.000000	98.853	67.6837
1650.000000	98.954	67.0636
1675.000000	99.056	66.4723
1700.000000	99.157	65.8626
1725.000000	99.258	65.2815
1750.000000	99.359	64.6830
1775.000000	99.460	64.0852
1800.000000	99.561	63.4800
1825.000000	99.661	62.8795
1850.000000	99.763	62.2826
1875.000000	99.874	61.6827
1900.000000	99.997	61.0504
1925.000000	100.123	60.3601
1950.000000	100.247	59.6843
1975.000000	100.370	58.9824
2000.000000	100.489	58.2120
2030.000000	100.622	57.2875
2060.000000	100.743	56.3680
2090.000000	100.862	55.3830
2120.000000	100.977	54.3163
2140.000000	101.050	53.6307
2180.000000	101.190	52.2140
2200.000000	101.257	51.4760
2240.000000	101.379	49.9323
2270.000000	101.457	48.7804
2300.000000	101.524	47.6022
2330.000000	101.581	46.4263
2360.000000	101.628	45.2429
2400.000000	101.675	43.6568
2430.000000	101.699	42.4643
2470.000000	101.716	40.9142
2500.000000	101.719	39.8076
2540.000000	101.710	38.3641
2580.000000	101.689	36.9770
2620.000000	101.658	35.6534
2650.000000	101.631	34.7274
2690.000000	101.588	33.5301
2720.000000	101.551	32.6936
2760.000000	101.499	31.6379
2800.000000	101.455	30.6956
2850.000000	101.406	29.4699
2900.000000	101.352	28.2336
2950.000000	101.290	27.0461
3000.000000	101.220	25.9777
3040.000000	101.160	24.9915
3070.000000	101.113	24.3886
3110.000000	101.052	23.6020
3150.000000	100.996	22.8829
3200.000000	100.939	22.0649
3250.000000	100.893	21.2870
3300.000000	100.856	20.5677
3350.000000	100.828	19.8711
3400.000000	100.809	19.1685
3450.000000	100.800	18.5136
3500.000000	100.801	17.8353
3550.000000	100.811	17.1107
3600.000000	100.831	16.3832
3650.000000	100.860	15.5801
3700.000000	100.897	14.7097
3750.000000	100.941	13.7888
3820.000000	101.011	12.3019
3870.000000	101.061	11.1113
3950.000000	101.131	8.9677
4000.000000	101.155	7.4764
4060.000000	101.152	5.5614
4120.000000	101.120	3.5816
4180.000000	101.069	1.4869
4250.000000	100.988	-1.0276
4310.000000	100.900	-3.2136
4370.000000	100.795	-5.5043
4440.000000	100.644	-8.2451
4500.000000	100.486	-10.6454
4550.000000	100.329	-12.6388
4620.000000	100.070	-15.3820
4680.000000	99.813	-17.6202
4750.000000	99.477	-20.0060
4820.000000	99.113	-22.1624
4870.000000	98.841	-23.4869
4940.000000	98.451	-25.0997
5000.000000	98.114	-26.2523
5080.000000	97.671	-27.4349
5150.000000	97.300	-28.1111
5220.000000	96.951	-28.5983
5300.000000	96.585	-28.9354
5380.000000	96.259	-29.0562
5450.000000	96.008	-29.0660
5520.000000	95.790	-28.9644
5600.000000	95.581	-28.7167
5700.000000	95.378	-28.2653
5800.000000	95.244	-27.7196
5900.000000	95.176	-27.1853
6000.000000	95.169	-26.9755
6080.000000	95.209	-26.1261
6150.000000	95.278	-25.7678
6220.000000	95.378	-25.4537
6300.000000	95.524	-25.1718
6400.000000	95.748	-25.0270
6500.000000	96.016	-25.0908
6600.000000	96.328	-25.4769
6700.000000	96.676	-26.1738
6800.000000	97.052	-27.2129
6900.000000	97.448	-28.6237
7000.000000	97.851	-30.4727
7100.000000	98.249	-32.7123
7200.000000	98.628	-35.4026
7300.000000	98.968	-38.5245
7400.000000	99.248	-41.9539
7500.000000	99.459	-45.5586
7620.000000	99.640	-49.9277
7750.000000	99.766	-54.7291
7880.000000	99.809	-59.6252
8000.000000	99.774	-64.0886
8120.000000	99.672	-68.5464
8250.000000	99.478	-73.3444
8380.000000	99.186	-78.0908
8500.000000	98.812	-82.4375
8620.000000	98.311	-86.6793
8750.000000	97.590	-90.8923
8850.000000	96.900	-93.5137
9000.000000	95.677	-95.8510
9120.000000	94.602	-95.9392
9250.000000	93.436	-94.1086
9380.000000	92.357	-90.3715
9500.000000	91.519	-85.3615
9620.000000	90.900	-79.3336
9750.000000	90.514	-72.3615
9880.000000	90.401	-65.6917
10000.000000	90.494	-60.2704
10150.000000	90.762	-55.0415
10300.000000	91.047	-51.4728
10440.000000	91.245	-49.1331
10600.000000	91.349	-47.0787
10750.000000	91.324	-45.2862
10900.000000	91.203	-43.1855
11060.000000	91.012	-40.3838
11200.000000	90.829	-37.4438
11380.000000	90.612	-32.9429
11500.000000	90.498	-29.5408
11720.000000	90.375	-22.8112
11800.000000	90.363	-20.2607
12060.000000	90.462	-11.5073
12200.000000	90.611	-6.5945
12410.000000	90.976	0.6533
12500.000000	91.188	3.6820
12650.000000	91.615	8.5538
12800.000000	92.134	13.0468
13150.000000	93.721	21.1432
13200.000000	93.985	21.8757
13400.000000	95.069	23.2367
13600.000000	95.994	21.6484
13800.000000	96.497	18.3889
14000.000000	96.589	15.7079
14300.000000	96.493	14.5586
14500.000000	96.434	14.8192
14750.000000	96.424	16.0106
15000.000000	96.589	17.2202
15250.000000	96.816	17.3743
15500.000000	97.046	16.7891
15750.000000	97.325	14.9631
16000.000000	97.561	10.8733
16250.000000	97.507	4.6337
16500.000000	96.864	-1.8998
16750.000000	95.625	-5.6788
17000.000000	94.193	-4.4675
17250.000000	93.148	0.3666
17500.000000	92.557	4.6953
17750.000000	91.985	7.2295
18000.000000	91.142	10.2845
18250.000000	90.229	16.7781
18500.000000	89.821	26.0984
18750.000000	89.985	33.7442
19000.000000	90.359	38.6741
19250.000000	90.787	41.1893
19500.000000	91.133	40.9059
19750.000000	91.208	38.2313
20000.000000	91.087	35.5059
