20.144928	104.902	-157.7531
20.290907	104.911	-157.9847
20.437943	104.921	-158.2096
20.586044	104.931	-158.4327
20.735220	104.940	-158.6534
20.885475	104.948	-158.8745
21.036821	104.957	-159.0999
21.189262	104.965	-159.3364
21.342808	104.974	-159.5756
21.497467	104.983	-159.8172
21.653246	104.992	-160.0598
21.810154	105.001	-160.3040
21.968201	105.010	-160.5475
22.127390	105.019	-160.7957
22.287735	105.028	-161.0435
22.449242	105.037	-161.2864
22.611917	105.046	-161.5250
22.775772	105.055	-161.7585
22.940815	105.064	-161.9867
23.107054	105.073	-162.2203
23.274498	105.081	-162.4553
23.443153	105.090	-162.6874
23.613033	105.097	-162.9176
23.784142	105.105	-163.1461
23.956491	105.111	-163.3739
24.130091	105.117	-163.6078
24.304947	105.123	-163.8429
24.481071	105.127	-164.0764
24.658470	105.131	-164.3070
24.837156	105.135	-164.5348
25.017136	105.139	-164.7594
25.198421	105.143	-164.9861
25.381020	105.147	-165.2101
25.564941	105.152	-165.4314
25.750195	105.157	-165.6523
25.936790	105.163	-165.8730
26.124741	105.170	-166.1035
26.314051	105.177	-166.3402
26.504732	105.183	-166.5795
26.696796	105.190	-166.8208
26.890253	105.195	-167.0626
27.085112	105.199	-167.3059
27.281382	105.202	-167.5487
27.479073	105.204	-167.7870
27.678198	105.206	-168.0186
27.878765	105.207	-168.2436
28.080786	105.209	-168.4619
28.284271	105.211	-168.6767
28.489231	105.213	-168.8868
28.695675	105.217	-169.0964
28.903616	105.221	-169.3061
29.113064	105.226	-169.5245
29.324028	105.231	-169.7509
29.536524	105.236	-169.9810
29.750557	105.240	-170.2123
29.966141	105.243	-170.4443
30.183289	105.245	-170.6750
30.402010	105.246	-170.9022
30.622314	105.246	-171.1230
30.844217	105.246	-171.3381
31.067726	105.245	-171.5498
31.292856	105.245	-171.7641
31.519617	105.245	-171.9772
31.748020	105.245	-172.1914
31.978081	105.246	-172.4079
32.209808	105.247	-172.6312
32.443211	105.247	-172.8563
32.678310	105.248	-173.0806
32.915108	105.248	-173.3028
33.153625	105.247	-173.5247
33.393871	105.247	-173.7451
33.635857	105.247	-173.9618
33.879597	105.247	-174.1770
34.125103	105.247	-174.3954
34.372387	105.248	-174.6187
34.621464	105.247	-174.8436
34.872345	105.246	-175.0691
35.125042	105.245	-175.2950
35.379574	105.242	-175.5187
35.635948	105.240	-175.7387
35.894180	105.237	-175.9545
36.154285	105.234	-176.1699
36.416275	105.233	-176.3858
36.680161	105.231	-176.6003
36.945961	105.230	-176.8147
37.213688	105.229	-177.0291
37.483353	105.228	-177.2430
37.754974	105.226	-177.4560
38.028561	105.225	-177.6685
38.304131	105.223	-177.8865
38.581699	105.220	-178.1046
38.861279	105.217	-178.3233
39.142883	105.213	-178.5435
39.426529	105.209	-178.7644
39.712231	105.204	-178.9835
40.000000	105.200	-179.1996
40.289856	105.195	-179.4162
40.581814	105.190	-179.6289
40.875885	105.186	-179.8393
41.172089	105.182	179.9499
41.470440	105.178	179.7378
41.770950	105.173	179.5253
42.073643	105.168	179.3131
42.378525	105.162	179.1018
42.685616	105.157	178.8943
42.994934	105.151	178.6901
43.306492	105.145	178.4803
43.620308	105.140	178.2697
43.936401	105.135	178.0571
44.254780	105.130	177.8430
44.575470	105.123	177.6314
44.898483	105.116	177.4260
45.223835	105.109	177.2298
45.551544	105.102	177.0415
45.881630	105.095	176.8568
46.214108	105.088	176.6656
46.548996	105.081	176.4649
46.886307	105.074	176.2571
47.226067	105.065	176.0495
47.568283	105.056	175.8503
47.912983	105.047	175.6658
48.260181	105.040	175.4901
48.609894	105.034	175.3210
48.962143	105.030	175.1498
49.316940	105.027	174.9662
49.674313	105.023	174.7651
50.034271	105.016	174.5498
50.396843	105.006	174.3277
50.762039	104.994	174.1064
51.129883	104.983	173.8871
51.500389	104.973	173.6671
51.873581	104.964	173.4473
52.249481	104.955	173.2292
52.628101	104.945	173.0188
53.009464	104.934	172.8207
53.393593	104.922	172.6308
53.780506	104.908	172.4432
54.170223	104.894	172.2448
54.562763	104.879	172.0268
54.958145	104.863	171.7918
55.356396	104.846	171.5493
55.757530	104.829	171.3095
56.161572	104.813	171.0837
56.568542	104.798	170.8789
56.978462	104.783	170.6944
57.391350	104.770	170.5140
57.807232	104.756	170.3268
58.226128	104.740	170.1206
58.648056	104.721	169.8969
59.073048	104.697	169.6707
59.501114	104.672	169.4574
59.932281	104.650	169.2676
60.366577	104.632	169.0907
60.804020	104.618	168.9047
61.244629	104.606	168.7004
61.688435	104.593	168.4847
62.135452	104.579	168.2676
62.585712	104.565	168.0475
63.039234	104.551	167.8197
63.496040	104.537	167.5823
63.956161	104.522	167.3505
64.419617	104.506	167.1398
64.886421	104.491	166.9607
65.356621	104.478	166.8006
65.830215	104.467	166.6348
66.307251	104.455	166.4509
66.787743	104.443	166.2504
67.271713	104.428	166.0400
67.759193	104.412	165.8280
68.250206	104.396	165.6210
68.744774	104.380	165.4225
69.242928	104.365	165.2296
69.744690	104.351	165.0356
70.250084	104.337	164.8345
70.759148	104.321	164.6256
71.271896	104.302	164.4146
71.788361	104.283	164.2094
72.308571	104.263	164.0157
72.832550	104.245	163.8250
73.360321	104.229	163.6245
73.891922	104.214	163.4135
74.427376	104.199	163.2020
74.966705	104.183	163.0038
75.509949	104.168	162.8237
76.057121	104.152	162.6499
76.608261	104.134	162.4647
77.163399	104.115	162.2747
77.722557	104.094	162.0812
78.285767	104.074	161.8792
78.853058	104.055	161.6716
79.424461	104.036	161.4640
80.000000	104.016	161.2662
80.579712	103.997	161.0812
81.163628	103.977	160.8959
81.751770	103.955	160.7090
82.344177	103.932	160.5209
82.940880	103.910	160.3321
83.541901	103.887	160.1467
84.147285	103.864	159.9613
84.757050	103.842	159.7741
85.371231	103.819	159.5820
85.989868	103.796	159.3802
86.612984	103.772	159.1827
87.240616	103.748	158.9879
87.872803	103.723	158.7969
88.509560	103.699	158.6138
89.150940	103.676	158.4225
89.796967	103.651	158.2207
90.447670	103.626	158.0320
91.103088	103.601	157.8531
91.763260	103.576	157.6723
92.428215	103.551	157.4786
93.097992	103.525	157.2831
93.772614	103.498	157.1026
94.452133	103.472	156.9159
95.136566	103.445	156.7263
95.825966	103.417	156.5523
96.520363	103.389	156.3807
97.219788	103.362	156.2065
97.924286	103.335	156.0245
98.633881	103.308	155.8358
99.348625	103.279	155.6531
100.068542	103.251	155.4778
100.793686	103.222	155.3186
101.524078	103.192	155.1559
102.259766	103.163	154.9912
103.000778	103.132	154.8278
103.747162	103.103	154.6586
104.498962	103.073	154.4940
105.256203	103.042	154.3338
106.018929	103.012	154.1769
106.787186	102.981	154.0120
107.561012	102.951	153.8450
108.340446	102.922	153.6675
109.125526	102.891	153.4847
109.916290	102.860	153.3127
110.712791	102.829	153.1353
111.515060	102.799	152.9665
112.323143	102.767	152.8064
113.137085	102.736	152.6465
113.956924	102.703	152.4750
114.782700	102.670	152.3062
115.614464	102.636	152.1408
116.452255	102.602	151.9879
117.296112	102.568	151.8303
118.146095	102.534	151.6549
119.002228	102.499	151.4833
119.864563	102.465	151.2965
120.733154	102.430	151.1437
121.608040	102.395	150.9833
122.489258	102.360	150.8163
123.376869	102.325	150.6566
124.270905	102.290	150.5141
125.171425	102.256	150.3734
126.078468	102.224	150.2175
126.992081	102.193	150.0750
127.912323	102.164	149.9261
128.839233	102.136	149.7867
129.772842	102.107	149.6277
130.713242	102.077	149.4799
131.660431	102.047	149.3403
132.614502	102.017	149.2050
133.575485	101.986	149.0697
134.543427	101.956	148.9286
135.518387	101.926	148.7975
136.500412	101.896	148.6751
137.489548	101.865	148.5463
138.485855	101.833	148.4129
139.489380	101.801	148.2719
140.500168	101.770	148.1360
141.518295	101.738	148.0189
142.543793	101.704	147.9116
143.576721	101.671	147.8033
144.617142	101.637	147.6993
145.665100	101.604	147.6113
146.720642	101.572	147.5181
147.783844	101.540	147.4225
148.854752	101.509	147.3387
149.933411	101.479	147.2775
151.019897	101.452	147.2057
152.114243	101.426	147.1237
153.216522	101.402	147.0422
154.326797	101.380	146.9355
155.445114	101.358	146.8129
156.571533	101.335	146.6822
157.706116	101.308	146.5577
158.848923	101.279	146.4193
160.000000	101.247	146.2700
161.159424	101.212	146.1369
162.327255	101.175	146.0048
163.503540	101.136	145.8696
164.688354	101.097	145.7405
165.881760	101.057	145.6138
167.083801	101.017	145.4977
168.294571	100.977	145.3784
169.514099	100.936	145.2543
170.742462	100.894	145.1240
171.979736	100.852	145.0171
173.225967	100.810	144.8975
174.481232	100.769	144.7789
175.745605	100.727	144.6624
177.019119	100.684	144.5569
178.301880	100.640	144.4533
179.593933	100.595	144.3463
180.895340	100.551	144.2255
182.206177	100.506	144.1237
183.526520	100.462	144.0065
184.856430	100.417	143.9231
186.195984	100.372	143.8151
187.545227	100.326	143.7301
188.904266	100.281	143.6197
190.273132	100.235	143.5379
191.651932	100.189	143.4406
193.040726	100.143	143.3469
194.439575	100.097	143.3015
195.848572	100.051	143.2278
197.267761	100.006	143.1456
198.697250	99.961	143.0594
200.137085	99.915	143.0378
201.587372	99.871	142.9226
203.048157	99.827	142.8529
204.519531	99.784	142.7849
206.001556	99.741	142.7235
207.494324	99.698	142.6536
208.997925	99.654	142.5747
210.512405	99.610	142.5229
212.037857	99.566	142.4489
213.574371	99.522	142.3958
215.122025	99.479	142.3742
216.680893	99.434	142.3095
218.251053	99.390	142.2703
219.832581	99.345	142.2212
221.425583	99.301	142.1682
223.030121	99.256	142.1066
224.646286	99.212	142.0625
226.274170	99.166	142.0197
227.913849	99.121	141.9932
229.565399	99.074	141.9594
231.228928	99.028	141.9297
232.904510	98.981	141.8817
234.592224	98.935	141.8749
236.292191	98.888	141.8573
238.004456	98.842	141.8359
239.729126	98.795	141.8374
241.466309	98.748	141.8315
243.216080	98.701	141.8332
244.978516	98.654	141.8281
246.753738	98.605	141.8327
248.541809	98.557	141.8528
250.342850	98.509	141.8750
252.156937	98.461	141.8914
253.984161	98.412	141.9106
255.824646	98.364	141.9726
257.678467	98.317	141.9847
259.545685	98.271	142.0229
261.426483	98.226	142.0596
263.320862	98.183	142.0799
265.229004	98.139	142.1190
267.150970	98.097	142.1553
269.086853	98.054	142.1752
271.036774	98.012	142.2194
273.000824	97.971	142.2313
274.979095	97.930	142.2596
276.971710	97.890	142.2283
278.978760	97.850	142.2189
281.000336	97.809	142.2277
283.036591	97.767	142.1929
285.087585	97.723	142.1668
287.153442	97.677	142.1329
289.234283	97.630	142.1186
291.330200	97.582	142.1000
293.441284	97.534	142.0856
295.567688	97.485	142.0757
297.709503	97.436	142.0786
299.866821	97.386	142.0484
302.039795	97.336	142.0941
304.228485	97.285	142.1052
306.433044	97.235	142.1258
308.653595	97.184	142.1701
310.890228	97.133	142.1801
313.143066	97.082	142.2018
315.412231	97.032	142.2438
317.697845	96.986	142.2870
320.000000	96.941	142.2924
322.318848	96.898	142.3457
324.654510	96.855	142.3618
327.007080	96.812	142.4072
329.376709	96.769	142.4725
331.763519	96.726	142.5129
334.167603	96.682	142.5776
336.589142	96.638	142.6172
339.028198	96.595	142.6760
341.484924	96.552	142.7339
343.959473	96.508	142.8274
346.451935	96.463	142.8823
348.962463	96.420	142.9669
351.491211	96.377	143.0142
354.038239	96.335	143.0946
356.603760	96.294	143.1729
359.187866	96.252	143.2511
361.790680	96.210	143.2977
364.412354	96.167	143.3835
367.053040	96.124	143.4757
369.712860	96.080	143.5525
372.391968	96.036	143.6301
375.090454	95.993	143.7842
377.808533	95.952	143.8522
380.546265	95.911	143.9466
383.303864	95.869	144.0398
386.081451	95.826	144.1632
388.879150	95.782	144.2769
391.697144	95.738	144.3859
394.535522	95.694	144.4929
397.394501	95.650	144.5906
400.274170	95.606	144.7142
403.174744	95.565	144.8176
406.096313	95.524	144.9093
409.039062	95.483	145.0476
412.003113	95.440	145.1793
414.988647	95.396	145.3253
417.995850	95.353	145.4492
421.024811	95.312	145.5775
424.075714	95.273	145.6721
427.148743	95.233	145.8150
430.244049	95.192	145.9499
433.361786	95.150	146.1335
436.502106	95.107	146.2604
439.665161	95.065	146.4388
442.851166	95.024	146.6144
446.060242	94.982	146.7784
449.292572	94.941	146.9229
452.548340	94.902	147.0695
455.827698	94.863	147.2004
459.130798	94.824	147.3316
462.457855	94.785	147.5161
465.809021	94.746	147.6834
469.184448	94.706	147.8686
472.584381	94.667	148.0404
476.008911	94.627	148.1935
479.458252	94.588	148.4154
482.932617	94.548	148.5794
486.432159	94.508	148.7971
489.957031	94.468	148.9575
493.507477	94.427	149.1997
497.083618	94.388	149.3527
500.685699	94.350	149.5178
504.313873	94.314	149.7552
507.968323	94.279	149.9126
511.649292	94.243	150.1425
515.356934	94.207	150.3818
519.091370	94.171	150.5324
522.852966	94.137	150.7687
526.641724	94.103	151.0072
530.458008	94.069	151.2329
534.301941	94.035	151.4186
538.173706	94.001	151.6641
542.073547	93.967	151.8700
546.001648	93.933	152.1180
549.958191	93.899	152.3404
553.943420	93.866	152.6285
557.957520	93.834	152.8509
562.000671	93.803	153.0713
566.073181	93.772	153.3230
570.175171	93.741	153.5742
574.306885	93.710	153.7892
578.468567	93.679	154.0103
582.660400	93.648	154.2894
586.882568	93.618	154.5545
591.135376	93.587	154.7816
595.419006	93.557	155.0423
599.733643	93.527	155.3519
604.079590	93.497	155.6791
608.456970	93.466	156.0121
612.866089	93.435	156.3029
617.307190	93.403	156.5089
621.780457	93.374	156.7822
626.286133	93.347	157.0943
630.824463	93.324	157.3552
635.395691	93.301	157.6653
640.000000	93.279	157.9539
644.637695	93.258	158.2867
649.309021	93.237	158.6123
654.014160	93.217	158.8800
658.753418	93.198	159.2086
663.527039	93.179	159.5200
668.335205	93.160	159.8312
673.178284	93.143	160.2197
678.056396	93.125	160.5738
682.969849	93.107	160.8232
687.918945	93.090	161.1909
692.903870	93.074	161.5134
697.924927	93.058	161.8304
702.982422	93.042	162.2466
708.076477	93.029	162.6597
713.207520	93.018	162.9618
718.375732	93.008	163.3034
723.581360	92.997	163.6860
728.824707	92.985	163.9900
734.106079	92.971	164.3471
739.425720	92.959	164.7364
744.783936	92.949	165.1281
750.180908	92.941	165.5810
755.617065	92.932	165.9503
761.092529	92.923	166.4006
766.607727	92.914	166.7572
772.162903	92.907	167.1262
777.758301	92.902	167.5322
783.394287	92.897	167.8952
789.071045	92.892	168.3148
794.789001	92.888	168.7008
800.548340	92.883	169.0901
806.349487	92.878	169.5245
812.192627	92.871	170.0273
818.078125	92.862	170.3117
824.006226	92.852	170.9018
829.977295	92.843	171.2484
835.991699	92.837	171.6567
842.049622	92.833	172.1320
848.151428	92.832	172.6699
854.297485	92.836	173.1910
860.488098	92.846	173.6584
866.723572	92.858	174.1224
873.004211	92.867	174.4654
879.330322	92.870	174.7847
885.702332	92.869	175.1734
892.120483	92.866	175.6582
898.585144	92.866	176.1754
905.096680	92.873	176.5479
911.655396	92.886	177.2055
918.261597	92.903	177.7430
924.915710	92.923	178.2883
931.618042	92.944	178.7614
938.368896	92.968	179.2012
945.168762	92.992	179.6517
952.017822	93.016	-179.8003
958.916504	93.041	-179.4036
965.865234	93.066	-179.0129
972.864319	93.095	-178.5057
979.914062	93.125	-178.0440
987.014954	93.155	-177.5487
994.167236	93.183	-177.1200
1001.371399	93.207	-176.7503
1008.627747	93.224	-176.3027
1015.936646	93.239	-175.8273
1023.298584	93.253	-175.4282
1030.713867	93.270	-175.0399
1038.182739	93.287	-174.6174
1045.705933	93.305	-174.2085
1053.283447	93.323	-173.7971
1060.916016	93.343	-173.4385
1068.603882	93.363	-173.0649
1076.347412	93.383	-172.6856
1084.147095	93.404	-172.2914
1092.003296	93.426	-171.9028
1099.916382	93.449	-171.5406
1107.886841	93.473	-171.1781
1115.915039	93.498	-170.8175
1124.001343	93.523	-170.4333
1132.146362	93.551	-170.1056
1140.350342	93.579	-169.7956
1148.613770	93.607	-169.4922
1156.937134	93.634	-169.1244
1165.320801	93.661	-168.8164
1173.765137	93.688	-168.5126
1182.270752	93.715	-168.1950
1190.838013	93.740	-167.8225
1199.467285	93.766	-167.4612
1208.159180	93.792	-167.1322
1216.913940	93.820	-166.9048
1225.732178	93.849	-166.5139
1234.614380	93.880	-166.2366
1243.560913	93.913	-165.9174
1252.572266	93.952	-165.6014
1261.648926	93.998	-165.3001
1270.791382	94.049	-164.9380
1280.000000	94.101	-164.6235
1289.275391	94.155	-164.2029
1298.618042	94.209	-163.9199
1308.028320	94.264	-163.6745
1317.506836	94.322	-163.2731
1327.054077	94.381	-162.8919
1336.670410	94.443	-162.4795
1346.356567	94.507	-162.2026
1356.112793	94.572	-161.8174
1365.939697	94.640	-161.4630
1375.837891	94.711	-161.0614
1385.807739	94.785	-160.7210
1395.849854	94.862	-160.2968
1405.964844	94.943	-160.0036
1416.152954	95.027	-159.5969
1426.415039	95.118	-159.1762
1436.751465	95.215	-158.9613
1447.162720	95.313	-158.6231
1457.649414	95.414	-158.1989
1468.212158	95.519	-157.9217
1478.851440	95.627	-157.6593
1489.567871	95.738	-157.2961
1500.361816	95.852	-157.0797
1511.234131	95.970	-156.7817
1522.185059	96.092	-156.6761
1533.215454	96.218	-156.5492
1544.325806	96.347	-156.3401
1555.516602	96.479	-156.2303
1566.788574	96.611	-156.2831
1578.142090	96.744	-156.3976
1589.578003	96.877	-156.3542
1601.096680	97.010	-156.3203
1612.698975	97.142	-156.4897
1624.385254	97.274	-156.6718
1636.156250	97.404	-156.9546
1648.012451	97.531	-157.0335
1659.954590	97.657	-157.3369
1671.983398	97.779	-157.6214
1684.099243	97.899	-157.8790
1696.302856	98.015	-158.1630
1708.594971	98.128	-158.6096
1720.976196	98.238	-158.8374
1733.447144	98.344	-159.2372
1746.008423	98.448	-159.5640
1758.660645	98.550	-159.8944
1771.404663	98.651	-160.2650
1784.240967	98.751	-160.6776
1797.170288	98.849	-161.0788
1810.193359	98.946	-161.5279
1823.310791	99.041	-161.7916
1836.523193	99.135	-162.1434
1849.831421	99.226	-162.5578
1863.236084	99.317	-162.8507
1876.737793	99.408	-163.3288
1890.337524	99.497	-163.6935
1904.035645	99.587	-164.1449
1917.833008	99.676	-164.6374
1931.730469	99.765	-165.1375
1945.728638	99.854	-165.4261
1959.828125	99.943	-165.8936
1974.029907	100.031	-166.4455
1988.334473	100.120	-166.7212
2002.742798	100.208	-167.3546
2017.255493	100.296	-167.8604
2031.873291	100.385	-168.4055
2046.597168	100.473	-168.9144
2061.427734	100.560	-169.5188
2076.365479	100.646	-170.1161
2091.411865	100.731	-170.6909
2106.566895	100.814	-171.2601
2121.832031	100.896	-171.9126
2137.207764	100.976	-172.6186
2152.694824	101.055	-173.2498
2168.294189	101.130	-174.0011
2184.006592	101.204	-174.6662
2199.832764	101.274	-175.4115
2215.773682	101.341	-176.1741
2231.830078	101.406	-176.9634
2248.002686	101.467	-177.6693
2264.292725	101.525	-178.5916
2280.700684	101.579	-179.3779
2297.227539	101.628	179.7272
2313.874268	101.672	178.8558
2330.641602	101.713	178.0057
2347.530273	101.749	177.1902
2364.541504	101.779	176.3213
2381.676025	101.805	175.4734
2398.934570	101.825	174.5217
2416.318359	101.840	173.6375
2433.827881	101.849	172.7281
2451.464355	101.854	171.8244
2469.228760	101.853	170.7930
2487.121826	101.845	170.0716
2505.144531	101.834	169.0828
2523.297852	101.817	168.2681
2541.582764	101.795	167.4347
2560.000000	101.768	166.5485
2578.550781	101.736	165.8011
2597.236084	101.700	164.9711
2616.056641	101.658	164.2086
2635.013672	101.614	163.4312
2654.108154	101.567	162.7606
2673.340820	101.514	161.9657
2692.713135	101.457	161.3436
2712.225586	101.398	160.6798
2731.879395	101.338	160.1168
2751.675781	101.276	159.4880
2771.615479	101.211	159.0190
2791.699707	101.142	158.3955
2811.929688	101.073	157.9055
2832.305908	101.004	157.4261
2852.830078	100.935	157.0585
2873.502930	100.864	156.7068
2894.325439	100.792	156.1694
2915.298828	100.718	155.8520
2936.424316	100.644	155.5300
2957.702881	100.570	155.2535
2979.135742	100.499	154.9917
3000.723633	100.429	154.8428
3022.468262	100.359	154.8468
3044.370117	100.289	154.5158
3066.430908	100.221	154.2981
3088.651611	100.156	154.1764
3111.033203	100.093	154.0701
3133.577148	100.030	154.0958
3156.284180	99.972	153.9777
3179.156006	99.920	153.9266
3202.193359	99.872	154.0251
3225.397949	99.827	154.0569
3248.770508	99.783	154.1113
3272.312500	99.743	154.1853
3296.024902	99.707	154.2438
3319.909180	99.674	154.4576
3343.966797	99.645	154.4989
3368.198486	99.618	154.7061
3392.605713	99.595	154.7601
3417.189941	99.575	154.9714
3441.952393	99.560	155.1758
3466.894287	99.548	155.2855
3492.016846	99.539	155.6016
3517.321289	99.535	155.8173
3542.809326	99.535	156.0544
3568.481934	99.539	156.4290
3594.340576	99.548	156.6437
3620.386719	99.562	156.7119
3646.621582	99.580	157.1039
3673.046387	99.601	157.4135
3699.662842	99.627	157.7067
3726.472168	99.659	157.9449
3753.475586	99.698	158.1952
3780.675049	99.744	158.4653
3808.071289	99.794	158.7401
3835.666016	99.849	158.9689
3863.460938	99.909	159.1912
3891.457275	99.974	159.6638
3919.656250	100.045	159.8288
3948.059814	100.122	160.0315
3976.668945	100.203	160.3179
4005.485596	100.285	160.4891
4034.510986	100.366	160.6380
4063.746582	100.450	160.7202
4093.194336	100.540	160.8804
4122.855469	100.636	161.1052
4152.730957	100.737	161.1143
4182.823730	100.845	161.1284
4213.133789	100.959	161.1114
4243.664062	101.081	161.0823
4274.415527	101.211	160.9771
4305.389648	101.347	160.9327
4336.588379	101.489	160.7312
4368.013184	101.638	160.5242
4399.665527	101.795	160.1821
4431.547363	101.958	159.7312
4463.660156	102.130	159.2974
4496.005371	102.308	158.7029
4528.585449	102.494	158.1446
4561.401367	102.685	157.2581
4594.455078	102.880	156.2497
4627.748535	103.075	155.0588
4661.283203	103.267	153.8806
4695.060547	103.449	152.2950
4729.083008	103.618	150.5162
4763.352051	103.769	148.7576
4797.869141	103.897	146.6872
4832.636719	104.000	144.5773
4867.655762	104.074	142.2223
4902.928711	104.117	139.8474
4938.457520	104.126	137.3185
4974.243652	104.101	134.9536
5010.289062	104.043	132.5781
5046.595703	103.952	130.0939
5083.165527	103.827	127.7908
5120.000000	103.672	125.3261
5157.101562	103.488	123.1172
5194.472168	103.278	121.2010
5232.113281	103.046	119.2517
5270.027344	102.796	117.4877
5308.216309	102.529	116.0387
5346.681641	102.249	114.6542
5385.426270	101.962	113.5703
5424.451172	101.668	112.3716
5463.758789	101.369	111.7099
5503.351562	101.070	111.0865
5543.230957	100.779	110.5722
5583.399414	100.512	110.5435
5623.859375	100.279	110.4620
5664.611816	100.066	110.2523
5705.660156	99.842	109.6395
5747.005859	99.589	109.2737
5788.650879	99.312	108.9808
5830.597656	99.027	109.0354
5872.848633	98.750	109.2377
5915.405762	98.490	109.5613
5958.271484	98.237	109.9203
6001.447266	97.977	110.5058
6044.936523	97.714	110.8672
6088.740234	97.457	111.6195
6132.861816	97.215	112.7188
6177.303223	96.997	114.0646
6222.066406	96.816	115.5602
6267.154297	96.681	117.0331
6312.568359	96.588	118.5368
6358.312012	96.521	119.8882
6404.386719	96.458	120.9328
6450.795898	96.391	121.8817
6497.541016	96.319	123.0965
6544.625000	96.252	124.1846
6592.049805	96.196	125.4299
6639.818359	96.156	126.6939
6687.933594	96.135	128.0707
6736.396973	96.138	129.5657
6785.211426	96.164	131.0283
6834.379883	96.215	132.5341
6883.904785	96.292	133.8810
6933.788574	96.395	135.2676
6984.033691	96.525	136.8420
7034.642578	96.683	138.0825
7085.618652	96.872	139.2777
7136.963867	97.091	140.6982
7188.681152	97.340	141.7451
7240.773438	97.620	142.7150
7293.243164	97.936	143.6961
7346.092773	98.290	144.5908
7399.325684	98.688	145.0450
7452.944336	99.134	145.5740
7506.951172	99.630	145.6425
7561.350098	100.177	145.2090
7616.142578	100.775	144.5298
7671.332031	101.418	143.1031
7726.921875	102.095	140.9279
7782.914551	102.788	137.7483
7839.312500	103.460	133.3856
7896.119629	104.056	127.8018
7953.337891	104.510	120.7910
8010.971191	104.753	112.5635
8069.021973	104.735	103.8060
8127.493164	104.436	95.2630
8186.388672	103.880	87.5293
8245.710938	103.122	80.8169
8305.461914	102.233	75.6024
8365.647461	101.279	71.7874
8426.267578	100.313	69.1579
8487.328125	99.369	67.4059
8548.831055	98.468	66.4382
8610.779297	97.618	66.3907
8673.176758	96.820	66.6040
8736.026367	96.075	67.1700
8799.331055	95.381	68.0430
8863.094727	94.738	69.3513
8927.320312	94.142	70.6020
8992.010742	93.588	72.1210
9057.170898	93.071	73.8841
9122.802734	92.588	75.7681
9188.910156	92.137	77.6783
9255.497070	91.720	79.7828
9322.566406	91.336	81.9318
9390.121094	90.981	84.0768
9458.166016	90.654	86.3680
9526.704102	90.355	88.7341
9595.738281	90.084	91.1925
9665.273438	89.839	93.4440
9735.311523	89.619	96.0109
9805.857422	89.424	98.5474
9876.915039	89.255	101.2471
9948.487305	89.114	103.7930
10020.578125	89.002	106.3985
10093.191406	88.919	109.1608
10166.331055	88.864	111.9070
10240.000000	88.840	114.6513
10314.203125	88.848	117.4556
10388.944336	88.893	120.1983
10464.226562	88.973	122.9786
10540.054688	89.087	125.7066
10616.432617	89.234	128.4160
10693.363281	89.415	131.0373
10770.852539	89.632	133.5922
10848.902344	89.891	136.1120
10927.517578	90.198	138.7562
11006.703125	90.557	141.1743
11086.461914	90.974	143.4182
11166.798828	91.456	145.6909
11247.718750	92.009	147.7218
11329.223633	92.640	149.3837
11411.320312	93.358	150.8047
11494.011719	94.177	151.6423
11577.301758	95.110	151.9541
11661.195312	96.161	151.1938
11745.697266	97.310	148.9792
11830.811523	98.493	144.7892
11916.542969	99.589	137.8804
12002.894531	100.426	128.0912
12089.873047	100.835	116.1462
12177.480469	100.716	103.4367
12265.723633	100.085	92.0255
12354.606445	99.069	83.0657
12444.132812	97.840	77.0877
12534.308594	96.556	73.5219
12625.136719	95.323	72.0223
12716.624023	94.197	71.9088
12808.773438	93.195	72.6705
12901.591797	92.317	74.0320
12995.082031	91.553	75.9317
13089.250000	90.894	78.1327
13184.099609	90.330	80.7116
13279.636719	89.854	83.4621
13375.867188	89.461	86.3512
13472.793945	89.147	89.1891
13570.422852	88.909	92.0638
13668.759766	88.746	94.9114
13767.809570	88.657	97.6453
13867.577148	88.637	99.9486
13968.067383	88.654	101.8057
14069.285156	88.640	102.7602
14171.237305	88.515	103.5046
14273.927734	88.258	104.8848
14377.362305	87.987	108.3914
14481.546875	87.913	113.9372
14586.486328	88.162	119.8915
14692.185547	88.702	125.0286
14798.651367	89.451	129.1453
14905.888672	90.365	132.2219
15013.902344	91.440	134.3368
15122.700195	92.684	135.3616
15232.285156	94.098	134.7779
15342.664062	95.630	131.8622
15453.843750	97.150	125.8580
15565.829102	98.438	115.7272
15678.625000	99.243	102.1802
15792.239258	99.386	86.6758
15906.675781	98.858	72.3478
16021.942383	97.843	61.4273
16138.043945	96.625	54.1902
16254.986328	95.456	50.3085
16372.777344	94.491	48.3152
16491.421875	93.791	47.4243
16610.923828	93.362	46.6421
16731.294922	93.169	45.2523
16852.535156	93.149	42.7311
16974.656250	93.199	38.3631
17097.662109	93.168	31.6347
17221.558594	92.867	22.5719
17346.353516	92.127	12.4738
17472.052734	90.883	3.3397
17598.662109	89.210	-2.9426
17726.189453	87.278	-6.0534
17854.640625	85.268	-5.8868
17984.021484	83.299	-3.1938
18114.341797	81.420	1.5115
18245.605469	79.683	8.9354
18377.820312	78.226	19.5372
18510.994141	77.292	33.0481
18645.132812	77.129	47.6609
18780.242188	77.770	60.7013
18916.332031	78.965	69.8286
19053.408203	80.365	74.3781
19191.476562	81.684	74.7113
19330.546875	82.740	71.4684
19470.623047	83.454	66.6686
19611.714844	83.854	61.3701
19753.830078	84.043	56.7047
19896.974609	84.131	52.4672
