20.000000	94.712	6.8290
20.299999	94.721	6.7132
20.600000	94.724	6.6074
20.900000	94.722	6.5359
21.200001	94.718	6.4893
21.400000	94.717	6.4755
21.799999	94.720	6.4854
22.000000	94.725	6.4933
22.400000	94.739	6.4558
22.700001	94.749	6.4091
23.000000	94.756	6.3523
23.299999	94.761	6.2765
23.600000	94.763	6.2081
24.000000	94.764	6.1344
24.299999	94.763	6.0696
24.700001	94.760	6.0075
25.000000	94.758	5.9869
25.400000	94.758	5.9595
25.799999	94.764	5.9542
26.200001	94.777	5.9238
26.500000	94.789	5.8632
26.900000	94.801	5.7387
27.200001	94.803	5.6140
27.600000	94.797	5.4617
28.000000	94.783	5.3819
28.500000	94.770	5.3697
29.000000	94.771	5.4092
29.500000	94.783	5.4003
30.000000	94.794	5.3511
30.400000	94.800	5.2931
30.700001	94.802	5.2589
31.100000	94.807	5.2191
31.500000	94.813	5.1635
32.000000	94.819	5.0833
32.500000	94.820	4.9896
33.000000	94.819	4.9438
33.500000	94.821	4.9258
34.000000	94.830	4.8879
34.500000	94.838	4.7733
35.000000	94.835	4.6370
35.500000	94.822	4.5366
36.000000	94.808	4.5078
36.500000	94.798	4.5214
37.000000	94.792	4.5545
37.500000	94.789	4.5864
38.200001	94.790	4.6336
38.700001	94.794	4.6343
39.500000	94.792	4.6032
40.000000	94.782	4.6441
40.599998	94.779	4.8087
41.200001	94.802	5.0560
41.799999	94.853	5.2193
42.500000	94.924	5.1642
43.099998	94.968	4.9576
43.700001	94.992	4.7146
44.400002	95.000	4.4805
45.000000	95.000	4.3355
45.500000	94.998	4.2443
46.200001	94.994	4.1561
46.799999	94.992	4.0914
47.500000	94.990	3.9859
48.200001	94.986	3.8601
48.700001	94.981	3.7764
49.400002	94.978	3.6791
50.000000	94.978	3.5984
50.799999	94.977	3.4744
51.500000	94.970	3.3604
52.200001	94.960	3.3028
53.000000	94.953	3.3086
53.799999	94.947	3.2876
54.500000	94.930	3.2798
55.200001	94.906	3.3431
56.000000	94.889	3.4206
57.000000	94.872	3.3258
58.000000	94.842	3.0785
59.000000	94.800	2.7250
60.000000	94.748	2.6206
60.799999	94.773	2.7684
61.500000	94.838	2.6536
62.200001	94.881	2.4092
63.000000	94.930	2.3882
64.000000	95.066	2.0456
65.000000	95.051	1.0313
66.000000	94.879	1.2518
67.000000	94.848	2.2397
68.000000	94.871	2.5423
69.000000	94.855	2.5825
70.000000	94.840	2.5657
71.000000	94.832	2.4723
72.000000	94.836	2.3551
73.000000	94.848	2.2177
74.000000	94.859	2.1244
75.000000	94.867	2.0905
76.199997	94.872	2.1000
77.500000	94.869	2.1410
78.800003	94.864	2.1200
80.000000	94.858	2.0473
81.199997	94.853	1.9386
82.500000	94.849	1.8133
83.800003	94.845	1.7585
85.000000	94.841	1.7300
86.199997	94.834	1.7099
87.500000	94.821	1.7020
88.500000	94.811	1.6994
90.000000	94.806	1.6805
91.199997	94.808	1.6498
92.500000	94.810	1.5948
93.800003	94.811	1.5444
95.000000	94.809	1.4969
96.199997	94.804	1.4427
97.500000	94.796	1.4053
98.800003	94.789	1.3573
100.000000	94.784	1.3216
101.500000	94.778	1.2644
103.000000	94.771	1.2100
104.400002	94.763	1.1622
106.000000	94.754	1.1192
107.500000	94.743	1.0588
109.000000	94.731	1.0318
110.599998	94.718	0.9967
112.000000	94.707	0.9696
113.800003	94.693	0.9060
115.000000	94.684	0.8703
117.199997	94.669	0.8296
118.000000	94.663	0.8102
120.599998	94.647	0.7674
122.000000	94.636	0.7438
124.099998	94.622	0.7186
125.000000	94.619	0.6956
126.500000	94.616	0.6824
128.000000	94.617	0.7002
131.500000	94.633	0.6680
132.000000	94.634	0.6536
134.000000	94.637	0.6009
136.000000	94.637	0.5600
138.000000	94.638	0.5216
140.000000	94.637	0.4849
143.000000	94.637	0.4659
145.000000	94.634	0.4573
147.500000	94.630	0.4634
150.000000	94.626	0.4613
152.500000	94.619	0.4480
155.000000	94.610	0.4793
157.500000	94.602	0.5514
160.000000	94.592	0.6354
162.500000	94.577	0.7302
165.000000	94.557	0.8277
167.500000	94.532	0.9326
170.000000	94.502	1.0813
172.500000	94.474	1.3086
175.000000	94.454	1.6409
177.500000	94.452	2.0620
180.000000	94.473	2.4650
182.500000	94.511	2.7706
185.000000	94.552	2.9743
187.500000	94.592	3.1700
190.000000	94.645	3.4501
192.500000	94.731	3.6722
195.000000	94.843	3.6493
197.500000	94.949	3.2141
200.000000	95.015	2.5008
203.000000	95.029	1.6174
206.000000	94.994	0.9416
209.000000	94.940	0.5525
212.000000	94.888	0.3628
214.000000	94.856	0.3037
218.000000	94.808	0.3608
220.000000	94.799	0.4403
224.000000	94.813	0.5435
227.000000	94.831	0.4459
230.000000	94.833	0.2363
233.000000	94.814	0.0698
236.000000	94.789	0.0305
240.000000	94.765	0.1586
243.000000	94.765	0.3046
247.000000	94.790	0.4380
250.000000	94.820	0.4462
254.000000	94.854	0.2859
258.000000	94.870	0.0105
262.000000	94.869	-0.3074
265.000000	94.860	-0.5187
269.000000	94.839	-0.7851
272.000000	94.820	-0.9420
276.000000	94.792	-1.1392
280.000000	94.762	-1.2944
285.000000	94.724	-1.4530
290.000000	94.688	-1.5819
295.000000	94.654	-1.6922
300.000000	94.620	-1.7609
304.000000	94.594	-1.8392
307.000000	94.576	-1.8852
311.000000	94.553	-1.9444
315.000000	94.533	-1.9875
320.000000	94.515	-2.0314
325.000000	94.501	-2.0841
330.000000	94.489	-2.1276
335.000000	94.477	-2.1673
340.000000	94.465	-2.2007
345.000000	94.454	-2.2338
350.000000	94.441	-2.2630
355.000000	94.430	-2.2936
360.000000	94.418	-2.3237
365.000000	94.406	-2.3576
370.000000	94.394	-2.3690
375.000000	94.383	-2.3803
382.000000	94.368	-2.4178
387.000000	94.356	-2.4308
395.000000	94.338	-2.4389
400.000000	94.326	-2.4395
406.000000	94.313	-2.4562
412.000000	94.298	-2.4470
418.000000	94.284	-2.4451
425.000000	94.268	-2.4481
431.000000	94.254	-2.4248
437.000000	94.239	-2.4238
444.000000	94.221	-2.4042
450.000000	94.207	-2.4026
455.000000	94.195	-2.3829
462.000000	94.178	-2.3586
468.000000	94.164	-2.3293
475.000000	94.147	-2.2891
482.000000	94.130	-2.2721
487.000000	94.117	-2.2340
494.000000	94.101	-2.1967
500.000000	94.088	-2.1595
508.000000	94.074	-2.0977
515.000000	94.061	-2.0494
522.000000	94.048	-2.0055
530.000000	94.034	-1.9212
538.000000	94.019	-1.8625
545.000000	94.008	-1.8032
552.000000	93.996	-1.7066
560.000000	93.982	-1.6366
570.000000	93.965	-1.5304
580.000000	93.948	-1.4038
590.000000	93.931	-1.2650
600.000000	93.914	-1.1335
608.000000	93.901	-1.0046
615.000000	93.889	-0.9091
622.000000	93.879	-0.7998
630.000000	93.869	-0.6836
640.000000	93.861	-0.5147
650.000000	93.856	-0.3350
660.000000	93.852	-0.1532
670.000000	93.849	0.0304
680.000000	93.846	0.2304
690.000000	93.845	0.4307
700.000000	93.843	0.6376
710.000000	93.842	0.8656
720.000000	93.841	1.0905
730.000000	93.841	1.3343
740.000000	93.842	1.5783
750.000000	93.844	1.8131
762.000000	93.847	2.1312
775.000000	93.852	2.4752
788.000000	93.858	2.8276
800.000000	93.863	3.1534
812.000000	93.863	3.4819
825.000000	93.861	3.8700
838.000000	93.861	4.2526
850.000000	93.863	4.6059
862.000000	93.868	4.9717
875.000000	93.876	5.3618
885.000000	93.885	5.6576
900.000000	93.902	6.1235
912.000000	93.918	6.4825
925.000000	93.939	6.8574
938.000000	93.963	7.2414
950.000000	93.987	7.5946
962.000000	94.014	7.9218
975.000000	94.044	8.2756
988.000000	94.074	8.6063
1000.000000	94.094	8.9118
1015.000000	94.106	9.2704
1030.000000	94.109	9.5960
1044.000000	94.112	9.8875
1060.000000	94.117	10.1784
1075.000000	94.124	10.4270
1090.000000	94.131	10.6698
1106.000000	94.139	10.8939
1120.000000	94.145	11.0648
1138.000000	94.153	11.2676
1150.000000	94.158	11.3950
1172.000000	94.165	11.5849
1180.000000	94.168	11.6284
1206.000000	94.173	11.8243
1220.000000	94.173	11.9059
1241.000000	94.177	12.0159
1250.000000	94.183	12.0751
1265.000000	94.200	12.1662
1280.000000	94.224	12.2503
1315.000000	94.280	12.4539
1320.000000	94.287	12.4894
1340.000000	94.317	12.6191
1360.000000	94.345	12.7560
1380.000000	94.372	12.9174
1400.000000	94.398	13.0797
1430.000000	94.438	13.3593
1450.000000	94.464	13.5511
1475.000000	94.498	13.8051
1500.000000	94.534	14.0860
1525.000000	94.572	14.3916
1550.000000	94.612	14.7044
1575.000000	94.655	15.0293
1600.000000	94.705	15.3890
1625.000000	94.762	15.7571
1650.000000	94.825	16.1134
1675.000000	94.892	16.5063
1700.000000	94.965	16.8901
1725.000000	95.044	17.3062
1750.000000	95.131	17.7071
1775.000000	95.225	18.0960
1800.000000	95.324	18.4489
1825.000000	95.426	18.7835
1850.000000	95.531	19.0917
1875.000000	95.638	19.3875
1900.000000	95.750	19.6903
1925.000000	95.865	19.9669
1950.000000	95.986	20.2439
1975.000000	96.112	20.5026
2000.000000	96.244	20.7329
2030.000000	96.413	21.0111
2060.000000	96.590	21.2491
2090.000000	96.775	21.4290
2120.000000	96.968	21.5494
2140.000000	97.101	21.6348
2180.000000	97.378	21.6753
2200.000000	97.522	21.6682
2240.000000	97.819	21.5665
2270.000000	98.051	21.4213
2300.000000	98.291	21.1985
2330.000000	98.543	20.9334
2360.000000	98.810	20.6012
2400.000000	99.202	19.9617
2430.000000	99.520	19.1945
2470.000000	99.944	17.6943
2500.000000	100.242	16.2997
2540.000000	100.612	14.1684
2580.000000	100.959	11.7808
2620.000000	101.289	9.1205
2650.000000	101.526	6.9522
2690.000000	101.826	3.7040
2720.000000	102.030	0.9516
2760.000000	102.244	-3.2057
2800.000000	102.361	-7.7171
2850.000000	102.350	-13.6330
2900.000000	102.165	-19.4686
2950.000000	101.824	-24.9352
3000.000000	101.349	-29.7757
3040.000000	100.892	-33.3327
3070.000000	100.513	-35.5776
3110.000000	99.972	-38.1554
3150.000000	99.405	-40.1977
3200.000000	98.680	-41.9951
3250.000000	97.952	-42.9846
3300.000000	97.237	-43.1340
3350.000000	96.562	-42.4980
3400.000000	95.952	-41.1923
3450.000000	95.425	-39.2929
3500.000000	94.991	-36.9767
3550.000000	94.664	-34.3663
3600.000000	94.463	-31.6175
3650.000000	94.386	-29.1059
3700.000000	94.407	-27.1181
3750.000000	94.478	-25.7797
3820.000000	94.567	-24.9584
3870.000000	94.587	-24.8262
3950.000000	94.537	-24.9264
4000.000000	94.456	-25.0690
4060.000000	94.305	-25.2640
4120.000000	94.102	-25.3726
4180.000000	93.862	-25.3573
4250.000000	93.554	-25.0253
4310.000000	93.283	-24.4159
4370.000000	93.018	-23.6009
4440.000000	92.730	-22.3840
4500.000000	92.506	-21.1697
4550.000000	92.336	-20.0624
4620.000000	92.123	-18.4455
4680.000000	91.963	-17.0185
4750.000000	91.795	-15.2863
4820.000000	91.646	-13.5389
4870.000000	91.553	-12.2220
4940.000000	91.443	-10.3466
5000.000000	91.370	-8.7130
5080.000000	91.304	-6.5162
5150.000000	91.276	-4.5341
5220.000000	91.272	-2.5843
5300.000000	91.296	-0.3545
5380.000000	91.350	1.8824
5450.000000	91.423	3.7882
5520.000000	91.520	5.6624
5600.000000	91.659	7.7561
5700.000000	91.877	10.2454
5800.000000	92.142	12.5736
5900.000000	92.450	14.6679
6000.000000	92.803	16.2079
6080.000000	93.114	17.9379
6150.000000	93.404	18.9441
6220.000000	93.709	19.8126
6300.000000	94.070	20.6416
6400.000000	94.538	21.3690
6500.000000	95.031	21.7884
6600.000000	95.553	21.7827
6700.000000	96.103	21.3461
6800.000000	96.676	20.4022
6900.000000	97.263	18.8808
7000.000000	97.845	16.6691
7100.000000	98.398	13.8118
7200.000000	98.903	10.3281
7300.000000	99.347	6.3161
7400.000000	99.728	1.8661
7500.000000	100.034	-3.0371
7620.000000	100.282	-9.3340
7750.000000	100.413	-16.3868
7880.000000	100.427	-23.5875
8000.000000	100.361	-30.3764
8120.000000	100.218	-37.5130
8250.000000	99.942	-45.7591
8380.000000	99.474	-54.4964
8500.000000	98.815	-62.7171
8620.000000	97.910	-70.5876
8750.000000	96.668	-78.1236
8850.000000	95.564	-82.8559
9000.000000	93.761	-87.9052
9120.000000	92.289	-90.1665
9250.000000	90.740	-91.2749
9380.000000	89.246	-91.2921
9500.000000	87.925	-90.3798
9620.000000	86.672	-88.7603
9750.000000	85.396	-86.3410
9880.000000	84.207	-83.3960
10000.000000	83.185	-80.2767
10150.000000	82.005	-75.9774
10300.000000	80.923	-71.3543
10440.000000	79.993	-66.7893
10600.000000	79.016	-61.3065
10750.000000	78.179	-55.9826
10900.000000	77.411	-50.4606
11060.000000	76.666	-44.4254
11200.000000	76.076	-39.0880
11380.000000	75.395	-32.0462
11500.000000	74.989	-27.2560
11720.000000	74.337	-18.4511
11800.000000	74.130	-15.2683
12060.000000	73.561	-4.7528
12200.000000	73.320	1.0019
12410.000000	73.048	9.5676
12500.000000	72.964	13.2514
12650.000000	72.862	19.4306
12800.000000	72.812	25.5818
13150.000000	72.914	39.7847
13200.000000	72.954	41.7985
13400.000000	73.184	49.8505
13600.000000	73.529	57.7716
13800.000000	73.999	65.6244
14000.000000	74.605	73.1811
14300.000000	75.801	84.0863
14500.000000	76.846	90.9743
14750.000000	78.544	98.7121
15000.000000	80.813	104.3007
15250.000000	83.735	105.1203
15500.000000	86.889	96.8124
15750.000000	89.049	77.5940
16000.000000	89.094	54.1256
16250.000000	87.387	37.3709
16500.000000	85.289	30.9993
16750.000000	83.748	31.7545
17000.000000	82.980	35.4474
17250.000000	82.892	39.3158
17500.000000	83.337	41.3673
17750.000000	84.091	39.9772
18000.000000	84.799	34.2251
18250.000000	85.007	24.4519
18500.000000	84.347	13.3419
18750.000000	82.847	4.8902
19000.000000	80.901	1.4518
19250.000000	78.959	3.0165
19500.000000	77.335	8.2045
19750.000000	76.191	15.1896
20000.000000	75.625	21.1166
