20.000000	97.715	75.7763
20.299999	97.811	74.3304
20.600000	97.903	72.8564
20.900000	97.986	71.3776
21.200001	98.060	69.9247
21.400000	98.106	68.9808
21.799999	98.196	67.1537
22.000000	98.241	66.2617
22.400000	98.332	64.4919
22.700001	98.396	63.1638
23.000000	98.456	61.8383
23.299999	98.508	60.5302
23.600000	98.555	59.2555
24.000000	98.611	57.6192
24.299999	98.653	56.4311
24.700001	98.708	54.8702
25.000000	98.747	53.7013
25.400000	98.792	52.1437
25.799999	98.825	50.6134
26.200001	98.848	49.1461
26.500000	98.863	48.0973
26.900000	98.884	46.7544
27.200001	98.903	45.7668
27.600000	98.930	44.4438
28.000000	98.954	43.0991
28.500000	98.970	41.4182
29.000000	98.971	39.8102
29.500000	98.969	38.3127
30.000000	98.973	36.8845
30.400000	98.980	35.7437
30.700001	98.983	34.8786
31.100000	98.983	33.7255
31.500000	98.974	32.6039
32.000000	98.959	31.2811
32.500000	98.946	30.0350
33.000000	98.935	28.8199
33.500000	98.921	27.6182
34.000000	98.900	26.4589
34.500000	98.876	25.3737
35.000000	98.855	24.3529
35.500000	98.837	23.3579
36.000000	98.820	22.3666
36.500000	98.798	21.3895
37.000000	98.772	20.4474
37.500000	98.744	19.5480
38.200001	98.703	18.3528
38.700001	98.674	17.5405
39.500000	98.628	16.3029
40.000000	98.599	15.5607
40.599998	98.564	14.7090
41.200001	98.529	13.9154
41.799999	98.498	13.1783
42.500000	98.470	12.3647
43.099998	98.454	11.6848
43.700001	98.445	10.9962
44.400002	98.437	10.1556
45.000000	98.428	9.4099
45.500000	98.420	8.7803
46.200001	98.407	7.8683
46.799999	98.387	7.0456
47.500000	98.345	6.0956
48.200001	98.289	5.2437
48.700001	98.248	4.7023
49.400002	98.191	4.0063
50.000000	98.144	3.4489
50.799999	98.085	2.7181
51.500000	98.031	2.0491
52.200001	97.971	1.3859
53.000000	97.899	0.6917
53.799999	97.833	0.0298
54.500000	97.775	-0.5415
55.200001	97.716	-1.0848
56.000000	97.652	-1.6772
57.000000	97.573	-2.3921
58.000000	97.494	-3.0741
59.000000	97.415	-3.7281
60.000000	97.335	-4.3345
60.799999	97.272	-4.7937
61.500000	97.219	-5.1838
62.200001	97.166	-5.5642
63.000000	97.106	-5.9536
64.000000	97.050	-6.3778
65.000000	97.008	-6.9497
66.000000	96.935	-7.5800
67.000000	96.854	-8.0089
68.000000	96.791	-8.4248
69.000000	96.721	-8.8917
70.000000	96.646	-9.3037
71.000000	96.574	-9.6772
72.000000	96.505	-10.0190
73.000000	96.442	-10.3510
74.000000	96.381	-10.6945
75.000000	96.317	-11.0289
76.199997	96.241	-11.4008
77.500000	96.158	-11.7809
78.800003	96.075	-12.1282
80.000000	96.002	-12.4285
81.199997	95.929	-12.7358
82.500000	95.847	-13.0491
83.800003	95.764	-13.3245
85.000000	95.689	-13.5476
86.199997	95.614	-13.7747
87.500000	95.529	-14.0104
88.500000	95.465	-14.1910
90.000000	95.364	-14.4776
91.199997	95.288	-14.6088
92.500000	95.219	-14.7909
93.800003	95.147	-14.9783
95.000000	95.079	-15.1190
96.199997	95.009	-15.2292
97.500000	94.936	-15.3113
98.800003	94.868	-15.4081
100.000000	94.802	-15.5333
101.500000	94.715	-15.6659
103.000000	94.627	-15.7603
104.400002	94.552	-15.8065
106.000000	94.470	-15.9093
107.500000	94.392	-15.9852
109.000000	94.319	-16.0399
110.599998	94.240	-16.0704
112.000000	94.169	-16.0712
113.800003	94.074	-16.0787
115.000000	94.010	-16.1155
117.199997	93.901	-16.2896
118.000000	93.864	-16.4051
120.599998	93.716	-16.4905
122.000000	93.667	-16.2442
124.099998	93.607	-16.0519
125.000000	93.575	-16.0017
126.500000	93.518	-15.9395
128.000000	93.462	-15.8943
131.500000	93.340	-15.7855
132.000000	93.324	-15.7559
134.000000	93.259	-15.6239
136.000000	93.191	-15.5233
138.000000	93.117	-15.4124
140.000000	93.048	-15.2350
143.000000	92.947	-14.8809
145.000000	92.879	-14.5897
147.500000	92.804	-14.1349
150.000000	92.756	-13.6205
152.500000	92.735	-13.1372
155.000000	92.727	-12.8018
157.500000	92.718	-12.5930
160.000000	92.700	-12.4661
162.500000	92.663	-12.3663
165.000000	92.616	-12.2467
167.500000	92.566	-12.1254
170.000000	92.511	-11.9995
172.500000	92.454	-11.8509
175.000000	92.397	-11.6996
177.500000	92.341	-11.5285
180.000000	92.286	-11.3208
182.500000	92.230	-11.0661
185.000000	92.178	-10.7700
187.500000	92.134	-10.4563
190.000000	92.101	-10.1521
192.500000	92.076	-9.8800
195.000000	92.054	-9.6441
197.500000	92.032	-9.4374
200.000000	92.007	-9.2528
203.000000	91.977	-9.0129
206.000000	91.951	-8.7557
209.000000	91.925	-8.5211
212.000000	91.898	-8.2842
214.000000	91.879	-8.1099
218.000000	91.847	-7.7720
220.000000	91.833	-7.6111
224.000000	91.807	-7.2700
227.000000	91.788	-6.9871
230.000000	91.771	-6.6945
233.000000	91.757	-6.4302
236.000000	91.746	-6.1854
240.000000	91.732	-5.8252
243.000000	91.724	-5.5582
247.000000	91.715	-5.2434
250.000000	91.706	-5.0106
254.000000	91.690	-4.7070
258.000000	91.673	-4.4225
262.000000	91.658	-4.1290
265.000000	91.648	-3.9021
269.000000	91.634	-3.6019
272.000000	91.625	-3.3723
276.000000	91.615	-3.0779
280.000000	91.607	-2.7964
285.000000	91.598	-2.4940
290.000000	91.591	-2.1738
295.000000	91.585	-1.8278
300.000000	91.580	-1.5072
304.000000	91.579	-1.2770
307.000000	91.578	-1.1057
311.000000	91.578	-0.8736
315.000000	91.581	-0.6411
320.000000	91.594	-0.3563
325.000000	91.612	-0.0913
330.000000	91.632	0.1680
335.000000	91.656	0.4309
340.000000	91.679	0.6783
345.000000	91.701	0.9122
350.000000	91.724	1.1289
355.000000	91.745	1.3369
360.000000	91.767	1.5408
365.000000	91.793	1.7634
370.000000	91.819	1.9799
375.000000	91.847	2.1603
382.000000	91.884	2.3937
387.000000	91.910	2.5577
395.000000	91.956	2.7986
400.000000	91.985	2.9408
406.000000	92.020	3.1075
412.000000	92.055	3.2692
418.000000	92.089	3.3856
425.000000	92.129	3.5048
431.000000	92.164	3.6167
437.000000	92.199	3.7101
444.000000	92.238	3.7904
450.000000	92.273	3.8423
455.000000	92.300	3.8796
462.000000	92.339	3.9200
468.000000	92.373	3.9405
475.000000	92.411	3.9479
482.000000	92.445	3.9380
487.000000	92.467	3.9059
494.000000	92.498	3.8447
500.000000	92.525	3.7896
508.000000	92.558	3.7042
515.000000	92.584	3.6183
522.000000	92.609	3.5192
530.000000	92.636	3.3911
538.000000	92.659	3.2656
545.000000	92.674	3.1540
552.000000	92.684	3.0393
560.000000	92.693	2.9009
570.000000	92.698	2.7325
580.000000	92.697	2.5742
590.000000	92.689	2.4516
600.000000	92.678	2.3607
608.000000	92.666	2.2994
615.000000	92.652	2.2711
622.000000	92.636	2.2657
630.000000	92.618	2.2739
640.000000	92.596	2.3078
650.000000	92.575	2.3938
660.000000	92.553	2.5190
670.000000	92.529	2.6582
680.000000	92.504	2.8296
690.000000	92.477	3.0513
700.000000	92.450	3.3068
710.000000	92.423	3.5974
720.000000	92.397	3.9133
730.000000	92.370	4.2635
740.000000	92.346	4.6439
750.000000	92.324	5.0538
762.000000	92.298	5.5831
775.000000	92.275	6.1962
788.000000	92.257	6.8620
800.000000	92.241	7.5070
812.000000	92.224	8.1760
825.000000	92.207	8.9277
838.000000	92.197	9.7194
850.000000	92.195	10.4619
862.000000	92.196	11.2137
875.000000	92.203	12.0473
885.000000	92.215	12.6945
900.000000	92.240	13.6696
912.000000	92.267	14.4480
925.000000	92.304	15.2894
938.000000	92.350	16.1218
950.000000	92.398	16.8758
962.000000	92.449	17.6221
975.000000	92.512	18.4152
988.000000	92.577	19.1888
1000.000000	92.634	19.8816
1015.000000	92.692	20.7208
1030.000000	92.747	21.5425
1044.000000	92.804	22.2747
1060.000000	92.880	23.0851
1075.000000	92.961	23.8082
1090.000000	93.053	24.4716
1106.000000	93.161	25.0863
1120.000000	93.259	25.5189
1138.000000	93.384	25.9460
1150.000000	93.464	26.1591
1172.000000	93.599	26.4323
1180.000000	93.644	26.5126
1206.000000	93.778	26.7571
1220.000000	93.848	26.8834
1241.000000	93.957	27.0542
1250.000000	94.010	27.1147
1265.000000	94.105	27.1932
1280.000000	94.204	27.2402
1315.000000	94.431	27.2624
1320.000000	94.462	27.2604
1340.000000	94.583	27.2377
1360.000000	94.699	27.2049
1380.000000	94.809	27.1643
1400.000000	94.916	27.1183
1430.000000	95.068	27.0529
1450.000000	95.167	27.0154
1475.000000	95.289	26.9850
1500.000000	95.411	26.9606
1525.000000	95.535	26.9216
1550.000000	95.660	26.8623
1575.000000	95.783	26.7717
1600.000000	95.905	26.6582
1625.000000	96.031	26.5338
1650.000000	96.155	26.4035
1675.000000	96.278	26.2626
1700.000000	96.401	26.1141
1725.000000	96.523	25.9562
1750.000000	96.644	25.7817
1775.000000	96.764	25.5817
1800.000000	96.882	25.3799
1825.000000	97.002	25.1771
1850.000000	97.123	24.9693
1875.000000	97.242	24.7492
1900.000000	97.361	24.5104
1925.000000	97.483	24.2629
1950.000000	97.608	24.0041
1975.000000	97.739	23.7202
2000.000000	97.876	23.3929
2030.000000	98.048	22.8970
2060.000000	98.217	22.2568
2090.000000	98.376	21.4879
2120.000000	98.521	20.6490
2140.000000	98.610	20.0679
2180.000000	98.769	18.8552
2200.000000	98.842	18.2285
2240.000000	98.973	16.9403
2270.000000	99.061	15.9597
2300.000000	99.139	14.9666
2330.000000	99.207	13.9594
2360.000000	99.264	12.9341
2400.000000	99.322	11.5518
2430.000000	99.351	10.5226
2470.000000	99.372	9.1888
2500.000000	99.376	8.2387
2540.000000	99.371	7.0402
2580.000000	99.357	5.8769
2620.000000	99.342	4.7141
2650.000000	99.334	3.8214
2690.000000	99.323	2.5801
2720.000000	99.310	1.6067
2760.000000	99.280	0.2917
2800.000000	99.230	-1.0078
2850.000000	99.142	-2.5671
2900.000000	99.036	-4.0214
2950.000000	98.919	-5.3475
3000.000000	98.794	-6.5763
3040.000000	98.688	-7.5136
3070.000000	98.605	-8.1907
3110.000000	98.491	-9.0629
3150.000000	98.373	-9.8932
3200.000000	98.225	-10.8492
3250.000000	98.075	-11.6925
3300.000000	97.919	-12.4395
3350.000000	97.754	-13.1189
3400.000000	97.586	-13.7063
3450.000000	97.417	-14.1662
3500.000000	97.246	-14.5227
3550.000000	97.075	-14.7898
3600.000000	96.908	-14.9604
3650.000000	96.745	-15.0488
3700.000000	96.589	-15.0847
3750.000000	96.441	-15.0812
3820.000000	96.245	-15.0162
3870.000000	96.105	-14.9453
3950.000000	95.878	-14.7809
4000.000000	95.728	-14.6038
4060.000000	95.536	-14.3201
4120.000000	95.340	-13.9879
4180.000000	95.151	-13.5880
4250.000000	94.943	-13.0510
4310.000000	94.774	-12.5784
4370.000000	94.611	-12.1064
4440.000000	94.428	-11.5446
4500.000000	94.275	-11.0399
4550.000000	94.152	-10.6002
4620.000000	93.986	-9.9838
4680.000000	93.846	-9.4744
4750.000000	93.687	-8.8767
4820.000000	93.532	-8.2582
4870.000000	93.421	-7.8189
4940.000000	93.264	-7.2212
5000.000000	93.128	-6.7272
5080.000000	92.943	-6.0732
5150.000000	92.773	-5.4615
5220.000000	92.589	-4.7792
5300.000000	92.360	-3.8755
5380.000000	92.117	-2.7692
5450.000000	91.901	-1.5931
5520.000000	91.685	-0.2241
5600.000000	91.436	1.5839
5700.000000	91.115	4.2896
5800.000000	90.805	7.8062
5900.000000	90.564	12.4048
6000.000000	90.478	18.0439
6080.000000	90.578	23.0502
6150.000000	90.815	27.5653
6220.000000	91.197	31.9430
6300.000000	91.802	36.4535
6400.000000	92.794	40.9745
6500.000000	94.014	43.6712
6600.000000	95.395	43.8794
6700.000000	96.806	41.0501
6800.000000	98.048	34.9638
6900.000000	98.899	26.1360
7000.000000	99.201	15.9785
7100.000000	98.956	6.2899
7200.000000	98.309	-1.6486
7300.000000	97.445	-7.4677
7400.000000	96.504	-11.3363
7500.000000	95.567	-13.6096
7620.000000	94.501	-14.7374
7750.000000	93.442	-14.5292
7880.000000	92.483	-13.1936
8000.000000	91.687	-11.1138
8120.000000	90.979	-8.3105
8250.000000	90.314	-4.6046
8380.000000	89.765	-0.2529
8500.000000	89.377	4.3085
8620.000000	89.118	9.2943
8750.000000	89.007	15.0416
8850.000000	89.054	19.5932
9000.000000	89.362	26.2950
9120.000000	89.820	31.2309
9250.000000	90.529	35.8000
9380.000000	91.451	39.1876
9500.000000	92.467	40.8461
9620.000000	93.586	40.5611
9750.000000	94.819	37.6424
9880.000000	95.922	31.7769
10000.000000	96.642	24.0041
10150.000000	96.927	12.5498
10300.000000	96.497	1.6632
10440.000000	95.626	-6.2231
10600.000000	94.376	-11.9164
10750.000000	93.183	-14.5106
10900.000000	92.087	-15.1550
11060.000000	91.068	-14.3463
11200.000000	90.305	-12.8386
11380.000000	89.488	-10.1907
11500.000000	89.040	-8.1097
11720.000000	88.406	-3.7363
11800.000000	88.230	-2.0309
12060.000000	87.804	3.2751
12200.000000	87.639	5.9719
12410.000000	87.439	9.9111
12500.000000	87.367	11.5929
12650.000000	87.268	14.4482
12800.000000	87.209	17.4183
13150.000000	87.302	24.7621
13200.000000	87.349	25.8378
13400.000000	87.645	30.1024
13600.000000	88.132	34.0928
13800.000000	88.838	37.4513
14000.000000	89.774	39.5508
14300.000000	91.540	38.7182
14500.000000	92.755	33.9272
14750.000000	93.834	22.8116
15000.000000	93.986	9.1538
15250.000000	93.224	-2.5466
15500.000000	92.036	-9.7876
15750.000000	90.952	-13.1268
16000.000000	90.322	-14.4766
16250.000000	90.323	-15.8341
16500.000000	90.862	-19.7462
16750.000000	91.597	-28.8677
17000.000000	91.877	-44.0577
17250.000000	91.035	-62.3433
17500.000000	88.948	-78.3987
17750.000000	86.081	-88.7870
18000.000000	83.030	-93.3132
18250.000000	80.170	-93.6194
18500.000000	77.616	-91.4922
18750.000000	75.364	-87.7697
19000.000000	73.362	-82.8840
19250.000000	71.567	-77.2239
19500.000000	69.952	-71.2176
19750.000000	68.588	-65.2822
