20.000000	98.345	83.2655
20.299999	98.444	82.0706
20.600000	98.542	80.8401
20.900000	98.632	79.5921
21.200001	98.713	78.3586
21.400000	98.763	77.5583
21.799999	98.858	76.0261
22.000000	98.906	75.2911
22.400000	99.003	73.8593
22.700001	99.077	72.7995
23.000000	99.149	71.7426
23.299999	99.219	70.6906
23.600000	99.284	69.6516
24.000000	99.365	68.2995
24.299999	99.423	67.3137
24.700001	99.498	66.0318
25.000000	99.552	65.0880
25.400000	99.621	63.8454
25.799999	99.685	62.6204
26.200001	99.744	61.4195
26.500000	99.785	60.5399
26.900000	99.837	59.3988
27.200001	99.875	58.5645
27.600000	99.926	57.4706
28.000000	99.977	56.3829
28.500000	100.037	55.0186
29.000000	100.089	53.6620
29.500000	100.133	52.3451
30.000000	100.173	51.0838
30.400000	100.204	50.1050
30.700001	100.227	49.3808
31.100000	100.256	48.4255
31.500000	100.282	47.4872
32.000000	100.312	46.3484
32.500000	100.341	45.2408
33.000000	100.368	44.1443
33.500000	100.389	43.0580
34.000000	100.403	42.0092
34.500000	100.414	41.0175
35.000000	100.430	40.0614
35.500000	100.448	39.0934
36.000000	100.465	38.0910
36.500000	100.472	37.0784
37.000000	100.470	36.0986
37.500000	100.465	35.1731
38.200001	100.459	33.9410
38.700001	100.455	33.0787
39.500000	100.440	31.7401
40.000000	100.427	30.9646
40.599998	100.412	30.1135
41.200001	100.403	29.3211
41.799999	100.397	28.5525
42.500000	100.388	27.6982
43.099998	100.382	27.0490
43.700001	100.387	26.4814
44.400002	100.421	25.8118
45.000000	100.466	25.0979
45.500000	100.499	24.3718
46.200001	100.518	23.2711
46.799999	100.516	22.3952
47.500000	100.514	21.4788
48.200001	100.518	20.5468
48.700001	100.513	19.8567
49.400002	100.494	18.9570
50.000000	100.477	18.2723
50.799999	100.460	17.3361
51.500000	100.430	16.4623
52.200001	100.385	15.6714
53.000000	100.339	14.8929
53.799999	100.304	14.0884
54.500000	100.267	13.3412
55.200001	100.223	12.6273
56.000000	100.175	11.8613
57.000000	100.121	10.8875
58.000000	100.061	9.9160
59.000000	100.001	8.9662
60.000000	99.932	8.0796
60.799999	99.882	7.5109
61.500000	99.854	7.0307
62.200001	99.830	6.5043
63.000000	99.801	5.9317
64.000000	99.782	5.2238
65.000000	99.748	4.3392
66.000000	99.669	3.5997
67.000000	99.598	3.1100
68.000000	99.539	2.5945
69.000000	99.478	2.0776
70.000000	99.428	1.5715
71.000000	99.388	0.9474
72.000000	99.337	0.2721
73.000000	99.281	-0.3432
74.000000	99.226	-0.8945
75.000000	99.174	-1.3765
76.199997	99.114	-1.9453
77.500000	99.042	-2.5083
78.800003	98.975	-3.0624
80.000000	98.908	-3.5701
81.199997	98.849	-4.0143
82.500000	98.792	-4.5142
83.800003	98.727	-4.9791
85.000000	98.660	-5.3434
86.199997	98.584	-5.7234
87.500000	98.486	-6.1885
88.500000	98.393	-6.5765
90.000000	98.255	-6.8317
91.199997	98.217	-7.0027
92.500000	98.191	-7.5839
93.800003	98.141	-8.1173
95.000000	98.093	-8.4441
96.199997	98.050	-8.6908
97.500000	98.001	-8.9521
98.800003	97.944	-9.2423
100.000000	97.883	-9.5004
101.500000	97.807	-9.8381
103.000000	97.728	-10.1070
104.400002	97.672	-10.3179
106.000000	97.605	-10.5867
107.500000	97.535	-10.7833
109.000000	97.453	-10.9579
110.599998	97.361	-11.1484
112.000000	97.285	-11.3624
113.800003	97.204	-11.6671
115.000000	97.166	-11.8164
117.199997	97.138	-11.7282
118.000000	97.150	-11.6053
120.599998	97.141	-12.1840
122.000000	97.004	-12.4486
124.099998	96.820	-12.4768
125.000000	96.763	-12.5692
126.500000	96.688	-12.7917
128.000000	96.630	-12.9794
131.500000	96.501	-13.1093
132.000000	96.479	-13.1083
134.000000	96.387	-13.1046
136.000000	96.294	-13.0914
138.000000	96.206	-12.9708
140.000000	96.121	-12.6869
143.000000	96.000	-11.9523
145.000000	95.948	-11.2725
147.500000	95.945	-10.2989
150.000000	96.019	-9.4204
152.500000	96.148	-8.9830
155.000000	96.279	-9.1557
157.500000	96.367	-9.6986
160.000000	96.410	-10.3446
162.500000	96.410	-10.9723
165.000000	96.378	-11.5167
167.500000	96.326	-11.9965
170.000000	96.261	-12.4100
172.500000	96.186	-12.7296
175.000000	96.105	-12.9429
177.500000	96.023	-13.0571
180.000000	95.946	-13.0577
182.500000	95.884	-12.9243
185.000000	95.844	-12.7166
187.500000	95.828	-12.5549
190.000000	95.828	-12.5360
192.500000	95.829	-12.6644
195.000000	95.820	-12.8912
197.500000	95.796	-13.1603
200.000000	95.760	-13.4154
203.000000	95.713	-13.6714
206.000000	95.664	-13.8619
209.000000	95.614	-14.0047
212.000000	95.564	-14.1096
214.000000	95.530	-14.1598
218.000000	95.467	-14.2311
220.000000	95.439	-14.2544
224.000000	95.388	-14.2900
227.000000	95.353	-14.3365
230.000000	95.319	-14.3864
233.000000	95.285	-14.4319
236.000000	95.251	-14.4825
240.000000	95.208	-14.5515
243.000000	95.175	-14.6119
247.000000	95.130	-14.6931
250.000000	95.093	-14.7545
254.000000	95.039	-14.8259
258.000000	94.982	-14.8778
262.000000	94.925	-14.9248
265.000000	94.884	-14.9552
269.000000	94.828	-14.9903
272.000000	94.787	-15.0109
276.000000	94.734	-15.0367
280.000000	94.681	-15.0653
285.000000	94.615	-15.1040
290.000000	94.550	-15.1290
295.000000	94.487	-15.1427
300.000000	94.425	-15.1510
304.000000	94.376	-15.1569
307.000000	94.340	-15.1593
311.000000	94.293	-15.1587
315.000000	94.250	-15.1588
320.000000	94.203	-15.1571
325.000000	94.160	-15.1499
330.000000	94.119	-15.1443
335.000000	94.077	-15.1245
340.000000	94.037	-15.0918
345.000000	93.997	-15.0662
350.000000	93.958	-15.0443
355.000000	93.918	-15.0082
360.000000	93.878	-14.9701
365.000000	93.838	-14.9315
370.000000	93.799	-14.8847
375.000000	93.761	-14.8431
382.000000	93.709	-14.7785
387.000000	93.671	-14.7310
395.000000	93.612	-14.6337
400.000000	93.575	-14.5659
406.000000	93.529	-14.4873
412.000000	93.484	-14.4039
418.000000	93.440	-14.3104
425.000000	93.391	-14.2044
431.000000	93.350	-14.1062
437.000000	93.307	-14.0043
444.000000	93.256	-13.8738
450.000000	93.214	-13.7549
455.000000	93.179	-13.6531
462.000000	93.131	-13.5089
468.000000	93.090	-13.3834
475.000000	93.044	-13.2310
482.000000	92.998	-13.0697
487.000000	92.964	-12.9496
494.000000	92.919	-12.7784
500.000000	92.883	-12.6299
508.000000	92.837	-12.4270
515.000000	92.798	-12.2423
522.000000	92.759	-12.0486
530.000000	92.716	-11.8162
538.000000	92.674	-11.5740
545.000000	92.639	-11.3597
552.000000	92.603	-11.1423
560.000000	92.564	-10.8850
570.000000	92.515	-10.5498
580.000000	92.468	-10.1987
590.000000	92.422	-9.8434
600.000000	92.378	-9.4821
608.000000	92.344	-9.1831
615.000000	92.316	-8.9175
622.000000	92.288	-8.6503
630.000000	92.260	-8.3341
640.000000	92.229	-7.9230
650.000000	92.203	-7.5059
660.000000	92.180	-7.0824
670.000000	92.160	-6.6439
680.000000	92.140	-6.2018
690.000000	92.121	-5.7515
700.000000	92.105	-5.2870
710.000000	92.093	-4.8127
720.000000	92.081	-4.3293
730.000000	92.071	-3.8369
740.000000	92.063	-3.3376
750.000000	92.057	-2.8295
762.000000	92.053	-2.2046
775.000000	92.052	-1.5250
788.000000	92.056	-0.8340
800.000000	92.059	-0.1971
812.000000	92.061	0.4396
825.000000	92.063	1.1494
838.000000	92.070	1.8677
850.000000	92.081	2.5221
862.000000	92.096	3.1750
875.000000	92.117	3.8776
885.000000	92.137	4.4134
900.000000	92.173	5.2031
912.000000	92.207	5.8258
925.000000	92.248	6.4939
938.000000	92.295	7.1454
950.000000	92.343	7.7285
962.000000	92.395	8.2966
975.000000	92.453	8.8909
988.000000	92.512	9.4644
1000.000000	92.562	9.9741
1015.000000	92.609	10.5856
1030.000000	92.649	11.1794
1044.000000	92.691	11.7081
1060.000000	92.746	12.2767
1075.000000	92.804	12.7728
1090.000000	92.871	13.2130
1106.000000	92.948	13.5969
1120.000000	93.017	13.8516
1138.000000	93.101	14.0648
1150.000000	93.152	14.1505
1172.000000	93.233	14.2560
1180.000000	93.259	14.2886
1206.000000	93.331	14.3994
1220.000000	93.369	14.4769
1241.000000	93.433	14.6158
1250.000000	93.466	14.6737
1265.000000	93.530	14.7638
1280.000000	93.598	14.8429
1315.000000	93.755	14.9634
1320.000000	93.777	14.9769
1340.000000	93.859	15.0223
1360.000000	93.938	15.0676
1380.000000	94.015	15.1163
1400.000000	94.088	15.1693
1430.000000	94.195	15.2593
1450.000000	94.266	15.3306
1475.000000	94.354	15.4307
1500.000000	94.446	15.5310
1525.000000	94.539	15.6124
1550.000000	94.634	15.6729
1575.000000	94.729	15.7222
1600.000000	94.826	15.7617
1625.000000	94.926	15.7860
1650.000000	95.027	15.8024
1675.000000	95.130	15.8054
1700.000000	95.233	15.8016
1725.000000	95.337	15.7847
1750.000000	95.441	15.7533
1775.000000	95.546	15.7114
1800.000000	95.653	15.6486
1825.000000	95.760	15.5677
1850.000000	95.866	15.4647
1875.000000	95.974	15.3567
1900.000000	96.084	15.2491
1925.000000	96.198	15.1290
1950.000000	96.314	14.9800
1975.000000	96.434	14.7850
2000.000000	96.560	14.5286
2030.000000	96.715	14.1324
2060.000000	96.870	13.6216
2090.000000	97.016	13.0094
2120.000000	97.150	12.3224
2140.000000	97.234	11.8420
2180.000000	97.390	10.8456
2200.000000	97.462	10.3250
2240.000000	97.592	9.2300
2270.000000	97.680	8.3691
2300.000000	97.759	7.4845
2330.000000	97.828	6.5802
2360.000000	97.886	5.6588
2400.000000	97.945	4.4152
2430.000000	97.975	3.4863
2470.000000	97.997	2.2828
2500.000000	98.002	1.4193
2540.000000	97.996	0.3379
2580.000000	97.982	-0.6537
2620.000000	97.970	-1.5819
2650.000000	97.962	-2.2703
2690.000000	97.951	-3.2230
2720.000000	97.937	-3.9650
2760.000000	97.906	-4.9629
2800.000000	97.859	-5.9346
2850.000000	97.780	-7.0817
2900.000000	97.688	-8.1231
2950.000000	97.588	-9.0727
3000.000000	97.479	-9.9550
3040.000000	97.388	-10.6162
3070.000000	97.316	-11.0958
3110.000000	97.215	-11.7070
3150.000000	97.113	-12.2746
3200.000000	96.985	-12.9208
3250.000000	96.850	-13.5076
3300.000000	96.707	-14.0190
3350.000000	96.558	-14.4316
3400.000000	96.405	-14.7303
3450.000000	96.248	-14.9250
3500.000000	96.088	-15.0211
3550.000000	95.929	-15.0072
3600.000000	95.774	-14.8847
3650.000000	95.624	-14.6802
3700.000000	95.482	-14.4139
3750.000000	95.347	-14.1057
3820.000000	95.165	-13.6276
3870.000000	95.036	-13.2542
3950.000000	94.825	-12.5659
4000.000000	94.687	-12.0449
4060.000000	94.512	-11.3347
4120.000000	94.336	-10.5606
4180.000000	94.169	-9.7319
4250.000000	93.987	-8.7267
4310.000000	93.840	-7.8600
4370.000000	93.701	-6.9676
4440.000000	93.548	-5.8868
4500.000000	93.421	-4.9497
4550.000000	93.320	-4.1634
4620.000000	93.185	-3.0338
4680.000000	93.078	-2.0634
4750.000000	92.953	-0.9913
4820.000000	92.832	0.0494
4870.000000	92.747	0.8147
4940.000000	92.628	1.9149
5000.000000	92.526	2.8510
5080.000000	92.387	4.0793
5150.000000	92.256	5.1830
5220.000000	92.113	6.3718
5300.000000	91.937	7.8783
5380.000000	91.753	9.5010
5450.000000	91.589	10.9761
5520.000000	91.428	12.5585
5600.000000	91.246	14.5870
5700.000000	91.018	17.6085
5800.000000	90.817	21.4476
5900.000000	90.703	26.2390
6000.000000	90.756	31.8311
6080.000000	90.967	36.6495
6150.000000	91.292	40.8990
6220.000000	91.752	44.9550
6300.000000	92.436	49.0381
6400.000000	93.500	52.8538
6500.000000	94.759	54.7444
6600.000000	96.130	54.1265
6700.000000	97.469	50.5467
6800.000000	98.581	44.0129
6900.000000	99.274	35.2723
7000.000000	99.446	25.7511
7100.000000	99.141	17.0276
7200.000000	98.512	10.0952
7300.000000	97.720	5.0732
7400.000000	96.876	1.7418
7500.000000	96.040	-0.1619
7620.000000	95.091	-1.0022
7750.000000	94.144	-0.6595
7880.000000	93.286	0.7238
8000.000000	92.575	2.7679
8120.000000	91.947	5.5123
8250.000000	91.366	9.1929
8380.000000	90.899	13.5270
8500.000000	90.586	18.0485
8620.000000	90.404	22.9441
8750.000000	90.376	28.5346
8850.000000	90.492	32.9588
9000.000000	90.913	39.5076
9120.000000	91.471	44.2946
9250.000000	92.298	48.5981
9380.000000	93.339	51.5074
9500.000000	94.457	52.5351
9620.000000	95.662	51.5423
9750.000000	96.955	47.7485
9880.000000	98.072	40.9207
10000.000000	98.762	32.2841
10150.000000	98.961	20.0002
10300.000000	98.423	8.6007
10440.000000	97.462	0.4616
10600.000000	96.140	-5.3661
10750.000000	94.908	-7.9443
10900.000000	93.789	-8.5426
11060.000000	92.749	-7.8394
11200.000000	91.969	-6.4745
11380.000000	91.132	-3.9396
11500.000000	90.669	-1.9478
11720.000000	89.999	1.9674
11800.000000	89.807	3.4144
12060.000000	89.336	7.9741
12200.000000	89.151	10.2677
12410.000000	88.931	13.5343
12500.000000	88.854	14.9224
12650.000000	88.755	17.3481
12800.000000	88.703	19.9387
13150.000000	88.842	26.3046
13200.000000	88.898	27.2089
13400.000000	89.232	30.7524
13600.000000	89.768	33.9908
13800.000000	90.527	36.3839
14000.000000	91.525	37.4523
14300.000000	93.391	34.9854
14500.000000	94.685	29.2527
14750.000000	95.868	16.9322
15000.000000	96.109	1.7130
15250.000000	95.405	-11.7799
15500.000000	94.240	-20.9724
15750.000000	93.145	-26.3018
16000.000000	92.469	-29.5224
16250.000000	92.372	-32.6666
16500.000000	92.766	-37.8911
16750.000000	93.367	-47.2945
17000.000000	93.643	-62.0598
17250.000000	92.997	-80.2200
17500.000000	91.217	-97.3060
17750.000000	88.616	-109.8416
18000.000000	85.713	-117.0635
18250.000000	82.889	-120.0811
18500.000000	80.309	-120.1575
18750.000000	77.993	-118.2469
19000.000000	75.905	-115.1328
19250.000000	74.004	-111.2546
19500.000000	72.266	-106.7914
19750.000000	70.765	-102.1747
