20.000000	98.902	75.6398
20.299999	98.992	74.1897
20.600000	99.077	72.7555
20.900000	99.159	71.3368
21.200001	99.235	69.9351
21.400000	99.284	69.0108
21.799999	99.374	67.1894
22.000000	99.417	66.2930
22.400000	99.497	64.5292
22.700001	99.554	63.2314
23.000000	99.606	61.9543
23.299999	99.656	60.6971
23.600000	99.703	59.4591
24.000000	99.762	57.8372
24.299999	99.802	56.6416
24.700001	99.852	55.0744
25.000000	99.886	53.9195
25.400000	99.926	52.4074
25.799999	99.962	50.9280
26.200001	99.994	49.4810
26.500000	100.016	48.4166
26.900000	100.041	47.0246
27.200001	100.057	46.0015
27.600000	100.075	44.6668
28.000000	100.091	43.3669
28.500000	100.106	41.7900
29.000000	100.118	40.2600
29.500000	100.125	38.7721
30.000000	100.128	37.3296
30.400000	100.128	36.2126
30.700001	100.126	35.3967
31.100000	100.123	34.3347
31.500000	100.119	33.2970
32.000000	100.111	32.0317
32.500000	100.099	30.8101
33.000000	100.085	29.6431
33.500000	100.071	28.5259
34.000000	100.058	27.4388
34.500000	100.043	26.3682
35.000000	100.025	25.3222
35.500000	100.003	24.3181
36.000000	99.981	23.3588
36.500000	99.960	22.4286
37.000000	99.939	21.5137
37.500000	99.914	20.6209
38.200001	99.875	19.4424
38.700001	99.847	18.6563
39.500000	99.808	17.4508
40.000000	99.785	16.7131
40.599998	99.755	15.8527
41.200001	99.723	15.0307
41.799999	99.692	14.2420
42.500000	99.654	13.3527
43.099998	99.618	12.6230
43.700001	99.581	11.9321
44.400002	99.539	11.1657
45.000000	99.502	10.5333
45.500000	99.468	10.0330
46.200001	99.421	9.3997
46.799999	99.384	8.9212
47.500000	99.350	8.4168
48.200001	99.326	7.9591
48.700001	99.317	7.6497
49.400002	99.320	7.1868
50.000000	99.329	6.7127
50.799999	99.332	5.9846
51.500000	99.330	5.3068
52.200001	99.326	4.5626
53.000000	99.305	3.6157
53.799999	99.256	2.7188
54.500000	99.207	2.0484
55.200001	99.162	1.4080
56.000000	99.102	0.6784
57.000000	99.013	-0.1194
58.000000	98.923	-0.7597
59.000000	98.849	-1.2497
60.000000	98.800	-1.8634
60.799999	98.742	-2.4758
61.500000	98.676	-2.9247
62.200001	98.616	-3.2817
63.000000	98.559	-3.6887
64.000000	98.495	-4.2100
65.000000	98.437	-4.7098
66.000000	98.383	-5.1996
67.000000	98.330	-5.6724
68.000000	98.278	-6.1299
69.000000	98.226	-6.5542
70.000000	98.174	-6.9484
71.000000	98.124	-7.3300
72.000000	98.073	-7.7005
73.000000	98.021	-8.0507
74.000000	97.968	-8.3843
75.000000	97.917	-8.6963
76.199997	97.858	-9.0658
77.500000	97.794	-9.4714
78.800003	97.729	-9.8712
80.000000	97.665	-10.2260
81.199997	97.600	-10.5562
82.500000	97.531	-10.8867
83.800003	97.462	-11.2099
85.000000	97.396	-11.4779
86.199997	97.332	-11.7081
87.500000	97.264	-11.9732
88.500000	97.208	-12.1683
90.000000	97.124	-12.3636
91.199997	97.077	-12.4664
92.500000	97.040	-12.7134
93.800003	96.994	-13.0322
95.000000	96.943	-13.3026
96.199997	96.889	-13.5260
97.500000	96.828	-13.7222
98.800003	96.768	-13.8965
100.000000	96.711	-14.0706
101.500000	96.636	-14.2802
103.000000	96.566	-14.4629
104.400002	96.506	-14.6468
106.000000	96.436	-14.8287
107.500000	96.369	-14.9648
109.000000	96.298	-15.0963
110.599998	96.222	-15.2425
112.000000	96.161	-15.3764
113.800003	96.094	-15.5169
115.000000	96.054	-15.5585
117.199997	95.975	-15.4377
118.000000	95.947	-15.3076
120.599998	95.897	-15.2384
122.000000	95.833	-15.5921
124.099998	95.723	-15.9244
125.000000	95.688	-16.0289
126.500000	95.645	-16.1625
128.000000	95.610	-16.2416
131.500000	95.520	-16.3312
132.000000	95.505	-16.3474
134.000000	95.449	-16.4232
136.000000	95.396	-16.4844
138.000000	95.345	-16.5052
140.000000	95.294	-16.4915
143.000000	95.218	-16.4443
145.000000	95.174	-16.3804
147.500000	95.128	-16.2776
150.000000	95.088	-16.2140
152.500000	95.048	-16.1938
155.000000	95.007	-16.1702
157.500000	94.965	-16.1194
160.000000	94.921	-16.0505
162.500000	94.876	-15.9805
165.000000	94.831	-15.9326
167.500000	94.787	-15.9260
170.000000	94.742	-15.9416
172.500000	94.696	-15.9569
175.000000	94.646	-15.9656
177.500000	94.593	-15.9643
180.000000	94.540	-15.9631
182.500000	94.487	-15.9529
185.000000	94.433	-15.9212
187.500000	94.378	-15.8694
190.000000	94.323	-15.7883
192.500000	94.268	-15.6707
195.000000	94.220	-15.5116
197.500000	94.181	-15.3278
200.000000	94.154	-15.1647
203.000000	94.132	-15.0389
206.000000	94.109	-14.9805
209.000000	94.081	-14.9402
212.000000	94.051	-14.9084
214.000000	94.030	-14.8879
218.000000	93.985	-14.8330
220.000000	93.962	-14.8055
224.000000	93.915	-14.7409
227.000000	93.881	-14.6747
230.000000	93.847	-14.6017
233.000000	93.814	-14.5247
236.000000	93.780	-14.4355
240.000000	93.735	-14.3069
243.000000	93.703	-14.2107
247.000000	93.662	-14.0694
250.000000	93.631	-13.9650
254.000000	93.587	-13.8312
258.000000	93.541	-13.6840
262.000000	93.495	-13.5377
265.000000	93.462	-13.4294
269.000000	93.419	-13.2736
272.000000	93.387	-13.1500
276.000000	93.347	-12.9776
280.000000	93.311	-12.8036
285.000000	93.269	-12.5927
290.000000	93.225	-12.3828
295.000000	93.183	-12.1755
300.000000	93.143	-11.9757
304.000000	93.114	-11.8269
307.000000	93.092	-11.7169
311.000000	93.064	-11.5628
315.000000	93.040	-11.4016
320.000000	93.016	-11.1973
325.000000	92.997	-11.0018
330.000000	92.979	-10.8164
335.000000	92.964	-10.6285
340.000000	92.950	-10.4355
345.000000	92.939	-10.2380
350.000000	92.927	-10.0369
355.000000	92.916	-9.8385
360.000000	92.909	-9.6318
365.000000	92.903	-9.4292
370.000000	92.897	-9.2367
375.000000	92.893	-9.0377
382.000000	92.889	-8.7656
387.000000	92.886	-8.5825
395.000000	92.885	-8.3074
400.000000	92.886	-8.1392
406.000000	92.889	-7.9382
412.000000	92.893	-7.7449
418.000000	92.897	-7.5643
425.000000	92.903	-7.3571
431.000000	92.909	-7.1891
437.000000	92.916	-7.0449
444.000000	92.926	-6.9029
450.000000	92.936	-6.7829
455.000000	92.944	-6.6842
462.000000	92.956	-6.5641
468.000000	92.967	-6.4778
475.000000	92.977	-6.3889
482.000000	92.986	-6.3166
487.000000	92.993	-6.2718
494.000000	93.003	-6.2313
500.000000	93.011	-6.2105
508.000000	93.022	-6.1963
515.000000	93.030	-6.1909
522.000000	93.036	-6.1929
530.000000	93.041	-6.2056
538.000000	93.043	-6.2304
545.000000	93.042	-6.2505
552.000000	93.039	-6.2726
560.000000	93.031	-6.3015
570.000000	93.016	-6.3280
580.000000	92.996	-6.3489
590.000000	92.974	-6.3631
600.000000	92.946	-6.3558
608.000000	92.920	-6.3299
615.000000	92.896	-6.2950
622.000000	92.871	-6.2535
630.000000	92.843	-6.1916
640.000000	92.811	-6.0949
650.000000	92.777	-5.9765
660.000000	92.742	-5.8470
670.000000	92.706	-5.6911
680.000000	92.670	-5.5040
690.000000	92.634	-5.2858
700.000000	92.598	-5.0381
710.000000	92.561	-4.7608
720.000000	92.525	-4.4565
730.000000	92.492	-4.1231
740.000000	92.461	-3.7652
750.000000	92.431	-3.3883
762.000000	92.396	-2.8988
775.000000	92.364	-2.3256
788.000000	92.334	-1.7244
800.000000	92.309	-1.1348
812.000000	92.282	-0.5201
825.000000	92.254	0.1617
838.000000	92.233	0.8571
850.000000	92.220	1.5197
862.000000	92.213	2.1976
875.000000	92.211	2.9405
885.000000	92.215	3.5164
900.000000	92.230	4.3799
912.000000	92.248	5.0696
925.000000	92.275	5.8158
938.000000	92.308	6.5442
950.000000	92.346	7.1939
962.000000	92.389	7.8237
975.000000	92.442	8.4829
988.000000	92.496	9.1168
1000.000000	92.542	9.6783
1015.000000	92.589	10.3403
1030.000000	92.631	10.9588
1044.000000	92.673	11.4953
1060.000000	92.726	12.0512
1075.000000	92.780	12.5172
1090.000000	92.839	12.9273
1106.000000	92.907	13.2942
1120.000000	92.967	13.5451
1138.000000	93.042	13.7717
1150.000000	93.088	13.8720
1172.000000	93.160	13.9942
1180.000000	93.183	14.0313
1206.000000	93.248	14.1675
1220.000000	93.282	14.2495
1241.000000	93.341	14.3631
1250.000000	93.372	14.4041
1265.000000	93.434	14.4577
1280.000000	93.503	14.4847
1315.000000	93.665	14.4494
1320.000000	93.688	14.4360
1340.000000	93.775	14.3643
1360.000000	93.856	14.2758
1380.000000	93.933	14.1790
1400.000000	94.007	14.0696
1430.000000	94.110	13.9031
1450.000000	94.175	13.7965
1475.000000	94.254	13.6695
1500.000000	94.331	13.5472
1525.000000	94.407	13.4365
1550.000000	94.485	13.3292
1575.000000	94.564	13.2103
1600.000000	94.646	13.0682
1625.000000	94.730	12.9212
1650.000000	94.816	12.7575
1675.000000	94.900	12.5899
1700.000000	94.987	12.4327
1725.000000	95.074	12.2606
1750.000000	95.159	12.0590
1775.000000	95.244	11.8325
1800.000000	95.331	11.5991
1825.000000	95.418	11.3626
1850.000000	95.505	11.1112
1875.000000	95.593	10.8413
1900.000000	95.681	10.5528
1925.000000	95.767	10.2386
1950.000000	95.854	9.9010
1975.000000	95.939	9.5427
2000.000000	96.024	9.1686
2030.000000	96.127	8.7099
2060.000000	96.234	8.2392
2090.000000	96.344	7.7459
2120.000000	96.458	7.2003
2140.000000	96.537	6.7900
2180.000000	96.694	5.7999
2200.000000	96.765	5.2211
2240.000000	96.891	3.9584
2270.000000	96.968	2.9636
2300.000000	97.030	1.9426
2330.000000	97.080	0.9090
2360.000000	97.120	-0.1243
2400.000000	97.157	-1.4952
2430.000000	97.173	-2.5180
2470.000000	97.176	-3.8674
2500.000000	97.167	-4.8571
2540.000000	97.138	-6.1444
2580.000000	97.090	-7.3693
2620.000000	97.030	-8.4787
2650.000000	96.981	-9.2182
2690.000000	96.912	-10.0927
2720.000000	96.864	-10.6759
2760.000000	96.812	-11.3910
2800.000000	96.769	-12.1202
2850.000000	96.717	-13.1197
2900.000000	96.653	-14.1711
2950.000000	96.573	-15.1602
3000.000000	96.485	-16.0364
3040.000000	96.406	-16.6821
3070.000000	96.343	-17.1406
3110.000000	96.256	-17.7185
3150.000000	96.165	-18.2616
3200.000000	96.052	-18.8803
3250.000000	95.937	-19.4197
3300.000000	95.817	-19.8935
3350.000000	95.691	-20.3070
3400.000000	95.559	-20.6539
3450.000000	95.423	-20.9170
3500.000000	95.286	-21.0960
3550.000000	95.146	-21.1931
3600.000000	95.007	-21.2123
3650.000000	94.869	-21.1572
3700.000000	94.732	-21.0431
3750.000000	94.597	-20.8769
3820.000000	94.411	-20.5633
3870.000000	94.280	-20.2821
3950.000000	94.074	-19.7119
4000.000000	93.942	-19.2594
4060.000000	93.774	-18.6208
4120.000000	93.601	-17.9384
4180.000000	93.435	-17.2030
4250.000000	93.258	-16.2784
4310.000000	93.117	-15.4743
4370.000000	92.989	-14.6379
4440.000000	92.856	-13.6368
4500.000000	92.750	-12.7900
4550.000000	92.666	-12.1019
4620.000000	92.551	-11.1627
4680.000000	92.455	-10.3757
4750.000000	92.343	-9.4851
4820.000000	92.227	-8.6231
4870.000000	92.142	-8.0073
4940.000000	92.015	-7.1127
5000.000000	91.902	-6.2735
5080.000000	91.757	-5.0168
5150.000000	91.637	-3.8211
5220.000000	91.526	-2.5449
5300.000000	91.410	-1.0004
5380.000000	91.301	0.5974
5450.000000	91.207	2.0495
5520.000000	91.116	3.5850
5600.000000	91.009	5.4504
5700.000000	90.864	7.9964
5800.000000	90.708	10.9645
5900.000000	90.561	14.6677
6000.000000	90.487	19.4194
6080.000000	90.548	24.0142
6150.000000	90.735	28.4671
6220.000000	91.076	33.0619
6300.000000	91.665	38.0493
6400.000000	92.687	43.2118
6500.000000	93.974	46.3938
6600.000000	95.432	46.9287
6700.000000	96.906	44.2319
6800.000000	98.185	38.1604
6900.000000	99.054	29.4449
7000.000000	99.371	19.5597
7100.000000	99.149	10.2281
7200.000000	98.543	2.7346
7300.000000	97.737	-2.5966
7400.000000	96.862	-6.0431
7500.000000	95.996	-7.9445
7620.000000	95.028	-8.6241
7750.000000	94.088	-7.9583
7880.000000	93.260	-6.2898
8000.000000	92.584	-4.0666
8120.000000	91.994	-1.2152
8250.000000	91.449	2.5248
8380.000000	91.015	6.9010
8500.000000	90.729	11.4472
8620.000000	90.576	16.4232
8750.000000	90.579	22.0728
8850.000000	90.716	26.4922
9000.000000	91.162	32.9232
9120.000000	91.735	37.5568
9250.000000	92.570	41.6165
9380.000000	93.610	44.1726
9500.000000	94.713	44.7083
9620.000000	95.866	42.9481
9750.000000	97.015	38.1810
9880.000000	97.893	30.8709
10000.000000	98.337	22.5195
10150.000000	98.277	11.4567
10300.000000	97.587	1.9112
10440.000000	96.596	-4.4095
10600.000000	95.337	-8.4828
10750.000000	94.204	-9.8992
10900.000000	93.182	-9.7463
11060.000000	92.231	-8.4693
11200.000000	91.509	-6.7632
11380.000000	90.715	-4.0197
11500.000000	90.260	-1.9494
11720.000000	89.562	2.2639
11800.000000	89.349	3.9010
12060.000000	88.786	9.4338
12200.000000	88.564	12.4849
12410.000000	88.330	17.1147
12500.000000	88.267	19.1096
12650.000000	88.210	22.4202
12800.000000	88.219	25.6644
13150.000000	88.517	32.4387
13200.000000	88.597	33.3121
13400.000000	89.028	36.5452
13600.000000	89.654	39.1128
13800.000000	90.497	40.5771
14000.000000	91.546	40.2260
14300.000000	93.317	34.5811
14500.000000	94.332	26.5993
14750.000000	94.905	12.8669
15000.000000	94.467	-1.2088
15250.000000	93.325	-11.5080
15500.000000	92.041	-17.2526
15750.000000	91.038	-19.7729
16000.000000	90.546	-21.0615
16250.000000	90.679	-23.0284
16500.000000	91.331	-27.7364
16750.000000	92.163	-37.6331
17000.000000	92.533	-53.6733
17250.000000	91.775	-72.9500
17500.000000	89.755	-90.2234
17750.000000	86.933	-101.9548
18000.000000	83.908	-107.8882
18250.000000	81.051	-109.5835
18500.000000	78.486	-108.6138
18750.000000	76.205	-105.9895
19000.000000	74.166	-102.2804
19250.000000	72.327	-97.7912
19500.000000	70.656	-92.9012
19750.000000	69.227	-88.0675
