20.000000	98.833	76.6965
20.299999	98.910	75.2339
20.600000	98.981	73.8480
20.900000	99.053	72.5269
21.200001	99.130	71.2387
21.400000	99.183	70.3806
21.799999	99.290	68.6377
22.000000	99.341	67.7508
22.400000	99.433	65.9661
22.700001	99.492	64.6422
23.000000	99.546	63.3489
23.299999	99.595	62.0917
23.600000	99.643	60.8663
24.000000	99.705	59.2654
24.299999	99.750	58.0780
24.700001	99.804	56.5062
25.000000	99.840	55.3405
25.400000	99.880	53.8204
25.799999	99.912	52.3612
26.200001	99.941	50.9757
26.500000	99.964	49.9779
26.900000	100.000	48.6715
27.200001	100.030	47.6831
27.600000	100.069	46.3281
28.000000	100.097	44.9381
28.500000	100.109	43.2279
29.000000	100.102	41.6581
29.500000	100.094	40.2628
30.000000	100.098	38.9670
30.400000	100.109	37.9355
30.700001	100.117	37.1503
31.100000	100.123	36.0972
31.500000	100.124	35.0616
32.000000	100.118	33.8210
32.500000	100.109	32.6490
33.000000	100.099	31.5408
33.500000	100.089	30.4887
34.000000	100.083	29.4729
34.500000	100.079	28.4625
35.000000	100.072	27.4421
35.500000	100.059	26.4302
36.000000	100.038	25.4610
36.500000	100.014	24.5540
37.000000	99.990	23.7036
37.500000	99.969	22.8928
38.200001	99.943	21.8013
38.700001	99.923	21.0514
39.500000	99.891	19.9345
40.000000	99.874	19.3002
40.599998	99.864	18.5743
41.200001	99.861	17.8393
41.799999	99.858	17.0857
42.500000	99.851	16.2176
43.099998	99.847	15.4882
43.700001	99.844	14.7487
44.400002	99.839	13.8587
45.000000	99.830	13.0743
45.500000	99.817	12.4100
46.200001	99.787	11.4989
46.799999	99.754	10.7826
47.500000	99.716	10.0349
48.200001	99.684	9.3334
48.700001	99.663	8.8404
49.400002	99.635	8.1568
50.000000	99.610	7.5644
50.799999	99.564	6.7672
51.500000	99.512	6.1343
52.200001	99.462	5.6009
53.000000	99.417	5.0259
53.799999	99.375	4.4216
54.500000	99.334	3.9053
55.200001	99.293	3.4123
56.000000	99.244	2.8649
57.000000	99.181	2.2233
58.000000	99.119	1.6090
59.000000	99.059	1.0361
60.000000	99.011	0.4294
60.799999	98.966	-0.1223
61.500000	98.920	-0.5750
62.200001	98.875	-0.9690
63.000000	98.834	-1.3929
64.000000	98.793	-1.9663
65.000000	98.741	-2.5482
66.000000	98.680	-2.9862
67.000000	98.633	-3.3636
68.000000	98.584	-3.7652
69.000000	98.537	-4.1440
70.000000	98.492	-4.5529
71.000000	98.442	-4.9668
72.000000	98.394	-5.3598
73.000000	98.346	-5.7397
74.000000	98.298	-6.0944
75.000000	98.250	-6.4278
76.199997	98.192	-6.8101
77.500000	98.128	-7.1806
78.800003	98.072	-7.5451
80.000000	98.019	-7.9272
81.199997	97.962	-8.2877
82.500000	97.899	-8.6479
83.800003	97.834	-8.9688
85.000000	97.774	-9.2478
86.199997	97.713	-9.5358
87.500000	97.644	-9.8846
88.500000	97.589	-10.1757
90.000000	97.496	-10.5384
91.199997	97.440	-10.6633
92.500000	97.400	-10.8687
93.800003	97.354	-11.1041
95.000000	97.304	-11.2716
96.199997	97.253	-11.4059
97.500000	97.196	-11.5665
98.800003	97.138	-11.7500
100.000000	97.085	-11.9431
101.500000	97.019	-12.2032
103.000000	96.952	-12.3923
104.400002	96.898	-12.5176
106.000000	96.836	-12.6642
107.500000	96.774	-12.8050
109.000000	96.707	-12.9514
110.599998	96.637	-13.0993
112.000000	96.579	-13.2128
113.800003	96.510	-13.3218
115.000000	96.464	-13.3719
117.199997	96.373	-13.4613
118.000000	96.336	-13.4999
120.599998	96.231	-13.5495
122.000000	96.191	-13.7156
124.099998	96.125	-13.9717
125.000000	96.099	-14.0462
126.500000	96.056	-14.1309
128.000000	96.013	-14.1698
131.500000	95.911	-14.2337
132.000000	95.897	-14.2481
134.000000	95.840	-14.3051
136.000000	95.782	-14.3341
138.000000	95.722	-14.2978
140.000000	95.664	-14.2156
143.000000	95.583	-13.9979
145.000000	95.536	-13.7746
147.500000	95.491	-13.4735
150.000000	95.468	-13.2193
152.500000	95.464	-13.0773
155.000000	95.464	-13.0331
157.500000	95.452	-13.0566
160.000000	95.426	-13.1042
162.500000	95.389	-13.1572
165.000000	95.346	-13.2038
167.500000	95.299	-13.2738
170.000000	95.246	-13.3533
172.500000	95.191	-13.4012
175.000000	95.136	-13.4192
177.500000	95.080	-13.3809
180.000000	95.023	-13.3033
182.500000	94.969	-13.1951
185.000000	94.922	-13.0531
187.500000	94.887	-12.8975
190.000000	94.860	-12.7873
192.500000	94.834	-12.7266
195.000000	94.805	-12.6985
197.500000	94.775	-12.6728
200.000000	94.746	-12.6533
203.000000	94.713	-12.6093
206.000000	94.680	-12.5650
209.000000	94.642	-12.5117
212.000000	94.607	-12.4597
214.000000	94.585	-12.4248
218.000000	94.541	-12.3083
220.000000	94.519	-12.2415
224.000000	94.479	-12.1320
227.000000	94.450	-12.0358
230.000000	94.424	-11.9354
233.000000	94.399	-11.8512
236.000000	94.371	-11.7727
240.000000	94.335	-11.6707
243.000000	94.309	-11.5944
247.000000	94.275	-11.4821
250.000000	94.249	-11.3925
254.000000	94.212	-11.2705
258.000000	94.171	-11.1548
262.000000	94.131	-11.0381
265.000000	94.102	-10.9387
269.000000	94.064	-10.8100
272.000000	94.036	-10.7202
276.000000	94.001	-10.5926
280.000000	93.966	-10.4612
285.000000	93.922	-10.2983
290.000000	93.879	-10.1246
295.000000	93.839	-9.9628
300.000000	93.802	-9.7778
304.000000	93.773	-9.6301
307.000000	93.751	-9.5312
311.000000	93.724	-9.3876
315.000000	93.701	-9.2292
320.000000	93.681	-9.0341
325.000000	93.666	-8.8512
330.000000	93.653	-8.6752
335.000000	93.641	-8.4914
340.000000	93.630	-8.3004
345.000000	93.620	-8.1004
350.000000	93.613	-7.8992
355.000000	93.608	-7.7124
360.000000	93.605	-7.5358
365.000000	93.600	-7.3492
370.000000	93.595	-7.1646
375.000000	93.593	-6.9852
382.000000	93.591	-6.7374
387.000000	93.591	-6.5798
395.000000	93.595	-6.3204
400.000000	93.600	-6.1563
406.000000	93.606	-5.9837
412.000000	93.614	-5.8186
418.000000	93.622	-5.6387
425.000000	93.633	-5.4652
431.000000	93.644	-5.3294
437.000000	93.656	-5.1968
444.000000	93.670	-5.0632
450.000000	93.682	-4.9775
455.000000	93.693	-4.9209
462.000000	93.710	-4.8472
468.000000	93.724	-4.7948
475.000000	93.740	-4.7405
482.000000	93.757	-4.6852
487.000000	93.768	-4.6632
494.000000	93.782	-4.6682
500.000000	93.792	-4.6893
508.000000	93.806	-4.7166
515.000000	93.816	-4.7586
522.000000	93.825	-4.8200
530.000000	93.833	-4.8969
538.000000	93.841	-4.9766
545.000000	93.843	-5.0426
552.000000	93.841	-5.1170
560.000000	93.837	-5.2193
570.000000	93.824	-5.3325
580.000000	93.806	-5.4359
590.000000	93.785	-5.5228
600.000000	93.758	-5.6014
608.000000	93.733	-5.6393
615.000000	93.708	-5.6453
622.000000	93.683	-5.6513
630.000000	93.656	-5.6528
640.000000	93.624	-5.6137
650.000000	93.590	-5.5490
660.000000	93.556	-5.4575
670.000000	93.521	-5.3300
680.000000	93.484	-5.1706
690.000000	93.444	-4.9812
700.000000	93.404	-4.7650
710.000000	93.366	-4.5110
720.000000	93.329	-4.2218
730.000000	93.294	-3.9017
740.000000	93.259	-3.5571
750.000000	93.225	-3.1908
762.000000	93.188	-2.7166
775.000000	93.152	-2.1557
788.000000	93.121	-1.5625
800.000000	93.092	-0.9823
812.000000	93.061	-0.3769
825.000000	93.028	0.3018
838.000000	93.001	1.0075
850.000000	92.984	1.6738
862.000000	92.971	2.3633
875.000000	92.964	3.1170
885.000000	92.964	3.7018
900.000000	92.970	4.5763
912.000000	92.983	5.2664
925.000000	93.004	6.0136
938.000000	93.030	6.7710
950.000000	93.061	7.4545
962.000000	93.097	8.1141
975.000000	93.141	8.8065
988.000000	93.188	9.4717
1000.000000	93.227	10.0727
1015.000000	93.263	10.8070
1030.000000	93.295	11.5256
1044.000000	93.331	12.1952
1060.000000	93.383	12.9425
1075.000000	93.440	13.6094
1090.000000	93.506	14.2206
1106.000000	93.586	14.7835
1120.000000	93.660	15.1786
1138.000000	93.756	15.5606
1150.000000	93.817	15.7464
1172.000000	93.914	15.9868
1180.000000	93.945	16.0572
1206.000000	94.034	16.2666
1220.000000	94.079	16.3718
1241.000000	94.150	16.5181
1250.000000	94.186	16.5704
1265.000000	94.254	16.6389
1280.000000	94.327	16.6870
1315.000000	94.492	16.7255
1320.000000	94.514	16.7243
1340.000000	94.600	16.7127
1360.000000	94.679	16.7028
1380.000000	94.754	16.6889
1400.000000	94.825	16.6597
1430.000000	94.922	16.6317
1450.000000	94.986	16.6363
1475.000000	95.068	16.6818
1500.000000	95.152	16.7261
1525.000000	95.237	16.7505
1550.000000	95.321	16.7459
1575.000000	95.404	16.7232
1600.000000	95.487	16.6917
1625.000000	95.573	16.6568
1650.000000	95.661	16.6228
1675.000000	95.749	16.5891
1700.000000	95.836	16.5495
1725.000000	95.924	16.5023
1750.000000	96.011	16.4483
1775.000000	96.100	16.3904
1800.000000	96.189	16.3283
1825.000000	96.280	16.2564
1850.000000	96.372	16.1752
1875.000000	96.464	16.0862
1900.000000	96.560	15.9912
1925.000000	96.658	15.8916
1950.000000	96.762	15.7753
1975.000000	96.874	15.6193
2000.000000	96.993	15.4011
2030.000000	97.139	15.0244
2060.000000	97.282	14.5148
2090.000000	97.413	13.9014
2120.000000	97.530	13.2306
2140.000000	97.602	12.7653
2180.000000	97.733	11.7950
2200.000000	97.792	11.2902
2240.000000	97.901	10.2490
2270.000000	97.972	9.4402
2300.000000	98.035	8.6140
2330.000000	98.089	7.7694
2360.000000	98.132	6.9071
2400.000000	98.172	5.7491
2430.000000	98.191	4.8966
2470.000000	98.200	3.7948
2500.000000	98.196	3.0112
2540.000000	98.183	2.0384
2580.000000	98.166	1.1373
2620.000000	98.153	0.2760
2650.000000	98.146	-0.3778
2690.000000	98.132	-1.3134
2720.000000	98.112	-2.0667
2760.000000	98.068	-3.0845
2800.000000	98.008	-4.0554
2850.000000	97.910	-5.1792
2900.000000	97.796	-6.1911
2950.000000	97.676	-7.0916
3000.000000	97.548	-7.9052
3040.000000	97.442	-8.4981
3070.000000	97.359	-8.9129
3110.000000	97.245	-9.4369
3150.000000	97.128	-9.9276
3200.000000	96.984	-10.4547
3250.000000	96.838	-10.8672
3300.000000	96.685	-11.2097
3350.000000	96.526	-11.4865
3400.000000	96.365	-11.6564
3450.000000	96.202	-11.7046
3500.000000	96.041	-11.6441
3550.000000	95.881	-11.5088
3600.000000	95.726	-11.2917
3650.000000	95.579	-10.9856
3700.000000	95.439	-10.6274
3750.000000	95.306	-10.2619
3820.000000	95.125	-9.7354
3870.000000	94.996	-9.3089
3950.000000	94.788	-8.4993
4000.000000	94.652	-7.9077
4060.000000	94.480	-7.1159
4120.000000	94.306	-6.2731
4180.000000	94.140	-5.4073
4250.000000	93.960	-4.3530
4310.000000	93.815	-3.4330
4370.000000	93.676	-2.5065
4440.000000	93.523	-1.4112
4500.000000	93.398	-0.5029
4550.000000	93.296	0.1836
4620.000000	93.157	1.0362
4680.000000	93.043	1.7366
4750.000000	92.917	2.5747
4820.000000	92.794	3.4176
4870.000000	92.705	4.0054
4940.000000	92.580	4.8157
5000.000000	92.472	5.4901
5080.000000	92.324	6.3640
5150.000000	92.185	7.1595
5220.000000	92.033	8.0462
5300.000000	91.843	9.2267
5380.000000	91.646	10.6134
5450.000000	91.471	11.9775
5520.000000	91.294	13.5011
5600.000000	91.086	15.5017
5700.000000	90.820	18.5232
5800.000000	90.572	22.3832
5900.000000	90.408	27.2601
6000.000000	90.411	33.0556
6080.000000	90.585	38.1324
6150.000000	90.882	42.6596
6220.000000	91.322	47.0351
6300.000000	91.989	51.5390
6400.000000	93.051	55.9842
6500.000000	94.337	58.5962
6600.000000	95.776	58.7381
6700.000000	97.238	55.8396
6800.000000	98.527	49.7102
6900.000000	99.423	40.8809
7000.000000	99.774	30.7406
7100.000000	99.582	21.0573
7200.000000	98.994	13.0923
7300.000000	98.190	7.2215
7400.000000	97.309	3.2680
7500.000000	96.425	0.8838
7620.000000	95.420	-0.3475
7750.000000	94.419	-0.3246
7880.000000	93.512	0.7636
8000.000000	92.763	2.5989
8120.000000	92.101	5.1706
8250.000000	91.485	8.6824
8380.000000	90.984	12.8458
8500.000000	90.636	17.1783
8620.000000	90.417	21.9267
8750.000000	90.346	27.4246
8850.000000	90.422	31.7843
9000.000000	90.771	38.2144
9120.000000	91.258	42.9282
9250.000000	91.996	47.2518
9380.000000	92.945	50.3854
9500.000000	93.983	51.8213
9620.000000	95.126	51.3829
9750.000000	96.384	48.3208
9880.000000	97.514	42.3348
10000.000000	98.261	34.4264
10150.000000	98.585	22.7538
10300.000000	98.194	11.5752
10440.000000	97.355	3.3678
10600.000000	96.132	-2.7489
10750.000000	94.960	-5.6941
10900.000000	93.882	-6.6244
11060.000000	92.879	-6.0958
11200.000000	92.128	-4.8299
11380.000000	91.326	-2.5474
11500.000000	90.887	-0.7161
11720.000000	90.267	2.9778
11800.000000	90.094	4.3212
12060.000000	89.678	8.3315
12200.000000	89.521	10.3277
12410.000000	89.330	13.1422
12500.000000	89.261	14.3080
12650.000000	89.167	16.2643
12800.000000	89.111	18.3578
13150.000000	89.212	23.8431
13200.000000	89.260	24.6606
13400.000000	89.558	27.8707
13600.000000	90.046	30.7340
13800.000000	90.753	32.8969
14000.000000	91.688	33.8284
14300.000000	93.449	31.1669
14500.000000	94.669	25.4156
14750.000000	95.769	13.3947
15000.000000	95.950	-1.4192
15250.000000	95.217	-14.4524
15500.000000	94.049	-23.2699
15750.000000	92.974	-28.2155
16000.000000	92.348	-30.9909
16250.000000	92.345	-33.9506
16500.000000	92.879	-39.4221
16750.000000	93.618	-49.7772
17000.000000	93.919	-66.0004
17250.000000	93.110	-85.4980
17500.000000	91.052	-103.0294
17750.000000	88.200	-114.9610
18000.000000	85.149	-121.0023
18250.000000	82.274	-122.9091
18500.000000	79.696	-122.2938
18750.000000	77.409	-120.0513
19000.000000	75.365	-116.8550
19250.000000	73.518	-112.9770
19500.000000	71.843	-108.6027
19750.000000	70.412	-104.2168
