20.000000	94.218	81.6531
20.299999	94.313	80.2696
20.600000	94.404	78.9064
20.900000	94.491	77.5624
21.200001	94.573	76.2383
21.400000	94.625	75.3677
21.799999	94.724	73.6584
22.000000	94.770	72.8207
22.400000	94.860	71.1780
22.700001	94.923	69.9718
23.000000	94.984	68.7841
23.299999	95.042	67.6125
23.600000	95.098	66.4563
24.000000	95.166	64.9393
24.299999	95.214	63.8214
24.700001	95.273	62.3565
25.000000	95.314	61.2755
25.400000	95.364	59.8542
25.799999	95.408	58.4556
26.200001	95.446	57.0847
26.500000	95.471	56.0802
26.900000	95.500	54.7794
27.200001	95.519	53.8341
27.600000	95.544	52.6099
28.000000	95.569	51.4167
28.500000	95.599	49.9490
29.000000	95.625	48.4975
29.500000	95.642	47.0753
30.000000	95.650	45.7157
30.400000	95.652	44.6923
30.700001	95.654	43.9639
31.100000	95.659	43.0346
31.500000	95.668	42.1314
32.000000	95.682	41.0055
32.500000	95.694	39.8698
33.000000	95.697	38.7485
33.500000	95.691	37.6821
34.000000	95.682	36.6895
34.500000	95.675	35.7531
35.000000	95.671	34.8419
35.500000	95.665	33.9445
36.000000	95.656	33.0741
36.500000	95.647	32.2412
37.000000	95.640	31.4329
37.500000	95.633	30.6295
38.200001	95.617	29.5272
38.700001	95.601	28.7910
39.500000	95.579	27.7155
40.000000	95.569	27.0815
40.599998	95.561	26.3515
41.200001	95.558	25.6436
41.799999	95.559	24.9011
42.500000	95.548	23.9578
43.099998	95.515	23.1849
43.700001	95.468	22.5719
44.400002	95.422	22.0653
45.000000	95.402	21.7107
45.500000	95.397	21.4061
46.200001	95.398	20.9121
46.799999	95.396	20.4308
47.500000	95.384	19.8757
48.200001	95.369	19.3669
48.700001	95.357	19.0015
49.400002	95.326	18.5187
50.000000	95.285	18.2974
50.799999	95.273	18.3632
51.500000	95.346	18.2927
52.200001	95.437	17.6521
53.000000	95.469	16.5296
53.799999	95.446	15.5839
54.500000	95.428	14.8481
55.200001	95.394	14.0824
56.000000	95.330	13.4095
57.000000	95.282	12.8643
58.000000	95.254	12.2340
59.000000	95.226	11.6400
60.000000	95.189	10.8910
60.799999	95.117	10.4203
61.500000	95.061	10.2496
62.200001	95.029	10.1126
63.000000	95.001	9.8582
64.000000	94.968	9.5321
65.000000	94.947	9.1636
66.000000	94.924	8.6965
67.000000	94.894	8.2228
68.000000	94.862	7.7881
69.000000	94.830	7.3972
70.000000	94.800	7.0934
71.000000	94.778	6.8279
72.000000	94.757	6.5577
73.000000	94.734	6.2963
74.000000	94.709	6.0231
75.000000	94.682	5.7518
76.199997	94.651	5.4332
77.500000	94.618	5.0687
78.800003	94.584	4.7448
80.000000	94.554	4.4700
81.199997	94.520	4.2075
82.500000	94.480	3.9337
83.800003	94.440	3.6700
85.000000	94.407	3.4154
86.199997	94.380	3.1598
87.500000	94.357	2.9024
88.500000	94.347	2.7286
90.000000	94.327	2.3264
91.199997	94.273	2.0729
92.500000	94.216	2.0531
93.800003	94.177	2.0425
95.000000	94.148	1.9398
96.199997	94.116	1.7892
97.500000	94.087	1.6257
98.800003	94.063	1.4381
100.000000	94.042	1.2459
101.500000	94.012	1.0148
103.000000	93.977	0.8245
104.400002	93.940	0.7073
106.000000	93.897	0.5939
107.500000	93.854	0.4733
109.000000	93.812	0.3232
110.599998	93.771	0.1478
112.000000	93.740	0.0303
113.800003	93.705	-0.0401
115.000000	93.675	-0.0515
117.199997	93.583	-0.0486
118.000000	93.538	-0.0093
120.599998	93.473	0.3311
122.000000	93.488	-0.0158
124.099998	93.474	-0.5700
125.000000	93.468	-0.6904
126.500000	93.458	-0.7816
128.000000	93.443	-0.8097
131.500000	93.390	-0.9119
132.000000	93.383	-0.9404
134.000000	93.358	-1.0496
136.000000	93.336	-1.0951
138.000000	93.313	-1.1158
140.000000	93.284	-1.1282
143.000000	93.247	-1.1111
145.000000	93.230	-1.0806
147.500000	93.212	-1.0048
150.000000	93.201	-0.9544
152.500000	93.189	-0.9623
155.000000	93.171	-0.9714
157.500000	93.152	-0.9481
160.000000	93.134	-0.9122
162.500000	93.112	-0.8646
165.000000	93.091	-0.8173
167.500000	93.072	-0.7943
170.000000	93.052	-0.8052
172.500000	93.030	-0.8514
175.000000	93.004	-0.8931
177.500000	92.977	-0.9252
180.000000	92.949	-0.9481
182.500000	92.919	-0.9482
185.000000	92.888	-0.9420
187.500000	92.855	-0.9467
190.000000	92.820	-0.9347
192.500000	92.786	-0.8842
195.000000	92.754	-0.7788
197.500000	92.727	-0.6328
200.000000	92.710	-0.4723
203.000000	92.704	-0.2924
206.000000	92.709	-0.1847
209.000000	92.711	-0.1460
212.000000	92.707	-0.1448
214.000000	92.702	-0.1584
218.000000	92.689	-0.1642
220.000000	92.681	-0.1578
224.000000	92.663	-0.1351
227.000000	92.650	-0.1051
230.000000	92.637	-0.0648
233.000000	92.625	-0.0140
236.000000	92.613	0.0443
240.000000	92.597	0.1248
243.000000	92.586	0.1810
247.000000	92.570	0.2574
250.000000	92.558	0.3239
254.000000	92.542	0.4139
258.000000	92.523	0.4977
262.000000	92.502	0.5925
265.000000	92.487	0.6722
269.000000	92.468	0.7761
272.000000	92.454	0.8477
276.000000	92.436	0.9609
280.000000	92.421	1.0879
285.000000	92.404	1.2392
290.000000	92.388	1.3799
295.000000	92.371	1.5242
300.000000	92.355	1.6678
304.000000	92.345	1.7891
307.000000	92.338	1.8724
311.000000	92.332	1.9766
315.000000	92.329	2.0828
320.000000	92.330	2.2159
325.000000	92.338	2.3386
330.000000	92.347	2.4690
335.000000	92.355	2.5802
340.000000	92.365	2.6895
345.000000	92.377	2.8207
350.000000	92.389	2.9473
355.000000	92.401	3.0676
360.000000	92.412	3.1864
365.000000	92.425	3.3010
370.000000	92.438	3.4102
375.000000	92.453	3.5120
382.000000	92.476	3.6564
387.000000	92.492	3.7535
395.000000	92.519	3.9007
400.000000	92.537	3.9923
406.000000	92.559	4.0922
412.000000	92.581	4.1792
418.000000	92.602	4.2666
425.000000	92.628	4.3519
431.000000	92.651	4.4111
437.000000	92.674	4.4523
444.000000	92.702	4.4918
450.000000	92.726	4.5168
455.000000	92.746	4.5270
462.000000	92.773	4.5262
468.000000	92.795	4.5186
475.000000	92.821	4.5030
482.000000	92.844	4.4767
487.000000	92.860	4.4430
494.000000	92.883	4.3843
500.000000	92.901	4.3201
508.000000	92.926	4.2267
515.000000	92.947	4.1363
522.000000	92.966	4.0317
530.000000	92.984	3.9124
538.000000	92.997	3.7810
545.000000	93.006	3.6613
552.000000	93.011	3.5538
560.000000	93.013	3.4308
570.000000	93.011	3.2786
580.000000	93.005	3.1280
590.000000	92.993	3.0086
600.000000	92.974	2.9128
608.000000	92.957	2.8376
615.000000	92.940	2.7948
622.000000	92.922	2.7690
630.000000	92.902	2.7562
640.000000	92.879	2.7634
650.000000	92.856	2.8026
660.000000	92.831	2.8784
670.000000	92.806	2.9872
680.000000	92.779	3.1300
690.000000	92.752	3.3065
700.000000	92.725	3.5176
710.000000	92.697	3.7648
720.000000	92.671	4.0387
730.000000	92.646	4.3394
740.000000	92.623	4.6737
750.000000	92.602	5.0438
762.000000	92.578	5.5104
775.000000	92.556	6.0714
788.000000	92.540	6.7024
800.000000	92.527	7.3254
812.000000	92.512	7.9680
825.000000	92.496	8.6952
838.000000	92.488	9.4414
850.000000	92.487	10.1485
862.000000	92.490	10.8748
875.000000	92.502	11.6744
885.000000	92.516	12.2905
900.000000	92.545	13.2170
912.000000	92.576	13.9597
925.000000	92.617	14.7603
938.000000	92.665	15.5511
950.000000	92.716	16.2659
962.000000	92.773	16.9595
975.000000	92.841	17.6855
988.000000	92.913	18.3850
1000.000000	92.975	19.0049
1015.000000	93.039	19.7385
1030.000000	93.099	20.4207
1044.000000	93.159	21.0164
1060.000000	93.234	21.6523
1075.000000	93.308	22.1989
1090.000000	93.386	22.6800
1106.000000	93.474	23.1176
1120.000000	93.552	23.4397
1138.000000	93.652	23.7612
1150.000000	93.717	23.9167
1172.000000	93.822	24.1161
1180.000000	93.856	24.1703
1206.000000	93.957	24.3557
1220.000000	94.009	24.4772
1241.000000	94.095	24.6663
1250.000000	94.138	24.7411
1265.000000	94.219	24.8517
1280.000000	94.308	24.9380
1315.000000	94.516	25.0468
1320.000000	94.545	25.0523
1340.000000	94.659	25.0578
1360.000000	94.768	25.0371
1380.000000	94.873	24.9973
1400.000000	94.975	24.9484
1430.000000	95.119	24.8613
1450.000000	95.211	24.8005
1475.000000	95.322	24.7239
1500.000000	95.432	24.6564
1525.000000	95.542	24.6031
1550.000000	95.653	24.5441
1575.000000	95.767	24.4645
1600.000000	95.882	24.3518
1625.000000	96.000	24.2149
1650.000000	96.117	24.0634
1675.000000	96.232	23.8993
1700.000000	96.345	23.7252
1725.000000	96.457	23.5392
1750.000000	96.569	23.3521
1775.000000	96.681	23.1525
1800.000000	96.792	22.9315
1825.000000	96.902	22.6890
1850.000000	97.011	22.4279
1875.000000	97.121	22.1511
1900.000000	97.229	21.8470
1925.000000	97.335	21.5182
1950.000000	97.441	21.1759
1975.000000	97.545	20.8248
2000.000000	97.649	20.4576
2030.000000	97.772	19.9943
2060.000000	97.895	19.5041
2090.000000	98.020	18.9938
2120.000000	98.149	18.4470
2140.000000	98.237	18.0430
2180.000000	98.413	17.0892
2200.000000	98.496	16.5317
2240.000000	98.642	15.2909
2270.000000	98.732	14.2984
2300.000000	98.808	13.2914
2330.000000	98.871	12.2811
2360.000000	98.921	11.2693
2400.000000	98.970	9.9261
2430.000000	98.994	8.9316
2470.000000	99.008	7.6208
2500.000000	99.005	6.6586
2540.000000	98.983	5.4342
2580.000000	98.945	4.2986
2620.000000	98.891	3.2578
2650.000000	98.845	2.5555
2690.000000	98.783	1.7517
2720.000000	98.741	1.2269
2760.000000	98.693	0.5586
2800.000000	98.653	-0.1352
2850.000000	98.605	-1.0541
2900.000000	98.542	-2.0181
2950.000000	98.463	-2.9717
3000.000000	98.375	-3.8638
3040.000000	98.297	-4.5452
3070.000000	98.233	-5.0493
3110.000000	98.142	-5.7016
3150.000000	98.049	-6.3121
3200.000000	97.931	-7.0123
3250.000000	97.809	-7.6553
3300.000000	97.680	-8.2325
3350.000000	97.545	-8.7308
3400.000000	97.405	-9.1492
3450.000000	97.260	-9.5283
3500.000000	97.109	-9.9020
3550.000000	96.955	-10.2413
3600.000000	96.801	-10.5115
3650.000000	96.646	-10.6904
3700.000000	96.494	-10.7859
3750.000000	96.341	-10.8181
3820.000000	96.131	-10.7551
3870.000000	95.983	-10.6296
3950.000000	95.752	-10.3167
4000.000000	95.605	-10.0515
4060.000000	95.418	-9.6631
4120.000000	95.229	-9.1920
4180.000000	95.052	-8.6490
4250.000000	94.860	-7.9987
4310.000000	94.707	-7.4708
4370.000000	94.563	-6.9618
4440.000000	94.403	-6.3674
4500.000000	94.266	-5.8749
4550.000000	94.153	-5.4716
4620.000000	93.995	-4.8878
4680.000000	93.862	-4.3771
4750.000000	93.706	-3.7783
4820.000000	93.547	-3.1675
4870.000000	93.431	-2.7077
4940.000000	93.265	-2.0186
5000.000000	93.120	-1.3765
5080.000000	92.937	-0.3840
5150.000000	92.786	0.5923
5220.000000	92.641	1.6196
5300.000000	92.483	2.8635
5380.000000	92.329	4.1792
5450.000000	92.198	5.3985
5520.000000	92.068	6.6976
5600.000000	91.918	8.2961
5700.000000	91.726	10.5367
5800.000000	91.532	13.1975
5900.000000	91.349	16.4514
6000.000000	91.224	20.5966
6080.000000	91.221	24.6674
6150.000000	91.336	28.6995
6220.000000	91.593	32.9608
6300.000000	92.083	37.6796
6400.000000	92.989	42.5906
6500.000000	94.175	45.5214
6600.000000	95.542	45.8081
6700.000000	96.924	42.9221
6800.000000	98.106	36.7207
6900.000000	98.865	27.9104
7000.000000	99.073	18.0362
7100.000000	98.754	8.8467
7200.000000	98.069	1.5073
7300.000000	97.199	-3.6934
7400.000000	96.272	-6.9817
7500.000000	95.360	-8.7277
7620.000000	94.339	-9.2841
7750.000000	93.345	-8.5563
7880.000000	92.465	-6.8529
8000.000000	91.745	-4.5849
8120.000000	91.111	-1.7155
8250.000000	90.523	2.0474
8380.000000	90.050	6.4187
8500.000000	89.730	10.9121
8620.000000	89.544	15.7776
8750.000000	89.516	21.3416
8850.000000	89.633	25.6699
9000.000000	90.051	31.8302
9120.000000	90.604	36.1979
9250.000000	91.422	39.9945
9380.000000	92.447	42.2622
9500.000000	93.530	42.4376
9620.000000	94.649	40.2927
9750.000000	95.737	35.1414
9880.000000	96.521	27.4796
10000.000000	96.861	18.9643
10150.000000	96.682	8.0020
10300.000000	95.906	-1.2263
10440.000000	94.871	-7.2399
10600.000000	93.593	-11.0795
10750.000000	92.457	-12.4093
10900.000000	91.438	-12.2620
11060.000000	90.490	-11.0488
11200.000000	89.772	-9.3895
11380.000000	88.985	-6.7126
11500.000000	88.533	-4.7158
11720.000000	87.840	-0.7675
11800.000000	87.628	0.7350
12060.000000	87.072	5.8009
12200.000000	86.853	8.6393
12410.000000	86.628	12.9269
12500.000000	86.567	14.7342
12650.000000	86.516	17.7180
12800.000000	86.528	20.6890
13150.000000	86.845	27.4528
13200.000000	86.928	28.3618
13400.000000	87.369	31.7048
13600.000000	88.008	34.4169
13800.000000	88.865	36.0237
14000.000000	89.925	35.8326
14300.000000	91.698	30.3492
14500.000000	92.689	22.3546
14750.000000	93.204	8.7480
15000.000000	92.709	-4.8220
15250.000000	91.535	-14.7482
15500.000000	90.260	-20.0608
15750.000000	89.290	-22.1139
16000.000000	88.848	-22.8040
16250.000000	89.038	-24.1821
16500.000000	89.727	-28.6197
16750.000000	90.518	-38.5144
17000.000000	90.720	-54.3223
17250.000000	89.719	-72.5815
17500.000000	87.505	-87.8599
17750.000000	84.609	-97.1565
18000.000000	81.603	-100.8364
18250.000000	78.812	-100.5427
18500.000000	76.327	-97.7146
18750.000000	74.129	-93.3086
19000.000000	72.176	-87.8079
19250.000000	70.431	-81.4847
19500.000000	68.864	-74.6881
19750.000000	67.545	-67.9679
