20.000000	101.599	70.4610
20.299999	101.689	68.9807
20.600000	101.779	67.4841
20.900000	101.864	65.9684
21.200001	101.940	64.4501
21.400000	101.986	63.4487
21.799999	102.066	61.4968
22.000000	102.103	60.5513
22.400000	102.174	58.7145
22.700001	102.226	57.3710
23.000000	102.275	56.0456
23.299999	102.322	54.7338
23.600000	102.365	53.4370
24.000000	102.418	51.7370
24.299999	102.453	50.4858
24.700001	102.497	48.8464
25.000000	102.527	47.6345
25.400000	102.562	46.0401
25.799999	102.590	44.4746
26.200001	102.614	42.9450
26.500000	102.628	41.8235
26.900000	102.645	40.3589
27.200001	102.656	39.2799
27.600000	102.666	37.8651
28.000000	102.671	36.4839
28.500000	102.671	34.8253
29.000000	102.667	33.2561
29.500000	102.665	31.7561
30.000000	102.667	30.2790
30.400000	102.665	29.0959
30.700001	102.660	28.2145
31.100000	102.647	27.0687
31.500000	102.630	25.9802
32.000000	102.610	24.7009
32.500000	102.597	23.4625
33.000000	102.586	22.2086
33.500000	102.567	20.9446
34.000000	102.536	19.7330
34.500000	102.502	18.6190
35.000000	102.474	17.5808
35.500000	102.453	16.5623
36.000000	102.432	15.5405
36.500000	102.407	14.5378
37.000000	102.379	13.5769
37.500000	102.352	12.6522
38.200001	102.310	11.4046
38.700001	102.277	10.5678
39.500000	102.231	9.3180
40.000000	102.207	8.5216
40.599998	102.170	7.5182
41.200001	102.109	6.5711
41.799999	102.039	5.8164
42.500000	101.981	5.1537
43.099998	101.962	4.5969
43.700001	101.959	3.9318
44.400002	101.953	3.0459
45.000000	101.945	2.2511
45.500000	101.938	1.5646
46.200001	101.922	0.5431
46.799999	101.893	-0.3534
47.500000	101.840	-1.3206
48.200001	101.780	-2.1547
48.700001	101.740	-2.6954
49.400002	101.683	-3.4113
50.000000	101.633	-3.9876
50.799999	101.566	-4.7319
51.500000	101.507	-5.4120
52.200001	101.441	-6.1026
53.000000	101.360	-6.8468
53.799999	101.282	-7.5543
54.500000	101.215	-8.1535
55.200001	101.153	-8.7240
56.000000	101.089	-9.3760
57.000000	101.005	-10.2014
58.000000	100.920	-10.9309
59.000000	100.844	-11.6453
60.000000	100.758	-12.3729
60.799999	100.684	-12.8982
61.500000	100.620	-13.3290
62.200001	100.558	-13.7625
63.000000	100.485	-14.2737
64.000000	100.388	-14.8390
65.000000	100.309	-15.2783
66.000000	100.249	-15.7958
67.000000	100.180	-16.3630
68.000000	100.111	-16.8813
69.000000	100.041	-17.4030
70.000000	99.965	-17.8896
71.000000	99.889	-18.3353
72.000000	99.813	-18.7512
73.000000	99.740	-19.1561
74.000000	99.668	-19.5702
75.000000	99.594	-19.9786
76.199997	99.506	-20.4137
77.500000	99.419	-20.8457
78.800003	99.333	-21.2971
80.000000	99.245	-21.6796
81.199997	99.154	-22.0249
82.500000	99.055	-22.3796
83.800003	98.960	-22.7328
85.000000	98.875	-23.0643
86.199997	98.792	-23.3746
87.500000	98.707	-23.6448
88.500000	98.650	-23.8101
90.000000	98.573	-24.1888
91.199997	98.482	-24.5487
92.500000	98.373	-24.7645
93.800003	98.274	-24.9415
95.000000	98.190	-25.1116
96.199997	98.111	-25.2974
97.500000	98.028	-25.4862
98.800003	97.947	-25.6327
100.000000	97.874	-25.7615
101.500000	97.778	-25.9000
103.000000	97.687	-26.0452
104.400002	97.600	-26.2423
106.000000	97.497	-26.4641
107.500000	97.403	-26.6256
109.000000	97.316	-26.7661
110.599998	97.226	-26.9084
112.000000	97.148	-27.0125
113.800003	97.047	-27.1047
115.000000	96.978	-27.1450
117.199997	96.840	-27.1663
118.000000	96.787	-27.1349
120.599998	96.658	-26.9949
122.000000	96.600	-27.1867
124.099998	96.496	-27.4657
125.000000	96.454	-27.5404
126.500000	96.387	-27.6061
128.000000	96.325	-27.6079
131.500000	96.180	-27.6301
132.000000	96.158	-27.6378
134.000000	96.074	-27.6646
136.000000	95.993	-27.6859
138.000000	95.908	-27.6533
140.000000	95.825	-27.5585
143.000000	95.699	-27.3505
145.000000	95.617	-27.1467
147.500000	95.527	-26.8055
150.000000	95.459	-26.4143
152.500000	95.417	-26.0438
155.000000	95.391	-25.8119
157.500000	95.364	-25.7385
160.000000	95.326	-25.7777
162.500000	95.270	-25.8525
165.000000	95.203	-25.9026
167.500000	95.131	-25.9101
170.000000	95.057	-25.8841
172.500000	94.981	-25.8528
175.000000	94.902	-25.8394
177.500000	94.825	-25.8171
180.000000	94.750	-25.7593
182.500000	94.675	-25.6367
185.000000	94.603	-25.4661
187.500000	94.539	-25.2752
190.000000	94.484	-25.0913
192.500000	94.436	-24.9336
195.000000	94.390	-24.8212
197.500000	94.341	-24.7458
200.000000	94.291	-24.6783
203.000000	94.231	-24.5861
206.000000	94.174	-24.4862
209.000000	94.118	-24.3998
212.000000	94.061	-24.3138
214.000000	94.023	-24.2474
218.000000	93.950	-24.0923
220.000000	93.916	-24.0093
224.000000	93.849	-23.8264
227.000000	93.800	-23.6743
230.000000	93.750	-23.5237
233.000000	93.702	-23.3661
236.000000	93.655	-23.2170
240.000000	93.593	-23.0464
243.000000	93.550	-22.9034
247.000000	93.494	-22.7046
250.000000	93.449	-22.5561
254.000000	93.386	-22.3708
258.000000	93.322	-22.1769
262.000000	93.261	-21.9742
265.000000	93.215	-21.8259
269.000000	93.151	-21.6343
272.000000	93.104	-21.4789
276.000000	93.043	-21.2646
280.000000	92.984	-21.0677
285.000000	92.913	-20.7849
290.000000	92.846	-20.5076
295.000000	92.780	-20.2366
300.000000	92.713	-19.9483
304.000000	92.662	-19.7031
307.000000	92.626	-19.5232
311.000000	92.581	-19.2934
315.000000	92.539	-19.0636
320.000000	92.494	-18.7731
325.000000	92.455	-18.4597
330.000000	92.416	-18.1460
335.000000	92.382	-17.8508
340.000000	92.350	-17.5421
345.000000	92.319	-17.2338
350.000000	92.290	-16.9291
355.000000	92.264	-16.6238
360.000000	92.239	-16.3132
365.000000	92.215	-16.0137
370.000000	92.192	-15.7053
375.000000	92.172	-15.4000
382.000000	92.149	-14.9718
387.000000	92.136	-14.6670
395.000000	92.117	-14.2172
400.000000	92.105	-13.9475
406.000000	92.094	-13.6212
412.000000	92.085	-13.3088
418.000000	92.076	-12.9921
425.000000	92.071	-12.6384
431.000000	92.068	-12.3525
437.000000	92.066	-12.0932
444.000000	92.066	-11.8088
450.000000	92.066	-11.5699
455.000000	92.067	-11.3847
462.000000	92.070	-11.1410
468.000000	92.074	-10.9379
475.000000	92.076	-10.7274
482.000000	92.079	-10.5372
487.000000	92.081	-10.4081
494.000000	92.085	-10.2479
500.000000	92.088	-10.1278
508.000000	92.094	-9.9907
515.000000	92.100	-9.8759
522.000000	92.102	-9.7604
530.000000	92.101	-9.6560
538.000000	92.098	-9.5675
545.000000	92.093	-9.4932
552.000000	92.085	-9.4271
560.000000	92.073	-9.3481
570.000000	92.056	-9.2548
580.000000	92.032	-9.1606
590.000000	92.004	-9.0560
600.000000	91.973	-8.9475
608.000000	91.944	-8.8409
615.000000	91.918	-8.7273
622.000000	91.891	-8.6066
630.000000	91.861	-8.4555
640.000000	91.826	-8.2380
650.000000	91.790	-7.9967
660.000000	91.753	-7.7367
670.000000	91.718	-7.4539
680.000000	91.679	-7.1290
690.000000	91.638	-6.7562
700.000000	91.599	-6.3472
710.000000	91.565	-5.9088
720.000000	91.531	-5.4298
730.000000	91.496	-4.9005
740.000000	91.462	-4.3588
750.000000	91.432	-3.8031
762.000000	91.398	-3.0822
775.000000	91.365	-2.2727
788.000000	91.338	-1.4417
800.000000	91.313	-0.6567
812.000000	91.288	0.1705
825.000000	91.263	1.0980
838.000000	91.242	2.0310
850.000000	91.232	2.9089
862.000000	91.228	3.7950
875.000000	91.230	4.7673
885.000000	91.236	5.5176
900.000000	91.255	6.6376
912.000000	91.276	7.5369
925.000000	91.306	8.5045
938.000000	91.344	9.4625
950.000000	91.386	10.3390
962.000000	91.434	11.1995
975.000000	91.491	12.1073
988.000000	91.549	12.9891
1000.000000	91.599	13.7797
1015.000000	91.652	14.7468
1030.000000	91.703	15.6893
1044.000000	91.754	16.5275
1060.000000	91.821	17.4477
1075.000000	91.895	18.2737
1090.000000	91.980	19.0411
1106.000000	92.081	19.7650
1120.000000	92.174	20.2980
1138.000000	92.292	20.8439
1150.000000	92.367	21.1363
1172.000000	92.492	21.5669
1180.000000	92.533	21.7013
1206.000000	92.658	22.1166
1220.000000	92.721	22.3346
1241.000000	92.820	22.6345
1250.000000	92.869	22.7488
1265.000000	92.958	22.9185
1280.000000	93.052	23.0603
1315.000000	93.266	23.3105
1320.000000	93.296	23.3399
1340.000000	93.409	23.4431
1360.000000	93.516	23.5273
1380.000000	93.619	23.5991
1400.000000	93.718	23.6652
1430.000000	93.860	23.7623
1450.000000	93.951	23.8423
1475.000000	94.065	23.9530
1500.000000	94.180	24.0637
1525.000000	94.296	24.1592
1550.000000	94.412	24.2145
1575.000000	94.526	24.2435
1600.000000	94.641	24.2567
1625.000000	94.760	24.2664
1650.000000	94.878	24.2773
1675.000000	94.995	24.2704
1700.000000	95.110	24.2466
1725.000000	95.226	24.2155
1750.000000	95.342	24.1752
1775.000000	95.456	24.1273
1800.000000	95.570	24.0678
1825.000000	95.685	23.9960
1850.000000	95.799	23.9128
1875.000000	95.914	23.8165
1900.000000	96.029	23.7140
1925.000000	96.147	23.6035
1950.000000	96.268	23.4740
1975.000000	96.395	23.3147
2000.000000	96.529	23.1085
2030.000000	96.696	22.7557
2060.000000	96.862	22.2681
2090.000000	97.019	21.6689
2120.000000	97.162	20.9884
2140.000000	97.249	20.5020
2180.000000	97.405	19.4871
2200.000000	97.477	18.9745
2240.000000	97.609	17.9362
2270.000000	97.696	17.1169
2300.000000	97.772	16.2516
2330.000000	97.839	15.3622
2360.000000	97.896	14.4760
2400.000000	97.955	13.3004
2430.000000	97.985	12.4258
2470.000000	98.006	11.2903
2500.000000	98.011	10.4814
2540.000000	98.005	9.4760
2580.000000	97.993	8.5708
2620.000000	97.982	7.7479
2650.000000	97.977	7.1385
2690.000000	97.970	6.2754
2720.000000	97.960	5.5813
2760.000000	97.934	4.6230
2800.000000	97.888	3.6765
2850.000000	97.808	2.5779
2900.000000	97.710	1.5944
2950.000000	97.601	0.7156
3000.000000	97.485	-0.0817
3040.000000	97.388	-0.6982
3070.000000	97.310	-1.1677
3110.000000	97.202	-1.8026
3150.000000	97.093	-2.4165
3200.000000	96.957	-3.1165
3250.000000	96.818	-3.7257
3300.000000	96.673	-4.2382
3350.000000	96.523	-4.6552
3400.000000	96.370	-4.9683
3450.000000	96.214	-5.1734
3500.000000	96.059	-5.2883
3550.000000	95.904	-5.3249
3600.000000	95.753	-5.2760
3650.000000	95.608	-5.1309
3700.000000	95.471	-4.9203
3750.000000	95.342	-4.6869
3820.000000	95.172	-4.3231
3870.000000	95.054	-4.0280
3950.000000	94.861	-3.4891
4000.000000	94.734	-3.0854
4060.000000	94.569	-2.5175
4120.000000	94.403	-1.8752
4180.000000	94.245	-1.1866
4250.000000	94.072	-0.3547
4310.000000	93.935	0.3629
4370.000000	93.805	1.0833
4440.000000	93.664	1.9419
4500.000000	93.548	2.6820
4550.000000	93.455	3.2911
4620.000000	93.331	4.1533
4680.000000	93.231	4.9014
4750.000000	93.119	5.7753
4820.000000	93.011	6.6527
4870.000000	92.935	7.2595
4940.000000	92.826	8.0690
5000.000000	92.732	8.7533
5080.000000	92.607	9.6786
5150.000000	92.488	10.5114
5220.000000	92.356	11.3978
5300.000000	92.190	12.5367
5380.000000	92.009	13.8443
5450.000000	91.848	15.1708
5520.000000	91.686	16.6687
5600.000000	91.500	18.5956
5700.000000	91.261	21.4348
5800.000000	91.031	25.0605
5900.000000	90.869	29.7967
6000.000000	90.862	35.5308
6080.000000	91.026	40.5504
6150.000000	91.319	45.0453
6220.000000	91.758	49.4330
6300.000000	92.430	53.9933
6400.000000	93.504	58.5304
6500.000000	94.806	61.2368
6600.000000	96.268	61.4661
6700.000000	97.755	58.5966
6800.000000	99.071	52.4428
6900.000000	99.990	43.5593
7000.000000	100.358	33.3067
7100.000000	100.177	23.4776
7200.000000	99.596	15.3936
7300.000000	98.798	9.4305
7400.000000	97.924	5.4255
7500.000000	97.052	3.0016
7620.000000	96.061	1.6506
7750.000000	95.083	1.6332
7880.000000	94.202	2.7382
8000.000000	93.473	4.5434
8120.000000	92.830	7.0155
8250.000000	92.231	10.3442
8380.000000	91.747	14.3579
8500.000000	91.414	18.5752
8620.000000	91.211	23.2435
8750.000000	91.156	28.6075
8850.000000	91.242	32.7909
9000.000000	91.604	39.0062
9120.000000	92.105	43.6213
9250.000000	92.856	47.8002
9380.000000	93.817	50.7440
9500.000000	94.867	51.9739
9620.000000	96.019	51.2950
9750.000000	97.285	48.0246
9880.000000	98.421	41.9296
10000.000000	99.166	33.9254
10150.000000	99.479	22.1124
10300.000000	99.076	10.8048
10440.000000	98.230	2.4916
10600.000000	97.009	-3.6746
10750.000000	95.845	-6.6364
10900.000000	94.776	-7.6760
11060.000000	93.782	-7.3698
11200.000000	93.040	-6.2444
11380.000000	92.250	-4.0428
11500.000000	91.819	-2.3116
11720.000000	91.208	1.0985
11800.000000	91.040	2.3928
12060.000000	90.641	6.3665
12200.000000	90.490	8.2073
12410.000000	90.309	10.7002
12500.000000	90.244	11.7095
12650.000000	90.156	13.3971
12800.000000	90.107	15.2624
13150.000000	90.223	20.2437
13200.000000	90.274	20.9896
13400.000000	90.580	23.9051
13600.000000	91.078	26.6035
13800.000000	91.793	28.7480
14000.000000	92.739	29.9163
14300.000000	94.515	27.8920
14500.000000	95.735	22.5235
14750.000000	96.821	11.0911
15000.000000	96.972	-3.0470
15250.000000	96.209	-15.3296
15500.000000	95.021	-23.2092
15750.000000	93.936	-27.1917
16000.000000	93.309	-29.0882
16250.000000	93.309	-31.1463
16500.000000	93.849	-35.8275
16750.000000	94.583	-45.6805
17000.000000	94.863	-61.3937
17250.000000	94.020	-80.1342
17500.000000	91.930	-96.6902
17750.000000	89.063	-107.6254
18000.000000	86.015	-112.7892
18250.000000	83.158	-113.6700
18500.000000	80.612	-111.8947
18750.000000	78.365	-108.4448
19000.000000	76.375	-103.8514
19250.000000	74.593	-98.5320
19500.000000	72.993	-92.7451
19750.000000	71.652	-86.7871
