20.144928	98.076
20.290907	98.106
20.437943	98.136
20.586044	98.166
20.735220	98.197
20.885475	98.227
21.036821	98.257
21.189262	98.288
21.342808	98.318
21.497467	98.348
21.653246	98.379
21.810154	98.409
21.968201	98.440
22.127390	98.470
22.287735	98.500
22.449242	98.530
22.611917	98.560
22.775772	98.590
22.940815	98.620
23.107054	98.650
23.274498	98.681
23.443153	98.711
23.613033	98.741
23.784142	98.770
23.956491	98.799
24.130091	98.827
24.304947	98.854
24.481071	98.880
24.658470	98.906
24.837156	98.930
25.017136	98.955
25.198421	98.979
25.381020	99.004
25.564941	99.029
25.750195	99.054
25.936790	99.079
26.124741	99.105
26.314051	99.131
26.504732	99.157
26.696796	99.182
26.890253	99.207
27.085112	99.232
27.281382	99.256
27.479073	99.279
27.678198	99.303
27.878765	99.325
28.080786	99.348
28.284271	99.370
28.489231	99.393
28.695675	99.415
28.903616	99.436
29.113064	99.458
29.324028	99.479
29.536524	99.501
29.750557	99.522
29.966141	99.542
30.183289	99.562
30.402010	99.582
30.622314	99.601
30.844217	99.620
31.067726	99.639
31.292856	99.657
31.519617	99.675
31.748020	99.693
31.978081	99.711
32.209808	99.729
32.443211	99.746
32.678310	99.764
32.915108	99.781
33.153625	99.798
33.393871	99.815
33.635857	99.831
33.879597	99.847
34.125103	99.863
34.372387	99.879
34.621464	99.895
34.872345	99.911
35.125042	99.927
35.379574	99.944
35.635948	99.960
35.894180	99.976
36.154285	99.992
36.416275	100.008
36.680161	100.023
36.945961	100.038
37.213688	100.052
37.483353	100.066
37.754974	100.080
38.028561	100.094
38.304131	100.107
38.581699	100.120
38.861279	100.133
39.142883	100.146
39.426529	100.158
39.712231	100.170
40.000000	100.181
40.289856	100.193
40.581814	100.205
40.875885	100.217
41.172089	100.228
41.470440	100.240
41.770950	100.251
42.073643	100.262
42.378525	100.273
42.685616	100.282
42.994934	100.292
43.306492	100.301
43.620308	100.310
43.936401	100.320
44.254780	100.329
44.575470	100.338
44.898483	100.346
45.223835	100.354
45.551544	100.362
45.881630	100.371
46.214108	100.379
46.548996	100.388
46.886307	100.396
47.226067	100.404
47.568283	100.412
47.912983	100.419
48.260181	100.426
48.609894	100.434
48.962143	100.442
49.316940	100.449
49.674313	100.455
50.034271	100.460
50.396843	100.461
50.762039	100.461
51.129883	100.460
51.500389	100.460
51.873581	100.460
52.249481	100.459
52.628101	100.458
53.009464	100.456
53.393593	100.454
53.780506	100.452
54.170223	100.451
54.562763	100.450
54.958145	100.447
55.356396	100.444
55.757530	100.441
56.161572	100.437
56.568542	100.434
56.978462	100.430
57.391350	100.426
57.807232	100.422
58.226128	100.418
58.648056	100.413
59.073048	100.408
59.501114	100.404
59.932281	100.399
60.366577	100.393
60.804020	100.388
61.244629	100.382
61.688435	100.376
62.135452	100.370
62.585712	100.364
63.039234	100.359
63.496040	100.356
63.956161	100.354
64.419617	100.353
64.886421	100.351
65.356621	100.349
65.830215	100.346
66.307251	100.344
66.787743	100.341
67.271713	100.338
67.759193	100.335
68.250206	100.332
68.744774	100.328
69.242928	100.324
69.744690	100.320
70.250084	100.315
70.759148	100.311
71.271896	100.306
71.788361	100.301
72.308571	100.297
72.832550	100.292
73.360321	100.287
73.891922	100.281
74.427376	100.275
74.966705	100.269
75.509949	100.263
76.057121	100.256
76.608261	100.250
77.163399	100.243
77.722557	100.236
78.285767	100.228
78.853058	100.220
79.424461	100.212
80.000000	100.203
80.579712	100.193
81.163628	100.182
81.751770	100.171
82.344177	100.160
82.940880	100.149
83.541901	100.137
84.147285	100.125
84.757050	100.113
85.371231	100.100
85.989868	100.087
86.612984	100.074
87.240616	100.061
87.872803	100.048
88.509560	100.034
89.150940	100.020
89.796967	100.006
90.447670	99.991
91.103088	99.976
91.763260	99.962
92.428215	99.947
93.097992	99.932
93.772614	99.916
94.452133	99.900
95.136566	99.883
95.825966	99.866
96.520363	99.849
97.219788	99.832
97.924286	99.814
98.633881	99.796
99.348625	99.778
100.068542	99.759
100.793686	99.740
101.524078	99.720
102.259766	99.700
103.000778	99.680
103.747162	99.660
104.498962	99.641
105.256203	99.623
106.018929	99.604
106.787186	99.585
107.561012	99.566
108.340446	99.547
109.125526	99.527
109.916290	99.507
110.712791	99.487
111.515060	99.466
112.323143	99.444
113.137085	99.421
113.956924	99.398
114.782700	99.374
115.614464	99.350
116.452255	99.326
117.296112	99.301
118.146095	99.276
119.002228	99.250
119.864563	99.225
120.733154	99.198
121.608040	99.171
122.489258	99.144
123.376869	99.118
124.270905	99.092
125.171425	99.070
126.078468	99.050
126.992081	99.035
127.912323	99.021
128.839233	99.010
129.772842	99.000
130.713242	98.991
131.660431	98.983
132.614502	98.975
133.575485	98.966
134.543427	98.957
135.518387	98.946
136.500412	98.933
137.489548	98.920
138.485855	98.905
139.489380	98.889
140.500168	98.872
141.518295	98.854
142.543793	98.836
143.576721	98.817
144.617142	98.797
145.665100	98.777
146.720642	98.756
147.783844	98.735
148.854752	98.715
149.933411	98.694
151.019897	98.673
152.114243	98.652
153.216522	98.630
154.326797	98.609
155.445114	98.588
156.571533	98.566
157.706116	98.544
158.848923	98.521
160.000000	98.496
161.159424	98.468
162.327255	98.438
163.503540	98.407
164.688354	98.376
165.881760	98.345
167.083801	98.313
168.294571	98.280
169.514099	98.248
170.742462	98.215
171.979736	98.182
173.225967	98.149
174.481232	98.116
175.745605	98.082
177.019119	98.048
178.301880	98.014
179.593933	97.980
180.895340	97.945
182.206177	97.909
183.526520	97.873
184.856430	97.837
186.195984	97.800
187.545227	97.763
188.904266	97.726
190.273132	97.688
191.651932	97.649
193.040726	97.611
194.439575	97.574
195.848572	97.537
197.267761	97.502
198.697250	97.470
200.137085	97.441
201.587372	97.416
203.048157	97.394
204.519531	97.372
206.001556	97.350
207.494324	97.326
208.997925	97.300
210.512405	97.273
212.037857	97.245
213.574371	97.216
215.122025	97.185
216.680893	97.154
218.251053	97.121
219.832581	97.090
221.425583	97.058
223.030121	97.026
224.646286	96.995
226.274170	96.963
227.913849	96.932
229.565399	96.901
231.228928	96.871
232.904510	96.840
234.592224	96.809
236.292191	96.777
238.004456	96.744
239.729126	96.712
241.466309	96.679
243.216080	96.646
244.978516	96.613
246.753738	96.579
248.541809	96.545
250.342850	96.509
252.156937	96.472
253.984161	96.434
255.824646	96.396
257.678467	96.359
259.545685	96.321
261.426483	96.283
263.320862	96.246
265.229004	96.208
267.150970	96.170
269.086853	96.132
271.036774	96.095
273.000824	96.057
274.979095	96.019
276.971710	95.981
278.978760	95.942
281.000336	95.903
283.036591	95.865
285.087585	95.826
287.153442	95.788
289.234283	95.750
291.330200	95.712
293.441284	95.673
295.567688	95.635
297.709503	95.596
299.866821	95.558
302.039795	95.519
304.228485	95.481
306.433044	95.443
308.653595	95.405
310.890228	95.367
313.143066	95.330
315.412231	95.295
317.697845	95.262
320.000000	95.231
322.318848	95.200
324.654510	95.170
327.007080	95.139
329.376709	95.109
331.763519	95.078
334.167603	95.048
336.589142	95.018
339.028198	94.988
341.484924	94.958
343.959473	94.928
346.451935	94.898
348.962463	94.869
351.491211	94.839
354.038239	94.809
356.603760	94.779
359.187866	94.750
361.790680	94.720
364.412354	94.691
367.053040	94.662
369.712860	94.633
372.391968	94.604
375.090454	94.575
377.808533	94.546
380.546265	94.517
383.303864	94.489
386.081451	94.461
388.879150	94.433
391.697144	94.405
394.535522	94.377
397.394501	94.350
400.274170	94.321
403.174744	94.293
406.096313	94.265
409.039062	94.238
412.003113	94.211
414.988647	94.184
417.995850	94.157
421.024811	94.130
424.075714	94.103
427.148743	94.076
430.244049	94.050
433.361786	94.024
436.502106	93.998
439.665161	93.972
442.851166	93.946
446.060242	93.921
449.292572	93.896
452.548340	93.871
455.827698	93.846
459.130798	93.822
462.457855	93.798
465.809021	93.774
469.184448	93.750
472.584381	93.726
476.008911	93.703
479.458252	93.680
482.932617	93.657
486.432159	93.635
489.957031	93.613
493.507477	93.591
497.083618	93.569
500.685699	93.549
504.313873	93.529
507.968323	93.511
511.649292	93.493
515.356934	93.476
519.091370	93.458
522.852966	93.441
526.641724	93.425
530.458008	93.408
534.301941	93.391
538.173706	93.375
542.073547	93.360
546.001648	93.345
549.958191	93.330
553.943420	93.316
557.957520	93.302
562.000671	93.288
566.073181	93.274
570.175171	93.261
574.306885	93.248
578.468567	93.236
582.660400	93.224
586.882568	93.212
591.135376	93.201
595.419006	93.190
599.733643	93.179
604.079590	93.169
608.456970	93.160
612.866089	93.151
617.307190	93.142
621.780457	93.134
626.286133	93.127
630.824463	93.122
635.395691	93.119
640.000000	93.117
644.637695	93.117
649.309021	93.117
654.014160	93.117
658.753418	93.118
663.527039	93.120
668.335205	93.122
673.178284	93.125
678.056396	93.128
682.969849	93.132
687.918945	93.136
692.903870	93.141
697.924927	93.146
702.982422	93.152
708.076477	93.158
713.207520	93.165
718.375732	93.172
723.581360	93.180
728.824707	93.188
734.106079	93.197
739.425720	93.206
744.783936	93.215
750.180908	93.225
755.617065	93.236
761.092529	93.246
766.607727	93.257
772.162903	93.269
777.758301	93.281
783.394287	93.294
789.071045	93.308
794.789001	93.321
800.548340	93.334
806.349487	93.346
812.192627	93.358
818.078125	93.371
824.006226	93.384
829.977295	93.399
835.991699	93.416
842.049622	93.433
848.151428	93.453
854.297485	93.473
860.488098	93.495
866.723572	93.518
873.004211	93.542
879.330322	93.568
885.702332	93.595
892.120483	93.623
898.585144	93.653
905.096680	93.683
911.655396	93.715
918.261597	93.749
924.915710	93.783
931.618042	93.819
938.368896	93.856
945.168762	93.894
952.017822	93.935
958.916504	93.976
965.865234	94.020
972.864319	94.066
979.914062	94.114
987.014954	94.165
994.167236	94.219
1001.371399	94.269
1008.627747	94.316
1015.936646	94.361
1023.298584	94.408
1030.713867	94.456
1038.182739	94.504
1045.705933	94.553
1053.283447	94.601
1060.916016	94.649
1068.603882	94.696
1076.347412	94.743
1084.147095	94.790
1092.003296	94.837
1099.916382	94.884
1107.886841	94.931
1115.915039	94.977
1124.001343	95.024
1132.146362	95.071
1140.350342	95.119
1148.613770	95.166
1156.937134	95.214
1165.320801	95.261
1173.765137	95.308
1182.270752	95.356
1190.838013	95.404
1199.467285	95.451
1208.159180	95.498
1216.913940	95.544
1225.732178	95.591
1234.614380	95.638
1243.560913	95.687
1252.572266	95.742
1261.648926	95.803
1270.791382	95.868
1280.000000	95.933
1289.275391	96.000
1298.618042	96.068
1308.028320	96.137
1317.506836	96.210
1327.054077	96.285
1336.670410	96.364
1346.356567	96.445
1356.112793	96.527
1365.939697	96.609
1375.837891	96.689
1385.807739	96.768
1395.849854	96.845
1405.964844	96.919
1416.152954	96.993
1426.415039	97.065
1436.751465	97.137
1447.162720	97.209
1457.649414	97.281
1468.212158	97.353
1478.851440	97.425
1489.567871	97.498
1500.361816	97.571
1511.234131	97.645
1522.185059	97.719
1533.215454	97.793
1544.325806	97.869
1555.516602	97.944
1566.788574	98.020
1578.142090	98.097
1589.578003	98.174
1601.096680	98.254
1612.698975	98.335
1624.385254	98.418
1636.156250	98.501
1648.012451	98.586
1659.954590	98.670
1671.983398	98.756
1684.099243	98.842
1696.302856	98.928
1708.594971	99.015
1720.976196	99.102
1733.447144	99.189
1746.008423	99.276
1758.660645	99.364
1771.404663	99.452
1784.240967	99.541
1797.170288	99.630
1810.193359	99.717
1823.310791	99.803
1836.523193	99.886
1849.831421	99.967
1863.236084	100.047
1876.737793	100.123
1890.337524	100.196
1904.035645	100.265
1917.833008	100.328
1931.730469	100.387
1945.728638	100.441
1959.828125	100.490
1974.029907	100.533
1988.334473	100.571
2002.742798	100.604
2017.255493	100.632
2031.873291	100.655
2046.597168	100.672
2061.427734	100.685
2076.365479	100.695
2091.411865	100.704
2106.566895	100.716
2121.832031	100.737
2137.207764	100.774
2152.694824	100.836
2168.294189	100.927
2184.006592	101.049
2199.832764	101.195
2215.773682	101.354
2231.830078	101.512
2248.002686	101.655
2264.292725	101.772
2280.700684	101.856
2297.227539	101.908
2313.874268	101.928
2330.641602	101.921
2347.530273	101.893
2364.541504	101.850
2381.676025	101.797
2398.934570	101.742
2416.318359	101.689
2433.827881	101.644
2451.464355	101.609
2469.228760	101.583
2487.121826	101.565
2505.144531	101.555
2523.297852	101.554
2541.582764	101.565
2560.000000	101.588
2578.550781	101.619
2597.236084	101.651
2616.056641	101.673
2635.013672	101.680
2654.108154	101.665
2673.340820	101.630
2692.713135	101.577
2712.225586	101.511
2731.879395	101.435
2751.675781	101.354
2771.615479	101.269
2791.699707	101.183
2811.929688	101.097
2832.305908	101.010
2852.830078	100.925
2873.502930	100.841
2894.325439	100.759
2915.298828	100.682
2936.424316	100.610
2957.702881	100.544
2979.135742	100.486
3000.723633	100.435
3022.468262	100.391
3044.370117	100.355
3066.430908	100.325
3088.651611	100.302
3111.033203	100.285
3133.577148	100.271
3156.284180	100.261
3179.156006	100.252
3202.193359	100.243
3225.397949	100.232
3248.770508	100.219
3272.312500	100.206
3296.024902	100.193
3319.909180	100.182
3343.966797	100.173
3368.198486	100.167
3392.605713	100.165
3417.189941	100.168
3441.952393	100.177
3466.894287	100.193
3492.016846	100.217
3517.321289	100.249
3542.809326	100.288
3568.481934	100.334
3594.340576	100.385
3620.386719	100.440
3646.621582	100.500
3673.046387	100.564
3699.662842	100.631
3726.472168	100.701
3753.475586	100.776
3780.675049	100.855
3808.071289	100.938
3835.666016	101.026
3863.460938	101.117
3891.457275	101.212
3919.656250	101.310
3948.059814	101.411
3976.668945	101.511
4005.485596	101.606
4034.510986	101.693
4063.746582	101.777
4093.194336	101.860
4122.855469	101.943
4152.730957	102.025
4182.823730	102.106
4213.133789	102.185
4243.664062	102.259
4274.415527	102.327
4305.389648	102.386
4336.588379	102.435
4368.013184	102.471
4399.665527	102.493
4431.547363	102.501
4463.660156	102.494
4496.005371	102.470
4528.585449	102.429
4561.401367	102.369
4594.455078	102.289
4627.748535	102.189
4661.283203	102.067
4695.060547	101.924
4729.083008	101.760
4763.352051	101.575
4797.869141	101.372
4832.636719	101.153
4867.655762	100.920
4902.928711	100.677
4938.457520	100.425
4974.243652	100.167
5010.289062	99.907
5046.595703	99.646
5083.165527	99.387
5120.000000	99.128
5157.101562	98.872
5194.472168	98.619
5232.113281	98.371
5270.027344	98.128
5308.216309	97.889
5346.681641	97.656
5385.426270	97.428
5424.451172	97.205
5463.758789	96.988
5503.351562	96.776
5543.230957	96.571
5583.399414	96.372
5623.859375	96.180
5664.611816	95.996
5705.660156	95.822
5747.005859	95.656
5788.650879	95.501
5830.597656	95.357
5872.848633	95.223
5915.405762	95.101
5958.271484	94.990
6001.447266	94.891
6044.936523	94.806
6088.740234	94.732
6132.861816	94.672
6177.303223	94.624
6222.066406	94.591
6267.154297	94.570
6312.568359	94.560
6358.312012	94.559
6404.386719	94.572
6450.795898	94.600
6497.541016	94.643
6544.625000	94.703
6592.049805	94.780
6639.818359	94.874
6687.933594	94.985
6736.396973	95.114
6785.211426	95.261
6834.379883	95.427
6883.904785	95.616
6933.788574	95.833
6984.033691	96.083
7034.642578	96.361
7085.618652	96.657
7136.963867	96.972
7188.681152	97.310
7240.773438	97.678
7293.243164	98.077
7346.092773	98.511
7399.325684	98.981
7452.944336	99.490
7506.951172	100.039
7561.350098	100.629
7616.142578	101.257
7671.332031	101.916
7726.921875	102.590
7782.914551	103.252
7839.312500	103.862
7896.119629	104.367
7953.337891	104.708
8010.971191	104.836
8069.021973	104.724
8127.493164	104.376
8186.388672	103.832
8245.710938	103.146
8305.461914	102.378
8365.647461	101.577
8426.267578	100.780
8487.328125	100.010
8548.831055	99.279
8610.779297	98.594
8673.176758	97.959
8736.026367	97.372
8799.331055	96.834
8863.094727	96.342
8927.320312	95.895
8992.010742	95.492
9057.170898	95.132
9122.802734	94.812
9188.910156	94.532
9255.497070	94.292
9322.566406	94.091
9390.121094	93.927
9458.166016	93.799
9526.704102	93.709
9595.738281	93.657
9665.273438	93.644
9735.311523	93.667
9805.857422	93.728
9876.915039	93.823
9948.487305	93.951
10020.578125	94.108
10093.191406	94.289
10166.331055	94.483
10240.000000	94.676
10314.203125	94.850
10388.944336	94.983
10464.226562	95.050
10540.054688	95.026
10616.432617	94.891
10693.363281	94.633
10770.852539	94.250
10848.902344	93.752
10927.517578	93.160
11006.703125	92.498
11086.461914	91.790
11166.798828	91.060
11247.718750	90.325
11329.223633	89.599
11411.320312	88.892
11494.011719	88.213
11577.301758	87.569
11661.195312	86.960
11745.697266	86.388
11830.811523	85.854
11916.542969	85.357
12002.894531	84.900
12089.873047	84.482
12177.480469	84.103
12265.723633	83.764
12354.606445	83.464
12444.132812	83.203
12534.308594	82.982
12625.136719	82.801
12716.624023	82.661
12808.773438	82.566
12901.591797	82.516
12995.082031	82.515
13089.250000	82.563
13184.099609	82.664
13279.636719	82.819
13375.867188	83.032
13472.793945	83.306
13570.422852	83.644
13668.759766	84.047
13767.809570	84.514
13867.577148	85.040
13968.067383	85.612
14069.285156	86.205
14171.237305	86.783
14273.927734	87.295
14377.362305	87.688
14481.546875	87.908
14586.486328	87.921
14692.185547	87.725
14798.651367	87.357
14905.888672	86.882
15013.902344	86.371
15122.700195	85.891
15232.285156	85.498
15342.664062	85.231
15453.843750	85.122
15565.829102	85.181
15678.625000	85.387
15792.239258	85.647
15906.675781	85.771
16021.942383	85.508
16138.043945	84.651
16254.986328	83.150
16372.777344	81.152
16491.421875	78.907
16610.923828	76.635
16731.294922	74.462
16852.535156	72.435
16974.656250	70.557
17097.662109	68.816
17221.558594	67.196
17346.353516	65.680
17472.052734	64.259
17598.662109	62.936
17726.189453	61.718
17854.640625	60.606
17984.021484	59.557
18114.341797	58.494
18245.605469	57.410
18377.820312	56.307
18510.994141	55.233
18645.132812	54.269
18780.242188	53.394
18916.332031	52.518
19053.408203	51.620
19191.476562	50.774
19330.546875	49.981
19470.623047	49.201
19611.714844	48.439
19753.830078	47.729
19896.974609	47.139
