20.000000	99.160
20.144928	99.181
20.290907	99.203
20.437943	99.224
20.586044	99.245
20.735220	99.264
20.885475	99.281
21.036821	99.297
21.189262	99.312
21.342808	99.326
21.497467	99.339
21.653246	99.351
21.810154	99.364
21.968201	99.377
22.127390	99.392
22.287735	99.407
22.449242	99.424
22.611917	99.441
22.775772	99.458
22.940815	99.474
23.107054	99.490
23.274498	99.504
23.443153	99.516
23.613033	99.527
23.784142	99.537
23.956491	99.547
24.130091	99.556
24.304947	99.566
24.481071	99.578
24.658470	99.591
24.837156	99.604
25.017136	99.618
25.198421	99.632
25.381020	99.644
25.564941	99.654
25.750195	99.661
25.936790	99.666
26.124741	99.668
26.314051	99.668
26.504732	99.668
26.696796	99.667
26.890253	99.669
27.085112	99.672
27.281382	99.678
27.479073	99.685
27.678198	99.694
27.878765	99.703
28.080786	99.711
28.284271	99.717
28.489231	99.721
28.695675	99.724
28.903616	99.725
29.113064	99.726
29.324028	99.727
29.536524	99.729
29.750557	99.732
29.966141	99.735
30.183289	99.737
30.402010	99.739
30.622314	99.740
30.844217	99.739
31.067726	99.738
31.292856	99.736
31.519617	99.735
31.748020	99.736
31.978081	99.738
32.209808	99.740
32.443211	99.742
32.678310	99.743
32.915108	99.742
33.153625	99.740
33.393871	99.738
33.635857	99.736
33.879597	99.735
34.125103	99.738
34.372387	99.742
34.621464	99.747
34.872345	99.752
35.125042	99.753
35.379574	99.750
35.635948	99.742
35.894180	99.731
36.154285	99.718
36.416275	99.707
36.680161	99.698
36.945961	99.693
37.213688	99.690
37.483353	99.688
37.754974	99.685
38.028561	99.680
38.304131	99.673
38.581699	99.664
38.861279	99.654
39.142883	99.645
39.426529	99.637
39.712231	99.629
40.000000	99.622
40.289856	99.616
40.581814	99.609
40.875885	99.602
41.172089	99.595
41.470440	99.588
41.770950	99.580
42.073643	99.572
42.378525	99.563
42.685616	99.554
42.994934	99.545
43.306492	99.537
43.620308	99.529
43.936401	99.521
44.254780	99.511
44.575470	99.500
44.898483	99.487
45.223835	99.474
45.551544	99.460
45.881630	99.447
46.214108	99.435
46.548996	99.423
46.886307	99.411
47.226067	99.397
47.568283	99.382
47.912983	99.365
48.260181	99.345
48.609894	99.323
48.962143	99.298
49.316940	99.273
49.674313	99.247
50.034271	99.221
50.396843	99.194
50.762039	99.168
51.129883	99.141
51.500389	99.117
51.873581	99.097
52.249481	99.083
52.628101	99.077
53.009464	99.078
53.393593	99.082
53.780506	99.087
54.170223	99.090
54.562763	99.090
54.958145	99.086
55.356396	99.076
55.757530	99.061
56.161572	99.040
56.568542	99.016
56.978462	98.993
57.391350	98.974
57.807232	98.958
58.226128	98.943
58.648056	98.925
59.073048	98.907
59.501114	98.891
59.932281	98.877
60.366577	98.862
60.804020	98.840
61.244629	98.809
61.688435	98.773
62.135452	98.738
62.585712	98.710
63.039234	98.689
63.496040	98.672
63.956161	98.657
64.419617	98.639
64.886421	98.617
65.356621	98.592
65.830215	98.566
66.307251	98.544
66.787743	98.528
67.271713	98.514
67.759193	98.497
68.250206	98.474
68.744774	98.449
69.242928	98.427
69.744690	98.410
70.250084	98.394
70.759148	98.372
71.271896	98.344
71.788361	98.312
72.308571	98.281
72.832550	98.257
73.360321	98.237
73.891922	98.219
74.427376	98.198
74.966705	98.173
75.509949	98.147
76.057121	98.123
76.608261	98.099
77.163399	98.075
77.722557	98.048
78.285767	98.021
78.853058	97.993
79.424461	97.965
80.000000	97.938
80.579712	97.915
81.163628	97.894
81.751770	97.873
82.344177	97.847
82.940880	97.819
83.541901	97.790
84.147285	97.758
84.757050	97.723
85.371231	97.686
85.989868	97.647
86.612984	97.607
87.240616	97.567
87.872803	97.530
88.509560	97.488
89.150940	97.436
89.796967	97.392
90.447670	97.374
91.103088	97.375
91.763260	97.372
92.428215	97.358
93.097992	97.339
93.772614	97.318
94.452133	97.294
95.136566	97.267
95.825966	97.242
96.520363	97.218
97.219788	97.192
97.924286	97.164
98.633881	97.134
99.348625	97.104
100.068542	97.073
100.793686	97.041
101.524078	97.009
102.259766	96.977
103.000778	96.946
103.747162	96.914
104.498962	96.882
105.256203	96.849
106.018929	96.817
106.787186	96.787
107.561012	96.757
108.340446	96.729
109.125526	96.703
109.916290	96.678
110.712791	96.652
111.515060	96.625
112.323143	96.596
113.137085	96.567
113.956924	96.537
114.782700	96.505
115.614464	96.472
116.452255	96.438
117.296112	96.405
118.146095	96.374
119.002228	96.341
119.864563	96.299
120.733154	96.257
121.608040	96.225
122.489258	96.196
123.376869	96.163
124.270905	96.129
125.171425	96.096
126.078468	96.065
126.992081	96.035
127.912323	96.005
128.839233	95.975
129.772842	95.947
130.713242	95.918
131.660431	95.889
132.614502	95.859
133.575485	95.829
134.543427	95.800
135.518387	95.770
136.500412	95.739
137.489548	95.707
138.485855	95.674
139.489380	95.641
140.500168	95.608
141.518295	95.575
142.543793	95.542
143.576721	95.509
144.617142	95.475
145.665100	95.442
146.720642	95.409
147.783844	95.377
148.854752	95.347
149.933411	95.320
151.019897	95.297
152.114243	95.277
153.216522	95.262
154.326797	95.253
155.445114	95.246
156.571533	95.240
157.706116	95.233
158.848923	95.223
160.000000	95.206
161.159424	95.181
162.327255	95.151
163.503540	95.119
164.688354	95.084
165.881760	95.047
167.083801	95.010
168.294571	94.971
169.514099	94.932
170.742462	94.893
171.979736	94.854
173.225967	94.814
174.481232	94.774
175.745605	94.734
177.019119	94.693
178.301880	94.653
179.593933	94.612
180.895340	94.572
182.206177	94.531
183.526520	94.492
184.856430	94.452
186.195984	94.413
187.545227	94.374
188.904266	94.337
190.273132	94.303
191.651932	94.272
193.040726	94.243
194.439575	94.218
195.848572	94.194
197.267761	94.171
198.697250	94.150
200.137085	94.129
201.587372	94.108
203.048157	94.087
204.519531	94.066
206.001556	94.043
207.494324	94.020
208.997925	93.995
210.512405	93.967
212.037857	93.937
213.574371	93.905
215.122025	93.872
216.680893	93.838
218.251053	93.804
219.832581	93.769
221.425583	93.734
223.030121	93.700
224.646286	93.666
226.274170	93.633
227.913849	93.601
229.565399	93.571
231.228928	93.542
232.904510	93.512
234.592224	93.481
236.292191	93.449
238.004456	93.417
239.729126	93.384
241.466309	93.349
243.216080	93.313
244.978516	93.278
246.753738	93.242
248.541809	93.208
250.342850	93.173
252.156937	93.140
253.984161	93.109
255.824646	93.082
257.678467	93.059
259.545685	93.040
261.426483	93.025
263.320862	93.013
265.229004	93.002
267.150970	92.993
269.086853	92.982
271.036774	92.970
273.000824	92.956
274.979095	92.939
276.971710	92.919
278.978760	92.897
281.000336	92.874
283.036591	92.849
285.087585	92.824
287.153442	92.798
289.234283	92.771
291.330200	92.743
293.441284	92.714
295.567688	92.685
297.709503	92.656
299.866821	92.626
302.039795	92.596
304.228485	92.567
306.433044	92.537
308.653595	92.507
310.890228	92.477
313.143066	92.446
315.412231	92.417
317.697845	92.390
320.000000	92.365
322.318848	92.341
324.654510	92.316
327.007080	92.291
329.376709	92.267
331.763519	92.243
334.167603	92.220
336.589142	92.197
339.028198	92.175
341.484924	92.153
343.959473	92.131
346.451935	92.111
348.962463	92.090
351.491211	92.070
354.038239	92.049
356.603760	92.029
359.187866	92.009
361.790680	91.989
364.412354	91.970
367.053040	91.951
369.712860	91.934
372.391968	91.918
375.090454	91.902
377.808533	91.887
380.546265	91.873
383.303864	91.858
386.081451	91.843
388.879150	91.829
391.697144	91.814
394.535522	91.800
397.394501	91.785
400.274170	91.770
403.174744	91.754
406.096313	91.738
409.039062	91.722
412.003113	91.705
414.988647	91.688
417.995850	91.670
421.024811	91.652
424.075714	91.633
427.148743	91.614
430.244049	91.594
433.361786	91.575
436.502106	91.555
439.665161	91.536
442.851166	91.516
446.060242	91.496
449.292572	91.477
452.548340	91.457
455.827698	91.438
459.130798	91.418
462.457855	91.399
465.809021	91.380
469.184448	91.361
472.584381	91.343
476.008911	91.325
479.458252	91.307
482.932617	91.290
486.432159	91.272
489.957031	91.254
493.507477	91.236
497.083618	91.219
500.685699	91.202
504.313873	91.186
507.968323	91.171
511.649292	91.156
515.356934	91.141
519.091370	91.127
522.852966	91.112
526.641724	91.098
530.458008	91.084
534.301941	91.071
538.173706	91.058
542.073547	91.045
546.001648	91.032
549.958191	91.019
553.943420	91.007
557.957520	90.995
562.000671	90.983
566.073181	90.972
570.175171	90.961
574.306885	90.951
578.468567	90.941
582.660400	90.931
586.882568	90.921
591.135376	90.912
595.419006	90.902
599.733643	90.893
604.079590	90.884
608.456970	90.875
612.866089	90.867
617.307190	90.859
621.780457	90.851
626.286133	90.844
630.824463	90.839
635.395691	90.836
640.000000	90.834
644.637695	90.833
649.309021	90.832
654.014160	90.832
658.753418	90.831
663.527039	90.831
668.335205	90.832
673.178284	90.832
678.056396	90.833
682.969849	90.833
687.918945	90.834
692.903870	90.835
697.924927	90.835
702.982422	90.836
708.076477	90.838
713.207520	90.839
718.375732	90.841
723.581360	90.843
728.824707	90.845
734.106079	90.848
739.425720	90.852
744.783936	90.856
750.180908	90.861
755.617065	90.867
761.092529	90.873
766.607727	90.880
772.162903	90.888
777.758301	90.896
783.394287	90.904
789.071045	90.913
794.789001	90.923
800.548340	90.932
806.349487	90.938
812.192627	90.944
818.078125	90.951
824.006226	90.958
829.977295	90.967
835.991699	90.976
842.049622	90.986
848.151428	90.998
854.297485	91.010
860.488098	91.024
866.723572	91.039
873.004211	91.055
879.330322	91.072
885.702332	91.091
892.120483	91.111
898.585144	91.132
905.096680	91.155
911.655396	91.179
918.261597	91.204
924.915710	91.231
931.618042	91.260
938.368896	91.289
945.168762	91.320
952.017822	91.353
958.916504	91.386
965.865234	91.422
972.864319	91.459
979.914062	91.497
987.014954	91.536
994.167236	91.575
1001.371399	91.608
1008.627747	91.635
1015.936646	91.658
1023.298584	91.682
1030.713867	91.706
1038.182739	91.732
1045.705933	91.759
1053.283447	91.787
1060.916016	91.815
1068.603882	91.845
1076.347412	91.875
1084.147095	91.906
1092.003296	91.937
1099.916382	91.968
1107.886841	92.000
1115.915039	92.032
1124.001343	92.064
1132.146362	92.097
1140.350342	92.129
1148.613770	92.162
1156.937134	92.194
1165.320801	92.226
1173.765137	92.258
1182.270752	92.289
1190.838013	92.320
1199.467285	92.351
1208.159180	92.381
1216.913940	92.410
1225.732178	92.438
1234.614380	92.467
1243.560913	92.496
1252.572266	92.531
1261.648926	92.571
1270.791382	92.614
1280.000000	92.657
1289.275391	92.700
1298.618042	92.741
1308.028320	92.783
1317.506836	92.823
1327.054077	92.862
1336.670410	92.901
1346.356567	92.939
1356.112793	92.977
1365.939697	93.014
1375.837891	93.050
1385.807739	93.085
1395.849854	93.121
1405.964844	93.156
1416.152954	93.191
1426.415039	93.225
1436.751465	93.259
1447.162720	93.292
1457.649414	93.326
1468.212158	93.360
1478.851440	93.393
1489.567871	93.426
1500.361816	93.460
1511.234131	93.494
1522.185059	93.528
1533.215454	93.562
1544.325806	93.596
1555.516602	93.630
1566.788574	93.665
1578.142090	93.700
1589.578003	93.736
1601.096680	93.773
1612.698975	93.813
1624.385254	93.855
1636.156250	93.897
1648.012451	93.940
1659.954590	93.984
1671.983398	94.028
1684.099243	94.073
1696.302856	94.118
1708.594971	94.165
1720.976196	94.213
1733.447144	94.262
1746.008423	94.311
1758.660645	94.362
1771.404663	94.414
1784.240967	94.466
1797.170288	94.520
1810.193359	94.575
1823.310791	94.631
1836.523193	94.689
1849.831421	94.747
1863.236084	94.807
1876.737793	94.868
1890.337524	94.931
1904.035645	94.995
1917.833008	95.060
1931.730469	95.126
1945.728638	95.195
1959.828125	95.265
1974.029907	95.336
1988.334473	95.409
2002.742798	95.484
2017.255493	95.562
2031.873291	95.642
2046.597168	95.724
2061.427734	95.807
2076.365479	95.892
2091.411865	95.978
2106.566895	96.067
2121.832031	96.157
2137.207764	96.250
2152.694824	96.343
2168.294189	96.439
2184.006592	96.537
2199.832764	96.637
2215.773682	96.738
2231.830078	96.842
2248.002686	96.948
2264.292725	97.055
2280.700684	97.165
2297.227539	97.276
2313.874268	97.390
2330.641602	97.506
2347.530273	97.623
2364.541504	97.742
2381.676025	97.863
2398.934570	97.985
2416.318359	98.109
2433.827881	98.235
2451.464355	98.362
2469.228760	98.490
2487.121826	98.619
2505.144531	98.749
2523.297852	98.879
2541.582764	99.010
2560.000000	99.142
2578.550781	99.273
2597.236084	99.404
2616.056641	99.534
2635.013672	99.664
2654.108154	99.792
2673.340820	99.918
2692.713135	100.042
2712.225586	100.164
2731.879395	100.282
2751.675781	100.397
2771.615479	100.508
2791.699707	100.615
2811.929688	100.717
2832.305908	100.813
2852.830078	100.903
2873.502930	100.987
2894.325439	101.064
2915.298828	101.134
2936.424316	101.195
2957.702881	101.249
2979.135742	101.294
3000.723633	101.330
3022.468262	101.357
3044.370117	101.375
3066.430908	101.384
3088.651611	101.383
3111.033203	101.374
3133.577148	101.357
3156.284180	101.334
3179.156006	101.306
3202.193359	101.273
3225.397949	101.232
3248.770508	101.186
3272.312500	101.133
3296.024902	101.075
3319.909180	101.012
3343.966797	100.945
3368.198486	100.874
3392.605713	100.801
3417.189941	100.726
3441.952393	100.650
3466.894287	100.572
3492.016846	100.495
3517.321289	100.417
3542.809326	100.341
3568.481934	100.265
3594.340576	100.190
3620.386719	100.117
3646.621582	100.046
3673.046387	99.976
3699.662842	99.908
3726.472168	99.841
3753.475586	99.777
3780.675049	99.716
3808.071289	99.657
3835.666016	99.602
3863.460938	99.551
3891.457275	99.504
3919.656250	99.461
3948.059814	99.422
3976.668945	99.387
4005.485596	99.352
4034.510986	99.314
4063.746582	99.277
4093.194336	99.244
4122.855469	99.215
4152.730957	99.189
4182.823730	99.166
4213.133789	99.145
4243.664062	99.125
4274.415527	99.105
4305.389648	99.084
4336.588379	99.062
4368.013184	99.036
4399.665527	99.005
4431.547363	98.968
4463.660156	98.924
4496.005371	98.869
4528.585449	98.804
4561.401367	98.725
4594.455078	98.632
4627.748535	98.524
4661.283203	98.402
4695.060547	98.264
4729.083008	98.112
4763.352051	97.947
4797.869141	97.770
4832.636719	97.584
4867.655762	97.392
4902.928711	97.199
4938.457520	97.006
4974.243652	96.818
5010.289062	96.639
5046.595703	96.473
5083.165527	96.322
5120.000000	96.187
5157.101562	96.068
5194.472168	95.967
5232.113281	95.884
5270.027344	95.818
5308.216309	95.770
5346.681641	95.737
5385.426270	95.718
5424.451172	95.711
5463.758789	95.713
5503.351562	95.722
5543.230957	95.736
5583.399414	95.751
5623.859375	95.765
5664.611816	95.776
5705.660156	95.782
5747.005859	95.780
5788.650879	95.770
5830.597656	95.749
5872.848633	95.719
5915.405762	95.678
5958.271484	95.627
6001.447266	95.566
6044.936523	95.497
6088.740234	95.421
6132.861816	95.338
6177.303223	95.251
6222.066406	95.160
6267.154297	95.067
6312.568359	94.971
6358.312012	94.871
6404.386719	94.772
6450.795898	94.678
6497.541016	94.590
6544.625000	94.511
6592.049805	94.442
6639.818359	94.384
6687.933594	94.340
6736.396973	94.312
6785.211426	94.299
6834.379883	94.305
6883.904785	94.330
6933.788574	94.376
6984.033691	94.446
7034.642578	94.541
7085.618652	94.660
7136.963867	94.804
7188.681152	94.975
7240.773438	95.177
7293.243164	95.412
7346.092773	95.682
7399.325684	95.988
7452.944336	96.330
7506.951172	96.706
7561.350098	97.114
7616.142578	97.552
7671.332031	98.011
7726.921875	98.480
7782.914551	98.941
7839.312500	99.367
7896.119629	99.728
7953.337891	99.988
8010.971191	100.115
8069.021973	100.084
8127.493164	99.886
8186.388672	99.526
8245.710938	99.027
8305.461914	98.423
8365.647461	97.750
8426.267578	97.042
8487.328125	96.327
8548.831055	95.624
8610.779297	94.947
8673.176758	94.305
8736.026367	93.701
8799.331055	93.138
8863.094727	92.617
8927.320312	92.137
8992.010742	91.698
9057.170898	91.297
9122.802734	90.932
9188.910156	90.604
9255.497070	90.309
9322.566406	90.046
9390.121094	89.812
9458.166016	89.609
9526.704102	89.435
9595.738281	89.289
9665.273438	89.170
9735.311523	89.075
9805.857422	89.000
9876.915039	88.942
9948.487305	88.896
10020.578125	88.858
10093.191406	88.822
10166.331055	88.781
10240.000000	88.729
10314.203125	88.661
10388.944336	88.571
10464.226562	88.455
10540.054688	88.309
10616.432617	88.131
10693.363281	87.924
10770.852539	87.686
10848.902344	87.421
10927.517578	87.132
11006.703125	86.822
11086.461914	86.498
11166.798828	86.164
11247.718750	85.826
11329.223633	85.489
11411.320312	85.160
11494.011719	84.844
11577.301758	84.545
11661.195312	84.269
11745.697266	84.018
11830.811523	83.792
11916.542969	83.593
12002.894531	83.420
12089.873047	83.272
12177.480469	83.150
12265.723633	83.056
12354.606445	82.992
12444.132812	82.959
12534.308594	82.958
12625.136719	82.987
12716.624023	83.047
12808.773438	83.136
12901.591797	83.249
12995.082031	83.380
13089.250000	83.522
13184.099609	83.669
13279.636719	83.816
13375.867188	83.958
13472.793945	84.094
13570.422852	84.222
13668.759766	84.341
13767.809570	84.447
13867.577148	84.542
13968.067383	84.622
14069.285156	84.677
14171.237305	84.688
14273.927734	84.620
14377.362305	84.444
14481.546875	84.141
14586.486328	83.726
14692.185547	83.236
14798.651367	82.721
14905.888672	82.227
15013.902344	81.795
15122.700195	81.452
15232.285156	81.214
15342.664062	81.087
15453.843750	81.079
15565.829102	81.186
15678.625000	81.394
15792.239258	81.685
15906.675781	82.034
16021.942383	82.402
16138.043945	82.706
16254.986328	82.828
16372.777344	82.672
16491.421875	82.200
16610.923828	81.427
16731.294922	80.418
16852.535156	79.260
16974.656250	78.045
17097.662109	76.847
17221.558594	75.715
17346.353516	74.680
17472.052734	73.754
17598.662109	72.943
17726.189453	72.248
17854.640625	71.674
17984.021484	71.208
18114.341797	70.827
18245.605469	70.509
18377.820312	70.238
18510.994141	70.002
18645.132812	69.791
18780.242188	69.601
18916.332031	69.444
19053.408203	69.356
19191.476562	69.397
19330.546875	69.658
19470.623047	70.211
19611.714844	71.013
19753.830078	71.915
19896.974609	72.686
