20.000000	99.773	-156.9342
20.144928	99.781	-157.3032
20.290907	99.788	-157.6794
20.437943	99.793	-158.0608
20.586044	99.798	-158.4433
20.735220	99.801	-158.8288
20.885475	99.803	-159.2116
21.036821	99.803	-159.5903
21.189262	99.803	-159.9647
21.342808	99.801	-160.3317
21.497467	99.800	-160.6920
21.653246	99.798	-161.0475
21.810154	99.796	-161.3970
21.968201	99.794	-161.7443
22.127390	99.793	-162.0914
22.287735	99.792	-162.4382
22.449242	99.790	-162.7879
22.611917	99.788	-163.1397
22.775772	99.785	-163.4923
22.940815	99.782	-163.8463
23.107054	99.777	-164.1974
23.274498	99.771	-164.5450
23.443153	99.764	-164.8875
23.613033	99.757	-165.2224
23.784142	99.751	-165.5519
23.956491	99.744	-165.8762
24.130091	99.738	-166.1972
24.304947	99.733	-166.5202
24.481071	99.728	-166.8449
24.658470	99.724	-167.1770
24.837156	99.719	-167.5155
25.017136	99.714	-167.8606
25.198421	99.707	-168.2118
25.381020	99.699	-168.5632
25.564941	99.689	-168.9148
25.750195	99.678	-169.2592
25.936790	99.665	-169.5968
26.124741	99.653	-169.9252
26.314051	99.641	-170.2453
26.504732	99.630	-170.5614
26.696796	99.620	-170.8746
26.890253	99.611	-171.1922
27.085112	99.602	-171.5141
27.281382	99.593	-171.8444
27.479073	99.583	-172.1795
27.678198	99.572	-172.5184
27.878765	99.558	-172.8538
28.080786	99.543	-173.1823
28.284271	99.528	-173.4972
28.489231	99.511	-173.7966
28.695675	99.496	-174.0810
28.903616	99.482	-174.3524
29.113064	99.470	-174.6187
29.324028	99.460	-174.8856
29.536524	99.452	-175.1609
29.750557	99.445	-175.4493
29.966141	99.437	-175.7529
30.183289	99.428	-176.0681
30.402010	99.416	-176.3903
30.622314	99.400	-176.7109
30.844217	99.382	-177.0216
31.067726	99.362	-177.3175
31.292856	99.341	-177.5953
31.519617	99.321	-177.8589
31.748020	99.302	-178.1127
31.978081	99.284	-178.3674
32.209808	99.266	-178.6265
32.443211	99.247	-178.8960
32.678310	99.226	-179.1691
32.915108	99.203	-179.4420
33.153625	99.176	-179.6986
33.393871	99.148	-179.9345
33.635857	99.121	179.8566
33.879597	99.097	179.6644
34.125103	99.077	179.4734
34.372387	99.061	179.2668
34.621464	99.048	179.0201
34.872345	99.032	178.7350
35.125042	99.011	178.4134
35.379574	98.983	178.0875
35.635948	98.947	177.7898
35.894180	98.906	177.5449
36.154285	98.867	177.3763
36.416275	98.835	177.2645
36.680161	98.814	177.1813
36.945961	98.806	177.0847
37.213688	98.807	176.9241
37.483353	98.811	176.6914
37.754974	98.812	176.3921
38.028561	98.805	176.0560
38.304131	98.792	175.7315
38.581699	98.776	175.4381
38.861279	98.761	175.1808
39.142883	98.751	174.9417
39.426529	98.748	174.6786
39.712231	98.746	174.3707
40.000000	98.741	174.0161
40.289856	98.730	173.6325
40.581814	98.709	173.2609
40.875885	98.684	172.9310
41.172089	98.659	172.6438
41.470440	98.636	172.3815
41.770950	98.616	172.1131
42.073643	98.596	171.8118
42.378525	98.569	171.4860
42.685616	98.533	171.1729
42.994934	98.490	170.9130
43.306492	98.446	170.7325
43.620308	98.407	170.6269
43.936401	98.379	170.5549
44.254780	98.361	170.4578
44.575470	98.348	170.3018
44.898483	98.334	170.0897
45.223835	98.315	169.8505
45.551544	98.292	169.6182
45.881630	98.268	169.4100
46.214108	98.247	169.2158
46.548996	98.231	169.0065
46.886307	98.215	168.7567
47.226067	98.196	168.4660
47.568283	98.171	168.1596
47.912983	98.140	167.8707
48.260181	98.105	167.6209
48.609894	98.071	167.4119
48.962143	98.039	167.2301
49.316940	98.010	167.0595
49.674313	97.982	166.8906
50.034271	97.955	166.7201
50.396843	97.927	166.5448
50.762039	97.899	166.3577
51.129883	97.869	166.1515
51.500389	97.836	165.9284
51.873581	97.798	165.7056
52.249481	97.754	165.5094
52.628101	97.709	165.3596
53.009464	97.666	165.2548
53.393593	97.630	165.1691
53.780506	97.599	165.0657
54.170223	97.571	164.9192
54.562763	97.541	164.7299
54.958145	97.507	164.5201
55.356396	97.468	164.3170
55.757530	97.428	164.1349
56.161572	97.389	163.9715
56.568542	97.352	163.8159
56.978462	97.317	163.6596
57.391350	97.283	163.4974
57.807232	97.251	163.3216
58.226128	97.219	163.1225
58.648056	97.184	162.9025
59.073048	97.144	162.6856
59.501114	97.099	162.5092
59.932281	97.055	162.3928
60.366577	97.016	162.3139
60.804020	96.985	162.2244
61.244629	96.955	162.0945
61.688435	96.922	161.9378
62.135452	96.886	161.7894
62.585712	96.850	161.6619
63.039234	96.816	161.5320
63.496040	96.782	161.3787
63.956161	96.745	161.2197
64.419617	96.704	161.0988
64.886421	96.665	161.0290
65.356621	96.632	160.9718
65.830215	96.604	160.8750
66.307251	96.575	160.7323
66.787743	96.542	160.5805
67.271713	96.508	160.4448
67.759193	96.476	160.3047
68.250206	96.443	160.1283
68.744774	96.405	159.9250
69.242928	96.359	159.7483
69.744690	96.312	159.6404
70.250084	96.269	159.5941
70.759148	96.233	159.5657
71.271896	96.203	159.5204
71.788361	96.175	159.4528
72.308571	96.147	159.3793
72.832550	96.120	159.3134
73.360321	96.096	159.2463
73.891922	96.074	159.1518
74.427376	96.049	159.0161
74.966705	96.017	158.8646
75.509949	95.980	158.7447
76.057121	95.942	158.6722
76.608261	95.907	158.6155
77.163399	95.874	158.5404
77.722557	95.839	158.4494
78.285767	95.803	158.3641
78.853058	95.768	158.2870
79.424461	95.732	158.2018
80.000000	95.695	158.1055
80.579712	95.656	158.0163
81.163628	95.616	157.9484
81.751770	95.578	157.8935
82.344177	95.541	157.8351
82.940880	95.505	157.7669
83.541901	95.469	157.6950
84.147285	95.432	157.6246
84.757050	95.394	157.5562
85.371231	95.356	157.4929
85.989868	95.317	157.4389
86.612984	95.279	157.3886
87.240616	95.241	157.3334
87.872803	95.202	157.2803
88.509560	95.163	157.2434
89.150940	95.127	157.2094
89.796967	95.091	157.1503
90.447670	95.053	157.0704
91.103088	95.013	157.0081
91.763260	94.972	156.9762
92.428215	94.934	156.9487
93.097992	94.897	156.9055
93.772614	94.858	156.8561
94.452133	94.819	156.8193
95.136566	94.780	156.7971
95.825966	94.742	156.7729
96.520363	94.704	156.7331
97.219788	94.664	156.6914
97.924286	94.622	156.6749
98.633881	94.582	156.6807
99.348625	94.544	156.6801
100.068542	94.506	156.6631
100.793686	94.466	156.6440
101.524078	94.425	156.6315
102.259766	94.384	156.6196
103.000778	94.343	156.6050
103.747162	94.301	156.5931
104.498962	94.260	156.5854
105.256203	94.220	156.5758
106.018929	94.180	156.5671
106.787186	94.140	156.5667
107.561012	94.100	156.5682
108.340446	94.060	156.5630
109.125526	94.018	156.5614
109.916290	93.976	156.5784
110.712791	93.934	156.6115
111.515060	93.895	156.6407
112.323143	93.857	156.6499
113.137085	93.818	156.6490
113.956924	93.780	156.6519
114.782700	93.741	156.6533
115.614464	93.702	156.6651
116.452255	93.664	156.7022
117.296112	93.627	156.7516
118.146095	93.591	156.8372
119.002228	93.561	156.9429
119.864563	93.531	156.9437
120.733154	93.489	156.8676
121.608040	93.438	156.8879
122.489258	93.389	156.9819
123.376869	93.344	157.0270
124.270905	93.300	157.0410
125.171425	93.258	157.0707
126.078468	93.220	157.1067
126.992081	93.187	157.1418
127.912323	93.156	157.1747
128.839233	93.125	157.2021
129.772842	93.093	157.2394
130.713242	93.060	157.2979
131.660431	93.027	157.3684
132.614502	92.994	157.4387
133.575485	92.961	157.4988
134.543427	92.927	157.5598
135.518387	92.894	157.6370
136.500412	92.862	157.7129
137.489548	92.831	157.7783
138.485855	92.800	157.8509
139.489380	92.768	157.9354
140.500168	92.736	158.0322
141.518295	92.705	158.1382
142.543793	92.674	158.2430
143.576721	92.644	158.3486
144.617142	92.616	158.4555
145.665100	92.588	158.5547
146.720642	92.562	158.6390
147.783844	92.536	158.7266
148.854752	92.511	158.8203
149.933411	92.486	158.8977
151.019897	92.459	158.9770
152.114243	92.432	159.0672
153.216522	92.404	159.1624
154.326797	92.377	159.2565
155.445114	92.350	159.3339
156.571533	92.321	159.4027
157.706116	92.291	159.4973
158.848923	92.262	159.6074
160.000000	92.231	159.7044
161.159424	92.197	159.8282
162.327255	92.165	159.9640
163.503540	92.132	160.0526
164.688354	92.097	160.1201
165.881760	92.061	160.2268
167.083801	92.027	160.3555
168.294571	91.996	160.4804
169.514099	91.965	160.6215
170.742462	91.936	160.7817
171.979736	91.909	160.9349
173.225967	91.883	161.0302
174.481232	91.854	161.0950
175.745605	91.822	161.1564
177.019119	91.788	161.2188
178.301880	91.754	161.2823
179.593933	91.719	161.3488
180.895340	91.683	161.4185
182.206177	91.646	161.5012
183.526520	91.609	161.5851
184.856430	91.571	161.6833
186.195984	91.532	161.8035
187.545227	91.493	161.9474
188.904266	91.457	162.0969
190.273132	91.422	162.2277
191.651932	91.387	162.3624
193.040726	91.353	162.5016
194.439575	91.320	162.6421
195.848572	91.289	162.7793
197.267761	91.257	162.9064
198.697250	91.226	163.0320
200.137085	91.195	163.1577
201.587372	91.165	163.2749
203.048157	91.135	163.3925
204.519531	91.105	163.5180
206.001556	91.075	163.6455
207.494324	91.044	163.7654
208.997925	91.012	163.8801
210.512405	90.979	163.9953
212.037857	90.947	164.1157
213.574371	90.916	164.2432
215.122025	90.885	164.3821
216.680893	90.854	164.5279
218.251053	90.822	164.6778
219.832581	90.789	164.8262
221.425583	90.756	164.9741
223.030121	90.723	165.1264
224.646286	90.691	165.2841
226.274170	90.660	165.4416
227.913849	90.628	165.6031
229.565399	90.596	165.7675
231.228928	90.564	165.9320
232.904510	90.532	166.0977
234.592224	90.501	166.2746
236.292191	90.471	166.4666
238.004456	90.443	166.6740
239.729126	90.415	166.8535
241.466309	90.384	167.0158
243.216080	90.350	167.1942
244.978516	90.318	167.3766
246.753738	90.287	167.5610
248.541809	90.257	167.7532
250.342850	90.225	167.9451
252.156937	90.192	168.1347
253.984161	90.158	168.3308
255.824646	90.124	168.5349
257.678467	90.091	168.7417
259.545685	90.058	168.9475
261.426483	90.024	169.1496
263.320862	89.990	169.3541
265.229004	89.957	169.5576
267.150970	89.924	169.7595
269.086853	89.891	169.9704
271.036774	89.858	170.1920
273.000824	89.825	170.4210
274.979095	89.794	170.6398
276.971710	89.762	170.8539
278.978760	89.729	171.0710
281.000336	89.696	171.2885
283.036591	89.664	171.5104
285.087585	89.633	171.7370
287.153442	89.602	171.9703
289.234283	89.571	172.2053
291.330200	89.541	172.4406
293.441284	89.510	172.6720
295.567688	89.480	172.9091
297.709503	89.450	173.1505
299.866821	89.419	173.3932
302.039795	89.388	173.6340
304.228485	89.357	173.8775
306.433044	89.327	174.1247
308.653595	89.298	174.3694
310.890228	89.269	174.6119
313.143066	89.240	174.8573
315.412231	89.214	175.1063
317.697845	89.189	175.3578
320.000000	89.167	175.6083
322.318848	89.145	175.8623
324.654510	89.123	176.1296
327.007080	89.102	176.3994
329.376709	89.082	176.6578
331.763519	89.061	176.9183
334.167603	89.040	177.1881
336.589142	89.020	177.4564
339.028198	89.000	177.7204
341.484924	88.979	177.9908
343.959473	88.960	178.2664
346.451935	88.939	178.5437
348.962463	88.920	178.8229
351.491211	88.900	179.1016
354.038239	88.881	179.3831
356.603760	88.862	179.6728
359.187866	88.843	179.9594
361.790680	88.824	-179.7705
364.412354	88.805	-179.4946
367.053040	88.786	-179.2046
369.712860	88.768	-178.9066
372.391968	88.751	-178.6077
375.090454	88.733	-178.3106
377.808533	88.716	-178.0107
380.546265	88.698	-177.7066
383.303864	88.680	-177.4052
386.081451	88.662	-177.1078
388.879150	88.645	-176.8087
391.697144	88.628	-176.5080
394.535522	88.611	-176.1989
397.394501	88.595	-175.8863
400.274170	88.579	-175.5742
403.174744	88.561	-175.2575
406.096313	88.544	-174.9379
409.039062	88.527	-174.6169
412.003113	88.511	-174.2928
414.988647	88.495	-173.9677
417.995850	88.479	-173.6471
421.024811	88.462	-173.3295
424.075714	88.446	-173.0021
427.148743	88.431	-172.6671
430.244049	88.416	-172.3331
433.361786	88.402	-171.9952
436.502106	88.387	-171.6588
439.665161	88.373	-171.3255
442.851166	88.358	-170.9883
446.060242	88.344	-170.6421
449.292572	88.329	-170.2918
452.548340	88.314	-169.9461
455.827698	88.299	-169.6042
459.130798	88.286	-169.2504
462.457855	88.273	-168.8864
465.809021	88.261	-168.5325
469.184448	88.247	-168.1846
472.584381	88.234	-167.8269
476.008911	88.220	-167.4529
479.458252	88.208	-167.0769
482.932617	88.197	-166.7152
486.432159	88.185	-166.3485
489.957031	88.174	-165.9728
493.507477	88.162	-165.5996
497.083618	88.151	-165.2261
500.685699	88.141	-164.8485
504.313873	88.132	-164.4622
507.968323	88.123	-164.0708
511.649292	88.115	-163.6824
515.356934	88.107	-163.2935
519.091370	88.100	-162.9019
522.852966	88.093	-162.5124
526.641724	88.085	-162.1218
530.458008	88.078	-161.7256
534.301941	88.071	-161.3264
538.173706	88.064	-160.9165
542.073547	88.058	-160.5077
546.001648	88.052	-160.0964
549.958191	88.046	-159.6777
553.943420	88.041	-159.2671
557.957520	88.035	-158.8493
562.000671	88.030	-158.4200
566.073181	88.025	-157.9963
570.175171	88.022	-157.5786
574.306885	88.018	-157.1551
578.468567	88.012	-156.7251
582.660400	88.008	-156.2881
586.882568	88.004	-155.8399
591.135376	88.000	-155.3923
595.419006	87.997	-154.9451
599.733643	87.995	-154.4922
604.079590	87.992	-154.0462
608.456970	87.989	-153.5969
612.866089	87.987	-153.1420
617.307190	87.985	-152.6777
621.780457	87.984	-152.2130
626.286133	87.984	-151.7553
630.824463	87.987	-151.2890
635.395691	87.991	-150.8164
640.000000	87.996	-150.3422
644.637695	88.001	-149.8606
649.309021	88.007	-149.3747
654.014160	88.014	-148.8908
658.753418	88.020	-148.3965
663.527039	88.027	-147.9026
668.335205	88.034	-147.4132
673.178284	88.041	-146.9159
678.056396	88.049	-146.4089
682.969849	88.058	-145.8976
687.918945	88.066	-145.3817
692.903870	88.076	-144.8672
697.924927	88.086	-144.3533
702.982422	88.097	-143.8349
708.076477	88.108	-143.3080
713.207520	88.119	-142.7754
718.375732	88.131	-142.2391
723.581360	88.143	-141.7062
728.824707	88.156	-141.1684
734.106079	88.169	-140.6159
739.425720	88.182	-140.0592
744.783936	88.197	-139.5089
750.180908	88.212	-138.9599
755.617065	88.228	-138.4084
761.092529	88.244	-137.8410
766.607727	88.261	-137.2652
772.162903	88.279	-136.6900
777.758301	88.297	-136.1104
783.394287	88.315	-135.5281
789.071045	88.333	-134.9489
794.789001	88.352	-134.3646
800.548340	88.370	-133.7700
806.349487	88.386	-133.1711
812.192627	88.401	-132.5722
818.078125	88.418	-131.9707
824.006226	88.435	-131.3638
829.977295	88.454	-130.7563
835.991699	88.473	-130.1490
842.049622	88.493	-129.5239
848.151428	88.514	-128.8978
854.297485	88.536	-128.2746
860.488098	88.560	-127.6519
866.723572	88.584	-127.0282
873.004211	88.609	-126.4032
879.330322	88.635	-125.7896
885.702332	88.661	-125.1812
892.120483	88.688	-124.5638
898.585144	88.715	-123.9431
905.096680	88.743	-123.3247
911.655396	88.772	-122.7099
918.261597	88.801	-122.0926
924.915710	88.830	-121.4645
931.618042	88.861	-120.8330
938.368896	88.892	-120.2077
945.168762	88.924	-119.5764
952.017822	88.956	-118.9377
958.916504	88.989	-118.3071
965.865234	89.021	-117.6882
972.864319	89.054	-117.0682
979.914062	89.086	-116.4484
987.014954	89.119	-115.8253
994.167236	89.149	-115.1984
1001.371399	89.172	-114.5723
1008.627747	89.188	-113.9397
1015.936646	89.200	-113.2970
1023.298584	89.209	-112.6488
1030.713867	89.217	-111.9939
1038.182739	89.223	-111.3322
1045.705933	89.228	-110.6529
1053.283447	89.233	-109.9463
1060.916016	89.237	-109.2163
1068.603882	89.241	-108.4524
1076.347412	89.245	-107.6465
1084.147095	89.253	-106.8005
1092.003296	89.264	-105.8979
1099.916382	89.282	-104.9355
1107.886841	89.310	-103.9185
1115.915039	89.352	-102.8507
1124.001343	89.411	-101.7590
1132.146362	89.489	-100.6793
1140.350342	89.584	-99.6566
1148.613770	89.695	-98.7260
1156.937134	89.818	-97.9167
1165.320801	89.949	-97.2405
1173.765137	90.082	-96.7023
1182.270752	90.210	-96.3077
1190.838013	90.331	-96.0442
1199.467285	90.438	-95.8902
1208.159180	90.530	-95.8119
1216.913940	90.605	-95.7706
1225.732178	90.665	-95.7317
1234.614380	90.712	-95.6736
1243.560913	90.750	-95.5835
1252.572266	90.785	-95.4569
1261.648926	90.818	-95.2880
1270.791382	90.850	-95.0854
1280.000000	90.879	-94.8485
1289.275391	90.906	-94.5771
1298.618042	90.930	-94.2791
1308.028320	90.952	-93.9507
1317.506836	90.973	-93.5942
1327.054077	90.993	-93.2138
1336.670410	91.011	-92.8175
1346.356567	91.028	-92.4023
1356.112793	91.044	-91.9640
1365.939697	91.060	-91.5063
1375.837891	91.075	-91.0313
1385.807739	91.089	-90.5429
1395.849854	91.102	-90.0435
1405.964844	91.113	-89.5275
1416.152954	91.122	-88.9904
1426.415039	91.131	-88.4378
1436.751465	91.138	-87.8666
1447.162720	91.144	-87.2802
1457.649414	91.146	-86.6733
1468.212158	91.147	-86.0405
1478.851440	91.145	-85.3763
1489.567871	91.140	-84.6826
1500.361816	91.132	-83.9588
1511.234131	91.122	-83.1949
1522.185059	91.108	-82.3798
1533.215454	91.092	-81.5145
1544.325806	91.073	-80.5926
1555.516602	91.053	-79.6111
1566.788574	91.031	-78.5684
1578.142090	91.007	-77.4334
1589.578003	90.983	-76.1853
1601.096680	90.962	-74.8223
1612.698975	90.947	-73.3389
1624.385254	90.940	-71.7107
1636.156250	90.947	-69.9235
1648.012451	90.972	-67.9783
1659.954590	91.024	-65.8897
1671.983398	91.109	-63.6603
1684.099243	91.235	-61.3262
1696.302856	91.409	-58.9537
1708.594971	91.635	-56.6405
1720.976196	91.911	-54.5213
1733.447144	92.225	-52.7009
1746.008423	92.560	-51.2655
1758.660645	92.896	-50.2463
1771.404663	93.211	-49.5913
1784.240967	93.490	-49.2008
1797.170288	93.725	-48.9597
1810.193359	93.913	-48.7324
1823.310791	94.062	-48.3665
1836.523193	94.181	-47.7599
1849.831421	94.287	-46.8537
1863.236084	94.399	-45.5927
1876.737793	94.538	-43.9578
1890.337524	94.728	-42.0177
1904.035645	94.988	-39.9162
1917.833008	95.327	-37.8195
1931.730469	95.746	-35.9220
1945.728638	96.229	-34.4475
1959.828125	96.751	-33.5391
1974.029907	97.285	-33.2344
1988.334473	97.801	-33.5183
2002.742798	98.278	-34.3112
2017.255493	98.701	-35.4456
2031.873291	99.068	-36.7808
2046.597168	99.380	-38.2094
2061.427734	99.642	-39.6245
2076.365479	99.864	-40.9656
2091.411865	100.054	-42.2180
2106.566895	100.220	-43.3569
2121.832031	100.367	-44.3785
2137.207764	100.500	-45.3023
2152.694824	100.624	-46.1272
2168.294189	100.741	-46.8558
2184.006592	100.856	-47.5107
2199.832764	100.968	-48.1037
2215.773682	101.079	-48.6413
2231.830078	101.191	-49.1352
2248.002686	101.303	-49.5852
2264.292725	101.418	-49.9996
2280.700684	101.534	-50.3947
2297.227539	101.654	-50.7711
2313.874268	101.776	-51.1467
2330.641602	101.901	-51.5285
2347.530273	102.028	-51.9139
2364.541504	102.157	-52.3059
2381.676025	102.288	-52.7066
2398.934570	102.422	-53.1209
2416.318359	102.558	-53.5606
2433.827881	102.697	-54.0343
2451.464355	102.837	-54.5453
2469.228760	102.979	-55.1012
2487.121826	103.121	-55.7068
2505.144531	103.263	-56.3705
2523.297852	103.403	-57.0988
2541.582764	103.540	-57.9000
2560.000000	103.672	-58.7797
2578.550781	103.796	-59.7302
2597.236084	103.911	-60.7459
2616.056641	104.015	-61.8274
2635.013672	104.107	-62.9673
2654.108154	104.184	-64.1560
2673.340820	104.246	-65.3798
2692.713135	104.293	-66.6243
2712.225586	104.325	-67.8783
2731.879395	104.340	-69.1344
2751.675781	104.340	-70.3828
2771.615479	104.325	-71.6153
2791.699707	104.294	-72.8239
2811.929688	104.249	-74.0011
2832.305908	104.189	-75.1369
2852.830078	104.116	-76.2274
2873.502930	104.029	-77.2677
2894.325439	103.930	-78.2469
2915.298828	103.819	-79.1564
2936.424316	103.698	-79.9940
2957.702881	103.568	-80.7567
2979.135742	103.429	-81.4445
3000.723633	103.284	-82.0603
3022.468262	103.132	-82.5992
3044.370117	102.973	-83.0560
3066.430908	102.809	-83.4303
3088.651611	102.641	-83.7226
3111.033203	102.469	-83.9325
3133.577148	102.295	-84.0544
3156.284180	102.121	-84.0874
3179.156006	101.950	-84.0339
3202.193359	101.780	-83.8941
3225.397949	101.611	-83.6629
3248.770508	101.445	-83.3400
3272.312500	101.283	-82.9269
3296.024902	101.126	-82.4295
3319.909180	100.977	-81.8542
3343.966797	100.837	-81.2093
3368.198486	100.707	-80.5131
3392.605713	100.586	-79.7863
3417.189941	100.474	-79.0426
3441.952393	100.370	-78.2989
3466.894287	100.270	-77.5629
3492.016846	100.174	-76.8333
3517.321289	100.078	-76.1079
3542.809326	99.981	-75.3773
3568.481934	99.881	-74.6236
3594.340576	99.780	-73.8259
3620.386719	99.678	-72.9786
3646.621582	99.578	-72.0801
3673.046387	99.480	-71.1298
3699.662842	99.387	-70.1246
3726.472168	99.299	-69.0736
3753.475586	99.218	-67.9874
3780.675049	99.144	-66.8713
3808.071289	99.078	-65.7355
3835.666016	99.018	-64.5975
3863.460938	98.965	-63.4648
3891.457275	98.915	-62.3358
3919.656250	98.870	-61.2144
3948.059814	98.826	-60.0964
3976.668945	98.781	-58.9762
4005.485596	98.733	-57.8514
4034.510986	98.680	-56.7206
4063.746582	98.625	-55.5751
4093.194336	98.570	-54.4111
4122.855469	98.518	-53.2349
4152.730957	98.469	-52.0447
4182.823730	98.423	-50.8375
4213.133789	98.380	-49.6149
4243.664062	98.341	-48.3755
4274.415527	98.306	-47.1200
4305.389648	98.276	-45.8545
4336.588379	98.250	-44.5874
4368.013184	98.229	-43.3201
4399.665527	98.211	-42.0519
4431.547363	98.198	-40.7848
4463.660156	98.189	-39.5181
4496.005371	98.183	-38.2516
4528.585449	98.180	-36.9883
4561.401367	98.180	-35.7331
4594.455078	98.184	-34.4871
4627.748535	98.192	-33.2512
4661.283203	98.203	-32.0307
4695.060547	98.217	-30.8314
4729.083008	98.234	-29.6568
4763.352051	98.251	-28.5086
4797.869141	98.269	-27.3856
4832.636719	98.286	-26.2860
4867.655762	98.303	-25.2072
4902.928711	98.319	-24.1506
4938.457520	98.333	-23.1145
4974.243652	98.346	-22.0918
5010.289062	98.359	-21.0744
5046.595703	98.370	-20.0584
5083.165527	98.382	-19.0363
5120.000000	98.392	-18.0043
5157.101562	98.402	-16.9587
5194.472168	98.413	-15.8994
5232.113281	98.425	-14.8317
5270.027344	98.438	-13.7558
5308.216309	98.452	-12.6795
5346.681641	98.468	-11.6067
5385.426270	98.484	-10.5290
5424.451172	98.502	-9.4461
5463.758789	98.522	-8.3633
5503.351562	98.545	-7.2898
5543.230957	98.570	-6.2434
5583.399414	98.597	-5.2346
5623.859375	98.622	-4.2656
5664.611816	98.645	-3.3351
5705.660156	98.663	-2.4404
5747.005859	98.674	-1.5733
5788.650879	98.679	-0.7220
5830.597656	98.677	0.1301
5872.848633	98.668	0.9981
5915.405762	98.653	1.8832
5958.271484	98.634	2.7917
6001.447266	98.611	3.7323
6044.936523	98.587	4.7032
6088.740234	98.563	5.7021
6132.861816	98.539	6.7219
6177.303223	98.516	7.7538
6222.066406	98.492	8.7934
6267.154297	98.466	9.8420
6312.568359	98.433	10.8979
6358.312012	98.393	11.9642
6404.386719	98.347	13.0505
6450.795898	98.297	14.1662
6497.541016	98.244	15.3147
6544.625000	98.190	16.4975
6592.049805	98.134	17.7203
6639.818359	98.080	18.9818
6687.933594	98.027	20.2839
6736.396973	97.978	21.6245
6785.211426	97.933	22.9967
6834.379883	97.895	24.3961
6883.904785	97.864	25.8176
6933.788574	97.840	27.2543
6984.033691	97.824	28.7008
7034.642578	97.818	30.1524
7085.618652	97.821	31.6026
7136.963867	97.835	33.0433
7188.681152	97.860	34.4599
7240.773438	97.896	35.8356
7293.243164	97.944	37.1583
7346.092773	98.002	38.4067
7399.325684	98.070	39.5556
7452.944336	98.145	40.5887
7506.951172	98.227	41.4991
7561.350098	98.312	42.2695
7616.142578	98.398	42.8827
7671.332031	98.483	43.3218
7726.921875	98.564	43.5751
7782.914551	98.637	43.6300
7839.312500	98.697	43.4724
7896.119629	98.737	43.0999
7953.337891	98.752	42.5201
8010.971191	98.737	41.7549
8069.021973	98.685	40.8343
8127.493164	98.589	39.7899
8186.388672	98.447	38.6662
8245.710938	98.255	37.5067
8305.461914	98.013	36.3560
8365.647461	97.720	35.2650
8426.267578	97.379	34.2715
8487.328125	96.992	33.3979
8548.831055	96.562	32.6652
8610.779297	96.090	32.0797
8673.176758	95.576	31.6556
8736.026367	95.018	31.4227
8799.331055	94.415	31.4140
8863.094727	93.765	31.7016
8927.320312	93.072	32.3856
8992.010742	92.345	33.5569
9057.170898	91.598	35.2719
9122.802734	90.850	37.5284
9188.910156	90.114	40.2923
9255.497070	89.404	43.4996
9322.566406	88.729	47.0671
9390.121094	88.093	50.9135
9458.166016	87.496	54.9637
9526.704102	86.936	59.1579
9595.738281	86.409	63.4730
9665.273438	85.913	67.9011
9735.311523	85.446	72.4199
9805.857422	85.007	77.0062
9876.915039	84.591	81.6456
9948.487305	84.199	86.3566
10020.578125	83.830	91.1346
10093.191406	83.483	95.9623
10166.331055	83.155	100.7958
10240.000000	82.838	105.6281
10314.203125	82.529	110.5237
10388.944336	82.233	115.5283
10464.226562	81.954	120.6351
10540.054688	81.698	125.7943
10616.432617	81.463	130.9372
10693.363281	81.242	136.0806
10770.852539	81.035	141.2481
10848.902344	80.838	146.4194
10927.517578	80.650	151.6231
11006.703125	80.470	156.9075
11086.461914	80.302	162.2872
11166.798828	80.149	167.7319
11247.718750	80.009	173.2206
11329.223633	79.886	178.7470
11411.320312	79.778	-175.7015
11494.011719	79.685	-170.1371
11577.301758	79.609	-164.5508
11661.195312	79.547	-158.9405
11745.697266	79.500	-153.2890
11830.811523	79.465	-147.5862
11916.542969	79.445	-141.8297
12002.894531	79.441	-136.0221
12089.873047	79.454	-130.1655
12177.480469	79.484	-124.2616
12265.723633	79.532	-118.3128
12354.606445	79.602	-112.3359
12444.132812	79.694	-106.3343
12534.308594	79.811	-100.3111
12625.136719	79.951	-94.2715
12716.624023	80.116	-88.2057
12808.773438	80.309	-82.1274
12901.591797	80.529	-76.0441
12995.082031	80.777	-69.9600
13089.250000	81.054	-63.8852
13184.099609	81.363	-57.8191
13279.636719	81.709	-51.7641
13375.867188	82.095	-45.7359
13472.793945	82.528	-39.7456
13570.422852	83.012	-33.8141
13668.759766	83.551	-27.9655
13767.809570	84.153	-22.2303
13867.577148	84.823	-16.6586
13968.067383	85.570	-11.3132
14069.285156	86.400	-6.2826
14171.237305	87.325	-1.6789
14273.927734	88.354	2.3586
14377.362305	89.501	5.6310
14481.546875	90.760	7.7762
14586.486328	92.093	8.2504
14692.185547	93.406	6.4460
14798.651367	94.554	1.9373
14905.888672	95.370	-5.0899
15013.902344	95.727	-13.5709
15122.700195	95.592	-21.8071
15232.285156	95.047	-28.2066
15342.664062	94.250	-31.9737
15453.843750	93.376	-33.1715
15565.829102	92.560	-32.3368
15678.625000	91.882	-30.0779
15792.239258	91.387	-26.9235
15906.675781	91.101	-23.3000
16021.942383	91.056	-19.5847
16138.043945	91.273	-16.1686
16254.986328	91.748	-13.5618
16372.777344	92.442	-12.5094
16491.421875	93.256	-14.0376
16610.923828	93.989	-19.1887
16731.294922	94.363	-28.2058
16852.535156	94.123	-39.6691
16974.656250	93.159	-50.7453
17097.662109	91.568	-58.7437
17221.558594	89.582	-62.5190
17346.353516	87.460	-62.4760
17472.052734	85.396	-59.6701
17598.662109	83.485	-55.0462
17726.189453	81.749	-49.2131
17854.640625	80.171	-42.5332
17984.021484	78.729	-35.2427
18114.341797	77.406	-27.4808
18245.605469	76.186	-19.3318
18377.820312	75.057	-10.8839
18510.994141	74.004	-2.1859
18645.132812	73.016	6.7683
18780.242188	72.083	15.9419
18916.332031	71.199	25.3303
19053.408203	70.359	34.9399
19191.476562	69.564	44.7855
19330.546875	68.813	54.8435
19470.623047	68.101	65.1310
19611.714844	67.421	75.6624
19753.830078	66.791	86.4648
19896.974609	66.292	97.5689
