20.000000	101.814	-134.7224
20.144928	101.828	-135.1602
20.290907	101.842	-135.5804
20.437943	101.856	-135.9874
20.586044	101.871	-136.3848
20.735220	101.887	-136.7702
20.885475	101.905	-137.1548
21.036821	101.925	-137.5409
21.189262	101.945	-137.9304
21.342808	101.967	-138.3318
21.497467	101.989	-138.7431
21.653246	102.010	-139.1641
21.810154	102.030	-139.5970
21.968201	102.048	-140.0346
22.127390	102.064	-140.4745
22.287735	102.079	-140.9148
22.449242	102.091	-141.3468
22.611917	102.102	-141.7724
22.775772	102.112	-142.1870
22.940815	102.122	-142.5901
23.107054	102.133	-142.9850
23.274498	102.144	-143.3705
23.443153	102.156	-143.7521
23.613033	102.169	-144.1322
23.784142	102.183	-144.5127
23.956491	102.198	-144.8985
24.130091	102.213	-145.2890
24.304947	102.229	-145.6870
24.481071	102.244	-146.0918
24.658470	102.258	-146.5028
24.837156	102.271	-146.9196
25.017136	102.283	-147.3392
25.198421	102.294	-147.7616
25.381020	102.303	-148.1824
25.564941	102.311	-148.6016
25.750195	102.317	-149.0150
25.936790	102.323	-149.4228
26.124741	102.328	-149.8224
26.314051	102.332	-150.2144
26.504732	102.337	-150.5993
26.696796	102.342	-150.9783
26.890253	102.347	-151.3548
27.085112	102.353	-151.7299
27.281382	102.359	-152.1077
27.479073	102.365	-152.4877
27.678198	102.370	-152.8718
27.878765	102.375	-153.2569
28.080786	102.379	-153.6422
28.284271	102.382	-154.0230
28.489231	102.384	-154.3981
28.695675	102.386	-154.7658
28.903616	102.388	-155.1271
29.113064	102.391	-155.4860
29.324028	102.396	-155.8473
29.536524	102.402	-156.2169
29.750557	102.407	-156.5996
29.966141	102.412	-156.9977
30.183289	102.415	-157.4083
30.402010	102.414	-157.8262
30.622314	102.410	-158.2419
30.844217	102.402	-158.6430
31.067726	102.392	-159.0227
31.292856	102.382	-159.3723
31.519617	102.373	-159.6953
31.748020	102.368	-159.9946
31.978081	102.367	-160.2890
32.209808	102.371	-160.5869
32.443211	102.379	-160.9094
32.678310	102.388	-161.2614
32.915108	102.397	-161.6482
33.153625	102.403	-162.0623
33.393871	102.404	-162.4913
33.635857	102.400	-162.9236
33.879597	102.392	-163.3392
34.125103	102.382	-163.7335
34.372387	102.371	-164.1005
34.621464	102.361	-164.4469
34.872345	102.354	-164.7818
35.125042	102.349	-165.1144
35.379574	102.345	-165.4565
35.635948	102.341	-165.8087
35.894180	102.336	-166.1703
36.154285	102.330	-166.5341
36.416275	102.321	-166.8917
36.680161	102.312	-167.2394
36.945961	102.303	-167.5744
37.213688	102.295	-167.9017
37.483353	102.288	-168.2272
37.754974	102.282	-168.5558
38.028561	102.276	-168.8916
38.304131	102.269	-169.2327
38.581699	102.261	-169.5753
38.861279	102.253	-169.9163
39.142883	102.244	-170.2537
39.426529	102.234	-170.5907
39.712231	102.225	-170.9317
40.000000	102.216	-171.2791
40.289856	102.204	-171.6324
40.581814	102.191	-171.9837
40.875885	102.175	-172.3204
41.172089	102.158	-172.6342
41.470440	102.142	-172.9235
41.770950	102.129	-173.1956
42.073643	102.120	-173.4688
42.378525	102.114	-173.7648
42.685616	102.109	-174.0936
42.994934	102.101	-174.4519
43.306492	102.088	-174.8239
43.620308	102.069	-175.1854
43.936401	102.046	-175.5133
44.254780	102.024	-175.7980
44.575470	102.004	-176.0486
44.898483	101.989	-176.2851
45.223835	101.979	-176.5289
45.551544	101.971	-176.7948
45.881630	101.964	-177.0868
46.214108	101.955	-177.3991
46.548996	101.944	-177.7219
46.886307	101.931	-178.0464
47.226067	101.916	-178.3675
47.568283	101.899	-178.6819
47.912983	101.881	-178.9872
48.260181	101.863	-179.2822
48.609894	101.844	-179.5697
48.962143	101.827	-179.8564
49.316940	101.809	179.8501
49.674313	101.789	179.5483
50.034271	101.766	179.2456
50.396843	101.739	178.9558
50.762039	101.711	178.6889
51.129883	101.684	178.4420
51.500389	101.660	178.1973
51.873581	101.639	177.9322
52.249481	101.618	177.6339
52.628101	101.593	177.3097
53.009464	101.563	176.9833
53.393593	101.529	176.6807
53.780506	101.494	176.4136
54.170223	101.461	176.1729
54.562763	101.431	175.9368
54.958145	101.404	175.6859
55.356396	101.376	175.4163
55.757530	101.345	175.1405
56.161572	101.313	174.8771
56.568542	101.280	174.6363
56.978462	101.249	174.4108
57.391350	101.220	174.1806
57.807232	101.192	173.9301
58.226128	101.162	173.6631
58.648056	101.127	173.4030
59.073048	101.091	173.1748
59.501114	101.056	172.9835
59.932281	101.025	172.8050
60.366577	100.997	172.6050
60.804020	100.970	172.3698
61.244629	100.937	172.1182
61.688435	100.901	171.8857
62.135452	100.864	171.6928
62.585712	100.831	171.5257
63.039234	100.803	171.3495
63.496040	100.779	171.1388
63.956161	100.754	170.8936
64.419617	100.726	170.6347
64.886421	100.693	170.3840
65.356621	100.659	170.1518
65.830215	100.623	169.9381
66.307251	100.589	169.7376
66.787743	100.556	169.5425
67.271713	100.524	169.3450
67.759193	100.493	169.1415
68.250206	100.461	168.9356
68.744774	100.428	168.7340
69.242928	100.396	168.5396
69.744690	100.364	168.3491
70.250084	100.332	168.1599
70.759148	100.299	167.9760
71.271896	100.266	167.8040
71.788361	100.234	167.6432
72.308571	100.204	167.4825
72.832550	100.174	167.3102
73.360321	100.142	167.1275
73.891922	100.108	166.9474
74.427376	100.073	166.7824
74.966705	100.037	166.6317
75.509949	100.002	166.4857
76.057121	99.968	166.3379
76.608261	99.933	166.1893
77.163399	99.897	166.0427
77.722557	99.862	165.8989
78.285767	99.827	165.7562
78.853058	99.791	165.6126
79.424461	99.755	165.4676
80.000000	99.718	165.3245
80.579712	99.680	165.1879
81.163628	99.642	165.0582
81.751770	99.604	164.9295
82.344177	99.565	164.7997
82.940880	99.526	164.6751
83.541901	99.487	164.5603
84.147285	99.448	164.4503
84.757050	99.409	164.3381
85.371231	99.370	164.2247
85.989868	99.331	164.1146
86.612984	99.291	164.0098
87.240616	99.251	163.9102
87.872803	99.212	163.8115
88.509560	99.172	163.7049
89.150940	99.131	163.5942
89.796967	99.089	163.5016
90.447670	99.047	163.4378
91.103088	99.009	163.3765
91.763260	98.972	163.2917
92.428215	98.934	163.1944
93.097992	98.895	163.1078
93.772614	98.855	163.0317
94.452133	98.815	162.9551
95.136566	98.775	162.8814
95.825966	98.734	162.8163
96.520363	98.693	162.7563
97.219788	98.652	162.6994
97.924286	98.611	162.6475
98.633881	98.571	162.5979
99.348625	98.530	162.5468
100.068542	98.489	162.4975
100.793686	98.447	162.4532
101.524078	98.406	162.4095
102.259766	98.365	162.3629
103.000778	98.323	162.3173
103.747162	98.281	162.2775
104.498962	98.240	162.2449
105.256203	98.198	162.2187
106.018929	98.157	162.1951
106.787186	98.115	162.1713
107.561012	98.074	162.1505
108.340446	98.032	162.1347
109.125526	97.990	162.1205
109.916290	97.948	162.1067
110.712791	97.905	162.0985
111.515060	97.862	162.0964
112.323143	97.820	162.0923
113.137085	97.778	162.0836
113.956924	97.735	162.0766
114.782700	97.693	162.0742
115.614464	97.652	162.0749
116.452255	97.611	162.0764
117.296112	97.572	162.0796
118.146095	97.532	162.0831
119.002228	97.492	162.0734
119.864563	97.450	162.0643
120.733154	97.406	162.0971
121.608040	97.364	162.1609
122.489258	97.325	162.2106
123.376869	97.286	162.2434
124.270905	97.247	162.2744
125.171425	97.210	162.3083
126.078468	97.174	162.3464
126.992081	97.140	162.3862
127.912323	97.107	162.4286
128.839233	97.075	162.4742
129.772842	97.043	162.5192
130.713242	97.012	162.5659
131.660431	96.980	162.6173
132.614502	96.948	162.6706
133.575485	96.917	162.7246
134.543427	96.885	162.7820
135.518387	96.853	162.8423
136.500412	96.821	162.9049
137.489548	96.789	162.9713
138.485855	96.758	163.0385
139.489380	96.727	163.1059
140.500168	96.696	163.1760
141.518295	96.665	163.2444
142.543793	96.633	163.3141
143.576721	96.602	163.3923
144.617142	96.571	163.4724
145.665100	96.540	163.5530
146.720642	96.509	163.6406
147.783844	96.479	163.7285
148.854752	96.448	163.8116
149.933411	96.418	163.8981
151.019897	96.387	163.9924
152.114243	96.357	164.0898
153.216522	96.327	164.1850
154.326797	96.298	164.2804
155.445114	96.268	164.3840
156.571533	96.238	164.4951
157.706116	96.209	164.6069
158.848923	96.179	164.7166
160.000000	96.148	164.8318
161.159424	96.115	164.9633
162.327255	96.083	165.0755
163.503540	96.049	165.1767
164.688354	96.014	165.2867
165.881760	95.978	165.3942
167.083801	95.941	165.5186
168.294571	95.905	165.6606
169.514099	95.870	165.8009
170.742462	95.835	165.9413
171.979736	95.802	166.0904
173.225967	95.770	166.2189
174.481232	95.737	166.3341
175.745605	95.704	166.4482
177.019119	95.670	166.5631
178.301880	95.636	166.6899
179.593933	95.602	166.8237
180.895340	95.569	166.9558
182.206177	95.535	167.0916
183.526520	95.502	167.2307
184.856430	95.470	167.3670
186.195984	95.437	167.5050
187.545227	95.404	167.6482
188.904266	95.370	167.7971
190.273132	95.336	167.9523
191.651932	95.302	168.1116
193.040726	95.269	168.2747
194.439575	95.236	168.4373
195.848572	95.204	168.5979
197.267761	95.173	168.7565
198.697250	95.142	168.9185
200.137085	95.112	169.0873
201.587372	95.083	169.2557
203.048157	95.054	169.4250
204.519531	95.026	169.5982
206.001556	94.998	169.7743
207.494324	94.970	169.9527
208.997925	94.943	170.1328
210.512405	94.916	170.3148
212.037857	94.889	170.5039
213.574371	94.862	170.6961
215.122025	94.834	170.8860
216.680893	94.806	171.0857
218.251053	94.777	171.2947
219.832581	94.750	171.4948
221.425583	94.722	171.6896
223.030121	94.695	171.8950
224.646286	94.668	172.1072
226.274170	94.641	172.3253
227.913849	94.614	172.5463
229.565399	94.587	172.7730
231.228928	94.560	173.0074
232.904510	94.533	173.2459
234.592224	94.506	173.4897
236.292191	94.479	173.7408
238.004456	94.452	173.9991
239.729126	94.425	174.2674
241.466309	94.398	174.5334
243.216080	94.372	174.8024
244.978516	94.345	175.0857
246.753738	94.319	175.3842
248.541809	94.293	175.7029
250.342850	94.267	176.0367
252.156937	94.240	176.3749
253.984161	94.214	176.7219
255.824646	94.189	177.0923
257.678467	94.167	177.4830
259.545685	94.149	177.8871
261.426483	94.134	178.3101
263.320862	94.123	178.7533
265.229004	94.118	179.2049
267.150970	94.119	179.6588
269.086853	94.128	-179.8909
271.036774	94.144	-179.4523
273.000824	94.168	-179.0401
274.979095	94.198	-178.6729
276.971710	94.233	-178.3705
278.978760	94.270	-178.1439
281.000336	94.305	-177.9829
283.036591	94.337	-177.8784
285.087585	94.364	-177.8221
287.153442	94.385	-177.8024
289.234283	94.400	-177.8048
291.330200	94.407	-177.8165
293.441284	94.408	-177.8278
295.567688	94.404	-177.8335
297.709503	94.395	-177.8247
299.866821	94.383	-177.7961
302.039795	94.368	-177.7481
304.228485	94.351	-177.6823
306.433044	94.332	-177.5985
308.653595	94.313	-177.4957
310.890228	94.293	-177.3790
313.143066	94.274	-177.2511
315.412231	94.256	-177.1100
317.697845	94.242	-176.9599
320.000000	94.229	-176.7962
322.318848	94.217	-176.6172
324.654510	94.206	-176.4267
327.007080	94.194	-176.2325
329.376709	94.183	-176.0381
331.763519	94.173	-175.8391
334.167603	94.164	-175.6318
336.589142	94.156	-175.4190
339.028198	94.148	-175.2015
341.484924	94.140	-174.9771
343.959473	94.133	-174.7502
346.451935	94.126	-174.5245
348.962463	94.119	-174.2980
351.491211	94.114	-174.0654
354.038239	94.110	-173.8338
356.603760	94.107	-173.6026
359.187866	94.105	-173.3638
361.790680	94.103	-173.1198
364.412354	94.101	-172.8747
367.053040	94.100	-172.6313
369.712860	94.099	-172.3892
372.391968	94.099	-172.1457
375.090454	94.099	-171.9030
377.808533	94.100	-171.6589
380.546265	94.100	-171.4099
383.303864	94.102	-171.1614
386.081451	94.105	-170.9136
388.879150	94.108	-170.6613
391.697144	94.111	-170.4053
394.535522	94.115	-170.1459
397.394501	94.119	-169.8877
400.274170	94.124	-169.6351
403.174744	94.129	-169.3832
406.096313	94.135	-169.1266
409.039062	94.142	-168.8672
412.003113	94.148	-168.6116
414.988647	94.155	-168.3604
417.995850	94.163	-168.1102
421.024811	94.172	-167.8571
424.075714	94.182	-167.6009
427.148743	94.193	-167.3451
430.244049	94.205	-167.0871
433.361786	94.217	-166.8282
436.502106	94.230	-166.5745
439.665161	94.243	-166.3305
442.851166	94.258	-166.0850
446.060242	94.272	-165.8404
449.292572	94.288	-165.6062
452.548340	94.303	-165.3749
455.827698	94.319	-165.1449
459.130798	94.335	-164.9172
462.457855	94.351	-164.6905
465.809021	94.368	-164.4603
469.184448	94.384	-164.2314
472.584381	94.400	-164.0130
476.008911	94.417	-163.8026
479.458252	94.434	-163.5885
482.932617	94.451	-163.3707
486.432159	94.469	-163.1541
489.957031	94.487	-162.9439
493.507477	94.506	-162.7363
497.083618	94.525	-162.5258
500.685699	94.546	-162.3172
504.313873	94.567	-162.1155
507.968323	94.590	-161.9196
511.649292	94.613	-161.7287
515.356934	94.636	-161.5431
519.091370	94.661	-161.3587
522.852966	94.685	-161.1701
526.641724	94.709	-160.9808
530.458008	94.732	-160.7948
534.301941	94.756	-160.6189
538.173706	94.779	-160.4505
542.073547	94.803	-160.2834
546.001648	94.827	-160.1225
549.958191	94.852	-159.9611
553.943420	94.876	-159.8026
557.957520	94.901	-159.6523
562.000671	94.924	-159.4992
566.073181	94.948	-159.3482
570.175171	94.972	-159.2070
574.306885	94.996	-159.0711
578.468567	95.019	-158.9352
582.660400	95.042	-158.8030
586.882568	95.064	-158.6749
591.135376	95.086	-158.5471
595.419006	95.108	-158.4252
599.733643	95.131	-158.3111
604.079590	95.154	-158.1991
608.456970	95.176	-158.0881
612.866089	95.196	-157.9832
617.307190	95.216	-157.8800
621.780457	95.236	-157.7793
626.286133	95.255	-157.6787
630.824463	95.275	-157.5756
635.395691	95.297	-157.4702
640.000000	95.318	-157.3697
644.637695	95.340	-157.2733
649.309021	95.360	-157.1809
654.014160	95.381	-157.0922
658.753418	95.400	-156.9983
663.527039	95.419	-156.9026
668.335205	95.437	-156.8079
673.178284	95.454	-156.7165
678.056396	95.471	-156.6204
682.969849	95.487	-156.5208
687.918945	95.502	-156.4191
692.903870	95.517	-156.3168
697.924927	95.531	-156.2142
702.982422	95.543	-156.1053
708.076477	95.554	-155.9875
713.207520	95.565	-155.8691
718.375732	95.575	-155.7486
723.581360	95.585	-155.6213
728.824707	95.594	-155.4905
734.106079	95.603	-155.3586
739.425720	95.611	-155.2213
744.783936	95.618	-155.0748
750.180908	95.625	-154.9172
755.617065	95.631	-154.7587
761.092529	95.638	-154.5918
766.607727	95.643	-154.4156
772.162903	95.648	-154.2371
777.758301	95.653	-154.0483
783.394287	95.658	-153.8468
789.071045	95.662	-153.6425
794.789001	95.667	-153.4341
800.548340	95.669	-153.2142
806.349487	95.670	-152.9831
812.192627	95.670	-152.7384
818.078125	95.669	-152.4837
824.006226	95.669	-152.2223
829.977295	95.669	-151.9576
835.991699	95.669	-151.6901
842.049622	95.669	-151.4171
848.151428	95.671	-151.1322
854.297485	95.674	-150.8342
860.488098	95.677	-150.5290
866.723572	95.682	-150.2142
873.004211	95.687	-149.8937
879.330322	95.694	-149.5677
885.702332	95.702	-149.2322
892.120483	95.710	-148.8910
898.585144	95.719	-148.5478
905.096680	95.730	-148.1962
911.655396	95.741	-147.8374
918.261597	95.755	-147.4806
924.915710	95.770	-147.1219
931.618042	95.787	-146.7568
938.368896	95.805	-146.3846
945.168762	95.825	-146.0032
952.017822	95.846	-145.6180
958.916504	95.869	-145.2342
965.865234	95.894	-144.8534
972.864319	95.921	-144.4742
979.914062	95.948	-144.0959
987.014954	95.977	-143.7179
994.167236	96.004	-143.3378
1001.371399	96.027	-142.9555
1008.627747	96.046	-142.5783
1015.936646	96.062	-142.2092
1023.298584	96.078	-141.8497
1030.713867	96.094	-141.4952
1038.182739	96.112	-141.1366
1045.705933	96.131	-140.7797
1053.283447	96.151	-140.4335
1060.916016	96.173	-140.0924
1068.603882	96.196	-139.7605
1076.347412	96.220	-139.4395
1084.147095	96.246	-139.1247
1092.003296	96.273	-138.8105
1099.916382	96.300	-138.5004
1107.886841	96.327	-138.1991
1115.915039	96.355	-137.9104
1124.001343	96.383	-137.6337
1132.146362	96.413	-137.3654
1140.350342	96.443	-137.1025
1148.613770	96.473	-136.8428
1156.937134	96.504	-136.5876
1165.320801	96.536	-136.3414
1173.765137	96.568	-136.1045
1182.270752	96.600	-135.8753
1190.838013	96.631	-135.6550
1199.467285	96.663	-135.4386
1208.159180	96.695	-135.2270
1216.913940	96.727	-135.0216
1225.732178	96.758	-134.8205
1234.614380	96.791	-134.6275
1243.560913	96.827	-134.4418
1252.572266	96.868	-134.2630
1261.648926	96.913	-134.0955
1270.791382	96.963	-133.9360
1280.000000	97.013	-133.7783
1289.275391	97.062	-133.6265
1298.618042	97.111	-133.4847
1308.028320	97.159	-133.3491
1317.506836	97.207	-133.2198
1327.054077	97.255	-133.0984
1336.670410	97.301	-132.9834
1346.356567	97.346	-132.8684
1356.112793	97.388	-132.7559
1365.939697	97.427	-132.6447
1375.837891	97.463	-132.5272
1385.807739	97.498	-132.4001
1395.849854	97.532	-132.2560
1405.964844	97.564	-132.0876
1416.152954	97.595	-131.8936
1426.415039	97.626	-131.6788
1436.751465	97.658	-131.4417
1447.162720	97.692	-131.1732
1457.649414	97.730	-130.8806
1468.212158	97.773	-130.5777
1478.851440	97.819	-130.2740
1489.567871	97.870	-129.9665
1500.361816	97.924	-129.6556
1511.234131	97.982	-129.3478
1522.185059	98.043	-129.0441
1533.215454	98.106	-128.7414
1544.325806	98.173	-128.4445
1555.516602	98.242	-128.1622
1566.788574	98.312	-127.8871
1578.142090	98.384	-127.6172
1589.578003	98.457	-127.3569
1601.096680	98.533	-127.1087
1612.698975	98.612	-126.8719
1624.385254	98.694	-126.6505
1636.156250	98.778	-126.4382
1648.012451	98.863	-126.2369
1659.954590	98.948	-126.0512
1671.983398	99.034	-125.8786
1684.099243	99.122	-125.7150
1696.302856	99.211	-125.5617
1708.594971	99.302	-125.4268
1720.976196	99.394	-125.3100
1733.447144	99.486	-125.2039
1746.008423	99.579	-125.1118
1758.660645	99.672	-125.0364
1771.404663	99.767	-124.9724
1784.240967	99.862	-124.9305
1797.170288	99.957	-124.9109
1810.193359	100.052	-124.8982
1823.310791	100.147	-124.9013
1836.523193	100.242	-124.9359
1849.831421	100.337	-124.9968
1863.236084	100.430	-125.0820
1876.737793	100.522	-125.1868
1890.337524	100.612	-125.3078
1904.035645	100.700	-125.4446
1917.833008	100.788	-125.6022
1931.730469	100.876	-125.7729
1945.728638	100.962	-125.9435
1959.828125	101.045	-126.1259
1974.029907	101.126	-126.3241
1988.334473	101.204	-126.5303
2002.742798	101.281	-126.7475
2017.255493	101.356	-126.9734
2031.873291	101.429	-127.2065
2046.597168	101.500	-127.4393
2061.427734	101.571	-127.6753
2076.365479	101.639	-127.9196
2091.411865	101.705	-128.1666
2106.566895	101.768	-128.4128
2121.832031	101.829	-128.6604
2137.207764	101.889	-128.9062
2152.694824	101.948	-129.1526
2168.294189	102.007	-129.3948
2184.006592	102.065	-129.6331
2199.832764	102.121	-129.8673
2215.773682	102.176	-130.0966
2231.830078	102.231	-130.3308
2248.002686	102.286	-130.5756
2264.292725	102.340	-130.8215
2280.700684	102.392	-131.0620
2297.227539	102.445	-131.3034
2313.874268	102.498	-131.5510
2330.641602	102.553	-131.8038
2347.530273	102.607	-132.0569
2364.541504	102.660	-132.3109
2381.676025	102.712	-132.5803
2398.934570	102.764	-132.8705
2416.318359	102.816	-133.1734
2433.827881	102.868	-133.4698
2451.464355	102.919	-133.7701
2469.228760	102.969	-134.0868
2487.121826	103.019	-134.4043
2505.144531	103.066	-134.7351
2523.297852	103.112	-135.0887
2541.582764	103.156	-135.4572
2560.000000	103.198	-135.8309
2578.550781	103.237	-136.2282
2597.236084	103.273	-136.6437
2616.056641	103.308	-137.0545
2635.013672	103.340	-137.4701
2654.108154	103.368	-137.8958
2673.340820	103.392	-138.3246
2692.713135	103.413	-138.7546
2712.225586	103.431	-139.1866
2731.879395	103.445	-139.6177
2751.675781	103.455	-140.0380
2771.615479	103.461	-140.4577
2791.699707	103.464	-140.8929
2811.929688	103.464	-141.3180
2832.305908	103.462	-141.7102
2852.830078	103.457	-142.0865
2873.502930	103.449	-142.4715
2894.325439	103.442	-142.8571
2915.298828	103.433	-143.2223
2936.424316	103.423	-143.5620
2957.702881	103.412	-143.8832
2979.135742	103.402	-144.1921
3000.723633	103.392	-144.4884
3022.468262	103.382	-144.7579
3044.370117	103.371	-145.0155
3066.430908	103.361	-145.2833
3088.651611	103.350	-145.5565
3111.033203	103.339	-145.8346
3133.577148	103.328	-146.1196
3156.284180	103.319	-146.4133
3179.156006	103.313	-146.7088
3202.193359	103.306	-146.9976
3225.397949	103.296	-147.2923
3248.770508	103.285	-147.5872
3272.312500	103.271	-147.8751
3296.024902	103.255	-148.1627
3319.909180	103.236	-148.4426
3343.966797	103.213	-148.7114
3368.198486	103.187	-148.9752
3392.605713	103.161	-149.2209
3417.189941	103.133	-149.4405
3441.952393	103.103	-149.6380
3466.894287	103.071	-149.8282
3492.016846	103.038	-150.0159
3517.321289	103.004	-150.1868
3542.809326	102.969	-150.3338
3568.481934	102.935	-150.4645
3594.340576	102.901	-150.5751
3620.386719	102.869	-150.6665
3646.621582	102.837	-150.7405
3673.046387	102.806	-150.7900
3699.662842	102.778	-150.8247
3726.472168	102.752	-150.8578
3753.475586	102.727	-150.8930
3780.675049	102.703	-150.9197
3808.071289	102.682	-150.9520
3835.666016	102.664	-150.9964
3863.460938	102.649	-151.0440
3891.457275	102.636	-151.1110
3919.656250	102.622	-151.2062
3948.059814	102.608	-151.3236
3976.668945	102.593	-151.4561
4005.485596	102.572	-151.6111
4034.510986	102.544	-151.7835
4063.746582	102.511	-151.9816
4093.194336	102.475	-152.2121
4122.855469	102.434	-152.4725
4152.730957	102.390	-152.7564
4182.823730	102.340	-153.0574
4213.133789	102.286	-153.3730
4243.664062	102.224	-153.7022
4274.415527	102.156	-154.0457
4305.389648	102.080	-154.3938
4336.588379	101.998	-154.7383
4368.013184	101.909	-155.0690
4399.665527	101.812	-155.3847
4431.547363	101.709	-155.6915
4463.660156	101.600	-155.9770
4496.005371	101.485	-156.2456
4528.585449	101.362	-156.4942
4561.401367	101.231	-156.7169
4594.455078	101.092	-156.8987
4627.748535	100.947	-157.0231
4661.283203	100.799	-157.0837
4695.060547	100.648	-157.0827
4729.083008	100.497	-157.0127
4763.352051	100.347	-156.8649
4797.869141	100.203	-156.6687
4832.636719	100.060	-156.4590
4867.655762	99.917	-156.2603
4902.928711	99.773	-156.0774
4938.457520	99.628	-155.8869
4974.243652	99.482	-155.6622
5010.289062	99.333	-155.3962
5046.595703	99.180	-155.0932
5083.165527	99.023	-154.7476
5120.000000	98.862	-154.3463
5157.101562	98.696	-153.8795
5194.472168	98.529	-153.3194
5232.113281	98.367	-152.6057
5270.027344	98.220	-151.7733
5308.216309	98.087	-150.9972
5346.681641	97.955	-150.2605
5385.426270	97.823	-149.4596
5424.451172	97.693	-148.5889
5463.758789	97.571	-147.6856
5503.351562	97.456	-146.7569
5543.230957	97.347	-145.8070
5583.399414	97.246	-144.8432
5623.859375	97.150	-143.8583
5664.611816	97.059	-142.8623
5705.660156	96.972	-141.8528
5747.005859	96.890	-140.8184
5788.650879	96.816	-139.7482
5830.597656	96.754	-138.6526
5872.848633	96.703	-137.5798
5915.405762	96.660	-136.5389
5958.271484	96.625	-135.5300
6001.447266	96.597	-134.5604
6044.936523	96.575	-133.6400
6088.740234	96.554	-132.7768
6132.861816	96.531	-131.9587
6177.303223	96.504	-131.1609
6222.066406	96.472	-130.3732
6267.154297	96.434	-129.5654
6312.568359	96.390	-128.7269
6358.312012	96.344	-127.8525
6404.386719	96.301	-126.9263
6450.795898	96.264	-125.9722
6497.541016	96.232	-125.0340
6544.625000	96.207	-124.1159
6592.049805	96.187	-123.2118
6639.818359	96.174	-122.3409
6687.933594	96.166	-121.5077
6736.396973	96.161	-120.7183
6785.211426	96.159	-119.9679
6834.379883	96.160	-119.2412
6883.904785	96.160	-118.5422
6933.788574	96.159	-117.8846
6984.033691	96.161	-117.2599
7034.642578	96.165	-116.6454
7085.618652	96.170	-116.0627
7136.963867	96.174	-115.5243
7188.681152	96.177	-115.0336
7240.773438	96.177	-114.5897
7293.243164	96.174	-114.1837
7346.092773	96.168	-113.8294
7399.325684	96.155	-113.5248
7452.944336	96.131	-113.2458
7506.951172	96.099	-112.9518
7561.350098	96.056	-112.6063
7616.142578	96.006	-112.1822
7671.332031	95.958	-111.6742
7726.921875	95.920	-111.1287
7782.914551	95.894	-110.6312
7839.312500	95.873	-110.2059
7896.119629	95.853	-109.7893
7953.337891	95.833	-109.3401
8010.971191	95.814	-108.8778
8069.021973	95.800	-108.4591
8127.493164	95.793	-108.1305
8186.388672	95.792	-107.8841
8245.710938	95.792	-107.7003
8305.461914	95.793	-107.5971
8365.647461	95.786	-107.6074
8426.267578	95.762	-107.7326
8487.328125	95.717	-107.9238
8548.831055	95.650	-108.1086
8610.779297	95.568	-108.2428
8673.176758	95.477	-108.3186
8736.026367	95.383	-108.3637
8799.331055	95.284	-108.4386
8863.094727	95.181	-108.5811
8927.320312	95.073	-108.7714
8992.010742	94.960	-108.9795
9057.170898	94.837	-109.1975
9122.802734	94.700	-109.4235
9188.910156	94.546	-109.6025
9255.497070	94.385	-109.6030
9322.566406	94.240	-109.4005
9390.121094	94.118	-109.1924
9458.166016	94.008	-109.1606
9526.704102	93.893	-109.2843
9595.738281	93.766	-109.4681
9665.273438	93.625	-109.6433
9735.311523	93.470	-109.7996
9805.857422	93.302	-109.9501
9876.915039	93.120	-110.0897
9948.487305	92.927	-110.2002
10020.578125	92.724	-110.2737
10093.191406	92.512	-110.2875
10166.331055	92.294	-110.2239
10240.000000	92.069	-110.0639
10314.203125	91.842	-109.7781
10388.944336	91.621	-109.3674
10464.226562	91.407	-108.8969
10540.054688	91.200	-108.4396
10616.432617	90.997	-107.9678
10693.363281	90.804	-107.3887
10770.852539	90.631	-106.8336
10848.902344	90.461	-106.5948
10927.517578	90.266	-106.4257
11006.703125	90.052	-106.0376
11086.461914	89.833	-105.5311
11166.798828	89.616	-105.0606
11247.718750	89.402	-104.6278
11329.223633	89.188	-104.1502
11411.320312	88.971	-103.5846
11494.011719	88.753	-102.9129
11577.301758	88.539	-102.1973
11661.195312	88.330	-101.5595
11745.697266	88.121	-101.0161
11830.811523	87.908	-100.4954
11916.542969	87.686	-99.9447
12002.894531	87.460	-99.3570
12089.873047	87.231	-98.7598
12177.480469	86.994	-98.1751
12265.723633	86.744	-97.5804
12354.606445	86.482	-96.9385
12444.132812	86.207	-96.2011
12534.308594	85.923	-95.3159
12625.136719	85.633	-94.2791
12716.624023	85.338	-93.1248
12808.773438	85.046	-91.8497
12901.591797	84.758	-90.4394
12995.082031	84.478	-88.9093
13089.250000	84.208	-87.2565
13184.099609	83.950	-85.4783
13279.636719	83.710	-83.5561
13375.867188	83.488	-81.5234
13472.793945	83.282	-79.4609
13570.422852	83.099	-77.3545
13668.759766	82.944	-75.1381
13767.809570	82.816	-72.8350
13867.577148	82.716	-70.4888
13968.067383	82.644	-68.1131
14069.285156	82.602	-65.7232
14171.237305	82.594	-63.3193
14273.927734	82.624	-60.9021
14377.362305	82.695	-58.5243
14481.546875	82.810	-56.1958
14586.486328	82.970	-53.9058
14692.185547	83.183	-51.6904
14798.651367	83.452	-49.6104
14905.888672	83.783	-47.7503
15013.902344	84.176	-46.1556
15122.700195	84.638	-44.7985
15232.285156	85.178	-43.7415
15342.664062	85.806	-43.1580
15453.843750	86.530	-43.2297
15565.829102	87.361	-44.1402
15678.625000	88.295	-46.2098
15792.239258	89.303	-49.9345
15906.675781	90.320	-55.8951
16021.942383	91.231	-64.5073
16138.043945	91.869	-75.7424
16254.986328	92.069	-88.7636
16372.777344	91.753	-101.9786
16491.421875	90.965	-113.7198
16610.923828	89.839	-123.0106
16731.294922	88.537	-129.7118
16852.535156	87.199	-134.2127
16974.656250	85.912	-137.1010
17097.662109	84.712	-138.9326
17221.558594	83.608	-140.0783
17346.353516	82.596	-140.7976
17472.052734	81.659	-141.2886
17598.662109	80.786	-141.6350
17726.189453	79.964	-141.8679
17854.640625	79.183	-142.0492
17984.021484	78.436	-142.2470
18114.341797	77.715	-142.4598
18245.605469	77.017	-142.7283
18377.820312	76.333	-143.1148
18510.994141	75.657	-143.6434
18645.132812	74.983	-144.3948
18780.242188	74.308	-145.4364
18916.332031	73.633	-146.7860
19053.408203	72.956	-148.4606
19191.476562	72.269	-150.4718
19330.546875	71.570	-152.8776
19470.623047	70.856	-155.7700
19611.714844	70.097	-159.2594
19753.830078	69.199	-163.0392
19896.974609	68.050	-165.6359
