20.000000	99.244	-158.2379
20.144928	99.245	-158.6181
20.290907	99.245	-158.9992
20.437943	99.245	-159.3803
20.586044	99.244	-159.7587
20.735220	99.242	-160.1351
20.885475	99.239	-160.5076
21.036821	99.236	-160.8752
21.189262	99.232	-161.2387
21.342808	99.228	-161.5981
21.497467	99.224	-161.9534
21.653246	99.221	-162.3078
21.810154	99.217	-162.6607
21.968201	99.214	-163.0143
22.127390	99.210	-163.3703
22.287735	99.207	-163.7279
22.449242	99.202	-164.0870
22.611917	99.197	-164.4476
22.775772	99.190	-164.8050
22.940815	99.183	-165.1599
23.107054	99.174	-165.5073
23.274498	99.165	-165.8457
23.443153	99.156	-166.1752
23.613033	99.147	-166.4932
23.784142	99.140	-166.8036
23.956491	99.134	-167.1090
24.130091	99.129	-167.4118
24.304947	99.127	-167.7210
24.481071	99.125	-168.0362
24.658470	99.125	-168.3662
24.837156	99.124	-168.7095
25.017136	99.123	-169.0675
25.198421	99.120	-169.4391
25.381020	99.114	-169.8166
25.564941	99.105	-170.1997
25.750195	99.094	-170.5768
25.936790	99.081	-170.9484
26.124741	99.066	-171.3070
26.314051	99.051	-171.6536
26.504732	99.035	-171.9889
26.696796	99.020	-172.3147
26.890253	99.006	-172.6375
27.085112	98.992	-172.9582
27.281382	98.978	-173.2826
27.479073	98.964	-173.6091
27.678198	98.949	-173.9388
27.878765	98.934	-174.2670
28.080786	98.916	-174.5919
28.284271	98.898	-174.9091
28.489231	98.880	-175.2172
28.695675	98.862	-175.5167
28.903616	98.844	-175.8087
29.113064	98.827	-176.0977
29.324028	98.812	-176.3856
29.536524	98.796	-176.6759
29.750557	98.781	-176.9673
29.966141	98.765	-177.2598
30.183289	98.749	-177.5491
30.402010	98.733	-177.8350
30.622314	98.718	-178.1153
30.844217	98.703	-178.3959
31.067726	98.690	-178.6788
31.292856	98.678	-178.9749
31.519617	98.666	-179.2857
31.748020	98.653	-179.6165
31.978081	98.637	-179.9584
32.209808	98.616	179.6938
32.443211	98.591	179.3580
32.678310	98.562	179.0453
32.915108	98.531	178.7643
33.153625	98.500	178.5168
33.393871	98.471	178.2931
33.635857	98.446	178.0842
33.879597	98.422	177.8701
34.125103	98.400	177.6479
34.372387	98.377	177.4136
34.621464	98.351	177.1823
34.872345	98.322	176.9680
35.125042	98.292	176.7843
35.379574	98.265	176.6398
35.635948	98.243	176.5183
35.894180	98.229	176.4034
36.154285	98.223	176.2587
36.416275	98.220	176.0573
36.680161	98.217	175.7923
36.945961	98.209	175.4644
37.213688	98.192	175.1081
37.483353	98.164	174.7591
37.754974	98.129	174.4470
38.028561	98.090	174.1998
38.304131	98.052	174.0167
38.581699	98.021	173.8788
38.861279	97.997	173.7624
39.142883	97.981	173.6371
39.426529	97.971	173.4818
39.712231	97.962	173.2946
40.000000	97.953	173.0818
40.289856	97.942	172.8569
40.581814	97.931	172.6366
40.875885	97.920	172.4302
41.172089	97.911	172.2359
41.470440	97.906	172.0441
41.770950	97.905	171.8376
42.073643	97.908	171.5940
42.378525	97.911	171.2966
42.685616	97.910	170.9447
42.994934	97.901	170.5529
43.306492	97.881	170.1470
43.620308	97.852	169.7581
43.936401	97.815	169.4106
44.254780	97.773	169.1102
44.575470	97.731	168.8461
44.898483	97.687	168.6068
45.223835	97.641	168.3915
45.551544	97.594	168.2131
45.881630	97.547	168.0872
46.214108	97.507	168.0131
46.548996	97.478	167.9562
46.886307	97.461	167.8529
47.226067	97.450	167.6437
47.568283	97.432	167.3188
47.912983	97.400	166.9348
48.260181	97.351	166.5883
48.609894	97.293	166.3625
48.962143	97.243	166.2742
49.316940	97.211	166.2549
49.674313	97.200	166.1888
50.034271	97.197	165.9852
50.396843	97.189	165.6354
50.762039	97.164	165.2125
51.129883	97.121	164.8213
51.500389	97.070	164.5328
51.873581	97.020	164.3484
52.249481	96.980	164.2137
52.628101	96.946	164.0695
53.009464	96.913	163.8961
53.393593	96.876	163.7181
53.780506	96.837	163.5725
54.170223	96.798	163.4729
54.562763	96.763	163.3997
54.958145	96.732	163.3188
55.356396	96.703	163.2079
55.757530	96.672	163.0679
56.161572	96.638	162.9138
56.568542	96.599	162.7597
56.978462	96.558	162.6120
57.391350	96.515	162.4731
57.807232	96.472	162.3458
58.226128	96.429	162.2302
58.648056	96.389	162.1186
59.073048	96.351	161.9968
59.501114	96.315	161.8522
59.932281	96.279	161.6837
60.366577	96.242	161.5031
60.804020	96.202	161.3254
61.244629	96.162	161.1600
61.688435	96.122	161.0080
62.135452	96.083	160.8658
62.585712	96.046	160.7299
63.039234	96.010	160.5976
63.496040	95.976	160.4688
63.956161	95.942	160.3467
64.419617	95.909	160.2366
64.886421	95.875	160.1401
65.356621	95.844	160.0490
65.830215	95.813	159.9465
66.307251	95.782	159.8199
66.787743	95.748	159.6718
67.271713	95.710	159.5199
67.759193	95.669	159.3831
68.250206	95.627	159.2682
68.744774	95.585	159.1692
69.242928	95.544	159.0770
69.744690	95.504	158.9910
70.250084	95.465	158.9206
70.759148	95.429	158.8754
71.271896	95.397	158.8506
71.788361	95.371	158.8197
72.308571	95.349	158.7513
72.832550	95.326	158.6352
73.360321	95.298	158.4951
73.891922	95.263	158.3673
74.427376	95.226	158.2739
74.966705	95.188	158.2076
75.509949	95.152	158.1475
76.057121	95.115	158.0797
76.608261	95.077	158.0036
77.163399	95.038	157.9266
77.722557	94.998	157.8550
78.285767	94.958	157.7868
78.853058	94.918	157.7151
79.424461	94.879	157.6402
80.000000	94.840	157.5696
80.579712	94.801	157.4995
81.163628	94.763	157.4133
81.751770	94.723	157.3154
82.344177	94.680	157.2416
82.940880	94.639	157.2175
83.541901	94.603	157.2133
84.147285	94.570	157.1813
84.757050	94.537	157.1213
85.371231	94.501	157.0672
85.989868	94.464	157.0318
86.612984	94.428	156.9981
87.240616	94.391	156.9575
87.872803	94.353	156.9102
88.509560	94.314	156.8527
89.150940	94.273	156.7967
89.796967	94.230	156.7674
90.447670	94.190	156.7593
91.103088	94.152	156.7321
91.763260	94.113	156.6801
92.428215	94.072	156.6391
93.097992	94.031	156.6220
93.772614	93.992	156.6060
94.452133	93.952	156.5883
95.136566	93.912	156.5925
95.825966	93.874	156.6155
96.520363	93.839	156.6245
97.219788	93.803	156.6014
97.924286	93.764	156.5688
98.633881	93.723	156.5596
99.348625	93.682	156.5691
100.068542	93.642	156.5667
100.793686	93.600	156.5528
101.524078	93.557	156.5507
102.259766	93.515	156.5569
103.000778	93.473	156.5582
103.747162	93.432	156.5594
104.498962	93.391	156.5656
105.256203	93.349	156.5791
106.018929	93.308	156.6003
106.787186	93.267	156.6215
107.561012	93.226	156.6485
108.340446	93.184	156.6911
109.125526	93.144	156.7357
109.916290	93.105	156.7751
110.712791	93.067	156.8104
111.515060	93.030	156.8275
112.323143	92.992	156.8344
113.137085	92.954	156.8563
113.956924	92.918	156.8853
114.782700	92.883	156.9112
115.614464	92.847	156.9573
116.452255	92.811	157.0196
117.296112	92.775	157.0707
118.146095	92.736	157.1710
119.002228	92.705	157.3292
119.864563	92.678	157.3597
120.733154	92.639	157.2355
121.608040	92.585	157.1805
122.489258	92.531	157.2433
123.376869	92.485	157.2950
124.270905	92.442	157.3099
125.171425	92.403	157.3375
126.078468	92.368	157.3868
126.992081	92.336	157.4387
127.912323	92.305	157.4951
128.839233	92.272	157.5617
129.772842	92.239	157.6412
130.713242	92.205	157.7324
131.660431	92.170	157.8116
132.614502	92.134	157.8806
133.575485	92.098	157.9594
134.543427	92.062	158.0506
135.518387	92.029	158.1495
136.500412	91.997	158.2467
137.489548	91.966	158.3473
138.485855	91.935	158.4573
139.489380	91.905	158.5692
140.500168	91.874	158.6879
141.518295	91.845	158.8194
142.543793	91.817	158.9486
143.576721	91.790	159.0720
144.617142	91.764	159.1967
145.665100	91.739	159.3380
146.720642	91.717	159.4952
147.783844	91.697	159.6058
148.854752	91.675	159.6847
149.933411	91.650	159.7870
151.019897	91.624	159.9041
152.114243	91.599	160.0266
153.216522	91.575	160.1549
154.326797	91.553	160.2844
155.445114	91.533	160.4052
156.571533	91.516	160.5176
157.706116	91.501	160.5968
158.848923	91.485	160.6486
160.000000	91.466	160.6963
161.159424	91.439	160.7509
162.327255	91.408	160.8471
163.503540	91.376	161.0032
164.688354	91.346	161.0936
165.881760	91.310	161.0816
167.083801	91.266	161.1012
168.294571	91.223	161.1497
169.514099	91.180	161.1805
170.742462	91.137	161.2036
171.979736	91.095	161.3165
173.225967	91.057	161.4822
174.481232	91.022	161.5948
175.745605	90.983	161.6991
177.019119	90.941	161.8447
178.301880	90.900	162.0007
179.593933	90.860	162.1527
180.895340	90.822	162.3067
182.206177	90.785	162.4739
183.526520	90.750	162.6509
184.856430	90.717	162.8331
186.195984	90.685	163.0169
187.545227	90.654	163.1988
188.904266	90.625	163.3762
190.273132	90.596	163.5422
191.651932	90.567	163.7057
193.040726	90.539	163.8757
194.439575	90.512	164.0430
195.848572	90.486	164.2009
197.267761	90.461	164.3533
198.697250	90.436	164.4998
200.137085	90.412	164.6364
201.587372	90.389	164.7622
203.048157	90.367	164.8800
204.519531	90.343	164.9921
206.001556	90.319	165.1024
207.494324	90.293	165.2155
208.997925	90.266	165.3235
210.512405	90.238	165.4303
212.037857	90.210	165.5455
213.574371	90.182	165.6723
215.122025	90.155	165.7939
216.680893	90.126	165.9202
218.251053	90.095	166.0696
219.832581	90.063	166.2239
221.425583	90.032	166.3713
223.030121	90.001	166.5128
224.646286	89.971	166.6483
226.274170	89.942	166.7872
227.913849	89.914	166.9366
229.565399	89.884	167.1023
231.228928	89.854	167.2723
232.904510	89.823	167.4421
234.592224	89.791	167.6085
236.292191	89.760	167.7744
238.004456	89.730	167.9470
239.729126	89.701	168.1258
241.466309	89.673	168.3019
243.216080	89.643	168.4921
244.978516	89.614	168.6845
246.753738	89.584	168.8718
248.541809	89.554	169.0579
250.342850	89.524	169.2527
252.156937	89.494	169.4554
253.984161	89.462	169.6555
255.824646	89.429	169.8513
257.678467	89.395	170.0509
259.545685	89.362	170.2570
261.426483	89.330	170.4630
263.320862	89.299	170.6720
265.229004	89.268	170.8793
267.150970	89.236	171.0902
269.086853	89.204	171.3045
271.036774	89.173	171.5209
273.000824	89.142	171.7362
274.979095	89.110	171.9539
276.971710	89.078	172.1803
278.978760	89.047	172.4179
281.000336	89.016	172.6494
283.036591	88.985	172.8660
285.087585	88.955	173.0810
287.153442	88.925	173.3028
289.234283	88.896	173.5387
291.330200	88.866	173.7731
293.441284	88.837	174.0040
295.567688	88.808	174.2420
297.709503	88.779	174.4847
299.866821	88.749	174.7253
302.039795	88.720	174.9738
304.228485	88.691	175.2270
306.433044	88.663	175.4763
308.653595	88.634	175.7234
310.890228	88.606	175.9735
313.143066	88.579	176.2279
315.412231	88.554	176.4792
317.697845	88.531	176.7325
320.000000	88.509	176.9875
322.318848	88.488	177.2426
324.654510	88.468	177.4988
327.007080	88.447	177.7574
329.376709	88.428	178.0191
331.763519	88.409	178.2863
334.167603	88.391	178.5524
336.589142	88.372	178.8199
339.028198	88.353	179.0922
341.484924	88.333	179.3660
343.959473	88.314	179.6404
346.451935	88.294	179.9161
348.962463	88.276	-179.8067
351.491211	88.258	-179.5298
354.038239	88.241	-179.2561
356.603760	88.222	-178.9790
359.187866	88.204	-178.6867
361.790680	88.186	-178.3899
364.412354	88.169	-178.0988
367.053040	88.151	-177.8137
369.712860	88.134	-177.5224
372.391968	88.117	-177.2235
375.090454	88.100	-176.9261
377.808533	88.084	-176.6299
380.546265	88.067	-176.3314
383.303864	88.050	-176.0299
386.081451	88.033	-175.7271
388.879150	88.017	-175.4209
391.697144	88.002	-175.1103
394.535522	87.986	-174.7971
397.394501	87.970	-174.4817
400.274170	87.954	-174.1740
403.174744	87.938	-173.8702
406.096313	87.923	-173.5581
409.039062	87.908	-173.2391
412.003113	87.892	-172.9180
414.988647	87.877	-172.5942
417.995850	87.862	-172.2688
421.024811	87.848	-171.9408
424.075714	87.834	-171.6017
427.148743	87.819	-171.2619
430.244049	87.804	-170.9309
433.361786	87.790	-170.6040
436.502106	87.777	-170.2700
439.665161	87.764	-169.9302
442.851166	87.750	-169.5880
446.060242	87.737	-169.2448
449.292572	87.723	-168.9050
452.548340	87.710	-168.5572
455.827698	87.697	-168.1960
459.130798	87.684	-167.8359
462.457855	87.671	-167.4841
465.809021	87.658	-167.1281
469.184448	87.646	-166.7723
472.584381	87.634	-166.4154
476.008911	87.622	-166.0499
479.458252	87.611	-165.6828
482.932617	87.599	-165.3189
486.432159	87.588	-164.9462
489.957031	87.577	-164.5639
493.507477	87.566	-164.1835
497.083618	87.555	-163.8086
500.685699	87.546	-163.4301
504.313873	87.538	-163.0461
507.968323	87.531	-162.6607
511.649292	87.525	-162.2754
515.356934	87.518	-161.8799
519.091370	87.512	-161.4750
522.852966	87.505	-161.0711
526.641724	87.498	-160.6649
530.458008	87.491	-160.2680
534.301941	87.485	-159.8713
538.173706	87.479	-159.4609
542.073547	87.474	-159.0434
546.001648	87.468	-158.6339
549.958191	87.462	-158.2178
553.943420	87.457	-157.7983
557.957520	87.453	-157.3853
562.000671	87.449	-156.9670
566.073181	87.445	-156.5322
570.175171	87.441	-156.0958
574.306885	87.437	-155.6669
578.468567	87.434	-155.2367
582.660400	87.431	-154.7972
586.882568	87.428	-154.3540
591.135376	87.424	-153.8967
595.419006	87.422	-153.4342
599.733643	87.419	-152.9847
604.079590	87.417	-152.5298
608.456970	87.415	-152.0658
612.866089	87.414	-151.6028
617.307190	87.414	-151.1363
621.780457	87.415	-150.6700
626.286133	87.416	-150.2055
630.824463	87.418	-149.7320
635.395691	87.422	-149.2513
640.000000	87.428	-148.7620
644.637695	87.435	-148.2616
649.309021	87.442	-147.7674
654.014160	87.449	-147.2766
658.753418	87.457	-146.7715
663.527039	87.465	-146.2657
668.335205	87.473	-145.7602
673.178284	87.482	-145.2493
678.056396	87.492	-144.7373
682.969849	87.503	-144.2182
687.918945	87.514	-143.6942
692.903870	87.525	-143.1651
697.924927	87.536	-142.6303
702.982422	87.547	-142.0935
708.076477	87.559	-141.5576
713.207520	87.572	-141.0161
718.375732	87.585	-140.4656
723.581360	87.600	-139.9134
728.824707	87.615	-139.3591
734.106079	87.631	-138.7990
739.425720	87.647	-138.2328
744.783936	87.663	-137.6640
750.180908	87.680	-137.0886
755.617065	87.699	-136.5084
761.092529	87.718	-135.9263
766.607727	87.737	-135.3421
772.162903	87.758	-134.7492
777.758301	87.779	-134.1513
783.394287	87.801	-133.5476
789.071045	87.824	-132.9447
794.789001	87.847	-132.3366
800.548340	87.868	-131.7259
806.349487	87.888	-131.1151
812.192627	87.908	-130.4937
818.078125	87.929	-129.8702
824.006226	87.951	-129.2503
829.977295	87.974	-128.6201
835.991699	87.998	-127.9813
842.049622	88.022	-127.3507
848.151428	88.047	-126.7221
854.297485	88.074	-126.0928
860.488098	88.102	-125.4563
866.723572	88.132	-124.8063
873.004211	88.163	-124.1600
879.330322	88.195	-123.5212
885.702332	88.229	-122.8765
892.120483	88.264	-122.2230
898.585144	88.299	-121.5723
905.096680	88.336	-120.9275
911.655396	88.375	-120.2830
918.261597	88.415	-119.6296
924.915710	88.456	-118.9808
931.618042	88.497	-118.3414
938.368896	88.540	-117.6997
945.168762	88.584	-117.0553
952.017822	88.630	-116.4190
958.916504	88.677	-115.7908
965.865234	88.726	-115.1581
972.864319	88.777	-114.5292
979.914062	88.828	-113.9074
987.014954	88.879	-113.2892
994.167236	88.928	-112.6785
1001.371399	88.972	-112.0745
1008.627747	89.011	-111.4704
1015.936646	89.046	-110.8694
1023.298584	89.081	-110.2792
1030.713867	89.116	-109.6959
1038.182739	89.151	-109.1193
1045.705933	89.186	-108.5443
1053.283447	89.223	-107.9741
1060.916016	89.260	-107.4172
1068.603882	89.297	-106.8673
1076.347412	89.335	-106.3206
1084.147095	89.372	-105.7780
1092.003296	89.410	-105.2444
1099.916382	89.449	-104.7166
1107.886841	89.487	-104.1976
1115.915039	89.525	-103.6842
1124.001343	89.562	-103.1712
1132.146362	89.600	-102.6652
1140.350342	89.637	-102.1667
1148.613770	89.674	-101.6742
1156.937134	89.711	-101.1855
1165.320801	89.747	-100.6977
1173.765137	89.782	-100.2152
1182.270752	89.817	-99.7408
1190.838013	89.852	-99.2638
1199.467285	89.886	-98.7855
1208.159180	89.920	-98.3121
1216.913940	89.952	-97.8439
1225.732178	89.985	-97.3739
1234.614380	90.017	-96.9026
1243.560913	90.051	-96.4305
1252.572266	90.090	-95.9590
1261.648926	90.134	-95.4856
1270.791382	90.181	-95.0121
1280.000000	90.228	-94.5360
1289.275391	90.274	-94.0539
1298.618042	90.320	-93.5712
1308.028320	90.365	-93.0825
1317.506836	90.410	-92.5852
1327.054077	90.454	-92.0845
1336.670410	90.498	-91.5802
1346.356567	90.542	-91.0705
1356.112793	90.586	-90.5502
1365.939697	90.630	-90.0238
1375.837891	90.675	-89.4909
1385.807739	90.719	-88.9576
1395.849854	90.764	-88.4210
1405.964844	90.809	-87.8800
1416.152954	90.854	-87.3272
1426.415039	90.898	-86.7695
1436.751465	90.942	-86.2091
1447.162720	90.986	-85.6408
1457.649414	91.030	-85.0667
1468.212158	91.074	-84.4809
1478.851440	91.118	-83.8804
1489.567871	91.164	-83.2670
1500.361816	91.210	-82.6429
1511.234131	91.259	-82.0101
1522.185059	91.310	-81.3718
1533.215454	91.364	-80.7344
1544.325806	91.420	-80.1027
1555.516602	91.477	-79.4833
1566.788574	91.533	-78.8788
1578.142090	91.589	-78.2853
1589.578003	91.643	-77.6982
1601.096680	91.697	-77.1105
1612.698975	91.750	-76.5216
1624.385254	91.802	-75.9235
1636.156250	91.853	-75.3050
1648.012451	91.903	-74.6637
1659.954590	91.953	-74.0084
1671.983398	92.003	-73.3344
1684.099243	92.054	-72.6461
1696.302856	92.107	-71.9461
1708.594971	92.160	-71.2417
1720.976196	92.213	-70.5402
1733.447144	92.266	-69.8331
1746.008423	92.317	-69.1171
1758.660645	92.367	-68.3870
1771.404663	92.415	-67.6393
1784.240967	92.462	-66.8732
1797.170288	92.508	-66.0777
1810.193359	92.553	-65.2564
1823.310791	92.597	-64.4031
1836.523193	92.642	-63.5168
1849.831421	92.687	-62.6020
1863.236084	92.732	-61.6618
1876.737793	92.775	-60.6843
1890.337524	92.817	-59.6565
1904.035645	92.858	-58.5802
1917.833008	92.899	-57.4510
1931.730469	92.939	-56.2327
1945.728638	92.981	-54.9005
1959.828125	93.030	-53.4561
1974.029907	93.089	-51.8751
1988.334473	93.166	-50.1453
2002.742798	93.267	-48.3080
2017.255493	93.397	-46.4035
2031.873291	93.558	-44.4516
2046.597168	93.753	-42.4977
2061.427734	93.980	-40.6128
2076.365479	94.234	-38.8259
2091.411865	94.510	-37.1694
2106.566895	94.803	-35.6506
2121.832031	95.111	-34.2393
2137.207764	95.432	-32.9298
2152.694824	95.768	-31.7092
2168.294189	96.123	-30.5761
2184.006592	96.498	-29.5697
2199.832764	96.894	-28.7534
2215.773682	97.305	-28.2013
2231.830078	97.719	-27.9651
2248.002686	98.123	-28.0382
2264.292725	98.506	-28.3786
2280.700684	98.861	-28.9298
2297.227539	99.186	-29.6011
2313.874268	99.480	-30.3452
2330.641602	99.746	-31.1320
2347.530273	99.987	-31.9078
2364.541504	100.207	-32.6336
2381.676025	100.413	-33.2955
2398.934570	100.610	-33.8965
2416.318359	100.802	-34.4528
2433.827881	100.990	-34.9838
2451.464355	101.177	-35.4889
2469.228760	101.363	-35.9828
2487.121826	101.550	-36.4772
2505.144531	101.737	-36.9839
2523.297852	101.925	-37.5195
2541.582764	102.112	-38.0952
2560.000000	102.296	-38.7136
2578.550781	102.478	-39.3607
2597.236084	102.656	-40.0378
2616.056641	102.833	-40.7579
2635.013672	103.006	-41.5272
2654.108154	103.174	-42.3525
2673.340820	103.337	-43.2346
2692.713135	103.493	-44.1636
2712.225586	103.641	-45.1393
2731.879395	103.780	-46.1709
2751.675781	103.910	-47.2554
2771.615479	104.029	-48.3897
2791.699707	104.136	-49.5628
2811.929688	104.231	-50.7664
2832.305908	104.313	-51.9965
2852.830078	104.381	-53.2551
2873.502930	104.435	-54.5365
2894.325439	104.474	-55.8267
2915.298828	104.498	-57.1219
2936.424316	104.507	-58.4170
2957.702881	104.500	-59.7026
2979.135742	104.476	-60.9718
3000.723633	104.436	-62.2137
3022.468262	104.381	-63.4134
3044.370117	104.309	-64.5644
3066.430908	104.224	-65.6576
3088.651611	104.124	-66.6833
3111.033203	104.012	-67.6331
3133.577148	103.889	-68.5013
3156.284180	103.759	-69.2874
3179.156006	103.623	-69.9887
3202.193359	103.479	-70.5973
3225.397949	103.329	-71.1083
3248.770508	103.172	-71.5203
3272.312500	103.011	-71.8286
3296.024902	102.847	-72.0338
3319.909180	102.681	-72.1371
3343.966797	102.514	-72.1396
3368.198486	102.348	-72.0379
3392.605713	102.184	-71.8349
3417.189941	102.023	-71.5340
3441.952393	101.867	-71.1412
3466.894287	101.718	-70.6620
3492.016846	101.577	-70.1010
3517.321289	101.446	-69.4719
3542.809326	101.325	-68.7936
3568.481934	101.214	-68.0883
3594.340576	101.112	-67.3699
3620.386719	101.017	-66.6480
3646.621582	100.927	-65.9307
3673.046387	100.841	-65.2179
3699.662842	100.756	-64.5076
3726.472168	100.671	-63.7954
3753.475586	100.585	-63.0713
3780.675049	100.498	-62.3224
3808.071289	100.410	-61.5376
3835.666016	100.322	-60.7113
3863.460938	100.237	-59.8447
3891.457275	100.154	-58.9403
3919.656250	100.074	-58.0039
3948.059814	99.997	-57.0365
3976.668945	99.920	-56.0374
4005.485596	99.843	-55.0103
4034.510986	99.764	-53.9540
4063.746582	99.685	-52.8689
4093.194336	99.610	-51.7645
4122.855469	99.540	-50.6469
4152.730957	99.474	-49.5143
4182.823730	99.413	-48.3634
4213.133789	99.356	-47.1958
4243.664062	99.305	-46.0156
4274.415527	99.260	-44.8293
4305.389648	99.219	-43.6412
4336.588379	99.182	-42.4509
4368.013184	99.150	-41.2613
4399.665527	99.122	-40.0735
4431.547363	99.097	-38.8885
4463.660156	99.075	-37.7051
4496.005371	99.057	-36.5238
4528.585449	99.042	-35.3514
4561.401367	99.029	-34.1919
4594.455078	99.019	-33.0421
4627.748535	99.010	-31.9027
4661.283203	99.003	-30.7735
4695.060547	98.996	-29.6555
4729.083008	98.989	-28.5506
4763.352051	98.981	-27.4575
4797.869141	98.973	-26.3717
4832.636719	98.963	-25.2893
4867.655762	98.951	-24.2030
4902.928711	98.938	-23.1026
4938.457520	98.926	-21.9809
4974.243652	98.914	-20.8368
5010.289062	98.905	-19.6693
5046.595703	98.902	-18.4740
5083.165527	98.906	-17.2535
5120.000000	98.916	-16.0220
5157.101562	98.932	-14.7925
5194.472168	98.955	-13.5713
5232.113281	98.984	-12.3668
5270.027344	99.018	-11.1939
5308.216309	99.055	-10.0552
5346.681641	99.095	-8.9531
5385.426270	99.135	-7.8905
5424.451172	99.174	-6.8674
5463.758789	99.211	-5.8753
5503.351562	99.246	-4.9070
5543.230957	99.278	-3.9589
5583.399414	99.308	-3.0260
5623.859375	99.334	-2.1062
5664.611816	99.358	-1.1996
5705.660156	99.379	-0.3089
5747.005859	99.396	0.5656
5788.650879	99.411	1.4208
5830.597656	99.422	2.2593
5872.848633	99.428	3.0884
5915.405762	99.430	3.9149
5958.271484	99.428	4.7413
6001.447266	99.421	5.5701
6044.936523	99.410	6.4042
6088.740234	99.395	7.2540
6132.861816	99.377	8.1220
6177.303223	99.356	9.0040
6222.066406	99.332	9.9018
6267.154297	99.303	10.8201
6312.568359	99.268	11.7625
6358.312012	99.226	12.7234
6404.386719	99.178	13.7046
6450.795898	99.126	14.7150
6497.541016	99.073	15.7567
6544.625000	99.017	16.8282
6592.049805	98.960	17.9288
6639.818359	98.903	19.0628
6687.933594	98.846	20.2291
6736.396973	98.792	21.4261
6785.211426	98.740	22.6512
6834.379883	98.691	23.9051
6883.904785	98.647	25.1835
6933.788574	98.609	26.4808
6984.033691	98.578	27.7913
7034.642578	98.554	29.1103
7085.618652	98.537	30.4320
7136.963867	98.528	31.7495
7188.681152	98.528	33.0605
7240.773438	98.537	34.3510
7293.243164	98.557	35.5998
7346.092773	98.586	36.7842
7399.325684	98.623	37.8848
7452.944336	98.666	38.8894
7506.951172	98.712	39.7903
7561.350098	98.760	40.5819
7616.142578	98.810	41.2491
7671.332031	98.860	41.7737
7726.921875	98.906	42.1380
7782.914551	98.945	42.3310
7839.312500	98.973	42.3468
7896.119629	98.985	42.1826
7953.337891	98.976	41.8425
8010.971191	98.941	41.3376
8069.021973	98.874	40.6946
8127.493164	98.770	39.9451
8186.388672	98.625	39.1246
8245.710938	98.438	38.2746
8305.461914	98.206	37.4344
8365.647461	97.930	36.6433
8426.267578	97.611	35.9316
8487.328125	97.252	35.3264
8548.831055	96.856	34.8450
8610.779297	96.425	34.4858
8673.176758	95.958	34.2550
8736.026367	95.455	34.1641
8799.331055	94.913	34.2309
8863.094727	94.329	34.5024
8927.320312	93.702	35.0486
8992.010742	93.035	35.9521
9057.170898	92.334	37.3058
9122.802734	91.612	39.1734
9188.910156	90.886	41.5651
9255.497070	90.172	44.4577
9322.566406	89.482	47.7858
9390.121094	88.826	51.4659
9458.166016	88.209	55.4146
9526.704102	87.631	59.5634
9595.738281	87.089	63.8670
9665.273438	86.584	68.2900
9735.311523	86.111	72.7989
9805.857422	85.667	77.3709
9876.915039	85.247	82.0076
9948.487305	84.851	86.7190
10020.578125	84.476	91.4988
10093.191406	84.123	96.3323
10166.331055	83.789	101.2172
10240.000000	83.473	106.1488
10314.203125	83.172	111.1256
10388.944336	82.885	116.1554
10464.226562	82.614	121.2333
10540.054688	82.359	126.3678
10616.432617	82.123	131.5605
10693.363281	81.906	136.8010
10770.852539	81.709	142.0791
10848.902344	81.532	147.3867
10927.517578	81.373	152.6814
11006.703125	81.228	157.9509
11086.461914	81.093	163.2103
11166.798828	80.963	168.4827
11247.718750	80.839	173.7853
11329.223633	80.721	179.1382
11411.320312	80.613	-175.4388
11494.011719	80.517	-169.9453
11577.301758	80.437	-164.3913
11661.195312	80.374	-158.7878
11745.697266	80.327	-153.1395
11830.811523	80.298	-147.4465
11916.542969	80.286	-141.6900
12002.894531	80.292	-135.8807
12089.873047	80.316	-130.0380
12177.480469	80.359	-124.1665
12265.723633	80.420	-118.2642
12354.606445	80.504	-112.3338
12444.132812	80.610	-106.3828
12534.308594	80.739	-100.4043
12625.136719	80.893	-94.4077
12716.624023	81.072	-88.3999
12808.773438	81.279	-82.3837
12901.591797	81.514	-76.3588
12995.082031	81.779	-70.3346
13089.250000	82.076	-64.3178
13184.099609	82.408	-58.3145
13279.636719	82.778	-52.3355
13375.867188	83.192	-46.4062
13472.793945	83.656	-40.5385
13570.422852	84.174	-34.7517
13668.759766	84.752	-29.0887
13767.809570	85.396	-23.5955
13867.577148	86.110	-18.3297
13968.067383	86.902	-13.3704
14069.285156	87.779	-8.8286
14171.237305	88.746	-4.8442
14273.927734	89.810	-1.6010
14377.362305	90.970	0.6334
14481.546875	92.199	1.4318
14586.486328	93.424	0.2459
14692.185547	94.523	-3.3605
14798.651367	95.344	-9.3485
14905.888672	95.760	-16.9137
15013.902344	95.716	-24.6047
15122.700195	95.261	-30.9106
15232.285156	94.523	-34.9087
15342.664062	93.660	-36.4447
15453.843750	92.805	-35.8749
15565.829102	92.047	-33.7311
15678.625000	91.433	-30.4969
15792.239258	90.984	-26.5553
15906.675781	90.722	-22.2085
16021.942383	90.672	-17.7328
16138.043945	90.857	-13.4106
16254.986328	91.280	-9.5723
16372.777344	91.935	-6.7124
16491.421875	92.790	-5.5941
16610.923828	93.739	-7.2921
16731.294922	94.563	-12.8566
16852.535156	94.973	-22.3873
16974.656250	94.723	-34.1818
17097.662109	93.729	-45.1980
17221.558594	92.117	-52.7915
17346.353516	90.139	-56.0226
17472.052734	88.058	-55.4848
17598.662109	86.059	-52.2837
17726.189453	84.225	-47.3490
17854.640625	82.569	-41.2636
17984.021484	81.075	-34.3690
18114.341797	79.721	-26.8937
18245.605469	78.489	-18.9874
18377.820312	77.361	-10.7345
18510.994141	76.322	-2.1552
18645.132812	75.361	6.6978
18780.242188	74.471	15.8064
18916.332031	73.645	25.1448
19053.408203	72.879	34.6792
19191.476562	72.173	44.4109
19330.546875	71.528	54.3436
19470.623047	70.945	64.4575
19611.714844	70.423	74.7532
19753.830078	69.968	85.2506
19896.974609	69.619	95.9327
