20.144928	61.463
20.290907	61.576
20.437943	61.689
20.586044	61.815
20.735220	61.964
20.885475	62.125
21.036821	62.298
21.189262	62.478
21.342808	62.659
21.497467	62.842
21.653246	63.018
21.810154	63.186
21.968201	63.348
22.127390	63.502
22.287735	63.652
22.449242	63.802
22.611917	63.953
22.775772	64.113
22.940815	64.282
23.107054	64.459
23.274498	64.646
23.443153	64.837
23.613033	65.029
23.784142	65.218
23.956491	65.396
24.130091	65.563
24.304947	65.712
24.481071	65.845
24.658470	65.960
24.837156	66.059
25.017136	66.149
25.198421	66.231
25.381020	66.317
25.564941	66.407
25.750195	66.514
25.936790	66.636
26.124741	66.777
26.314051	66.936
26.504732	67.107
26.696796	67.288
26.890253	67.469
27.085112	67.649
27.281382	67.820
27.479073	67.984
27.678198	68.139
27.878765	68.289
28.080786	68.434
28.284271	68.581
28.489231	68.729
28.695675	68.881
28.903616	69.038
29.113064	69.198
29.324028	69.358
29.536524	69.518
29.750557	69.674
29.966141	69.826
30.183289	69.974
30.402010	70.121
30.622314	70.267
30.844217	70.414
31.067726	70.561
31.292856	70.706
31.519617	70.850
31.748020	70.991
31.978081	71.128
32.209808	71.263
32.443211	71.398
32.678310	71.535
32.915108	71.676
33.153625	71.822
33.393871	71.972
33.635857	72.124
33.879597	72.273
34.125103	72.419
34.372387	72.559
34.621464	72.695
34.872345	72.831
35.125042	72.969
35.379574	73.114
35.635948	73.264
35.894180	73.417
36.154285	73.569
36.416275	73.717
36.680161	73.858
36.945961	73.994
37.213688	74.130
37.483353	74.270
37.754974	74.418
38.028561	74.575
38.304131	74.736
38.581699	74.895
38.861279	75.047
39.142883	75.188
39.426529	75.319
39.712231	75.444
40.000000	75.570
40.289856	75.702
40.581814	75.845
40.875885	75.995
41.172089	76.150
41.470440	76.304
41.770950	76.455
42.073643	76.602
42.378525	76.748
42.685616	76.894
42.994934	77.040
43.306492	77.185
43.620308	77.327
43.936401	77.464
44.254780	77.597
44.575470	77.730
44.898483	77.867
45.223835	78.011
45.551544	78.162
45.881630	78.315
46.214108	78.467
46.548996	78.615
46.886307	78.758
47.226067	78.900
47.568283	79.043
47.912983	79.190
48.260181	79.338
48.609894	79.487
48.962143	79.632
49.316940	79.772
49.674313	79.910
50.034271	80.047
50.396843	80.184
50.762039	80.322
51.129883	80.460
51.500389	80.597
51.873581	80.733
52.249481	80.871
52.628101	81.010
53.009464	81.152
53.393593	81.297
53.780506	81.441
54.170223	81.586
54.562763	81.730
54.958145	81.874
55.356396	82.017
55.757530	82.158
56.161572	82.298
56.568542	82.436
56.978462	82.574
57.391350	82.714
57.807232	82.855
58.226128	82.995
58.648056	83.132
59.073048	83.267
59.501114	83.401
59.932281	83.538
60.366577	83.678
60.804020	83.819
61.244629	83.960
61.688435	84.099
62.135452	84.236
62.585712	84.374
63.039234	84.511
63.496040	84.648
63.956161	84.784
64.419617	84.918
64.886421	85.053
65.356621	85.188
65.830215	85.323
66.307251	85.458
66.787743	85.591
67.271713	85.724
67.759193	85.854
68.250206	85.985
68.744774	86.116
69.242928	86.246
69.744690	86.375
70.250084	86.501
70.759148	86.626
71.271896	86.751
71.788361	86.878
72.308571	87.006
72.832550	87.134
73.360321	87.261
73.891922	87.385
74.427376	87.507
74.966705	87.627
75.509949	87.746
76.057121	87.865
76.608261	87.985
77.163399	88.103
77.722557	88.221
78.285767	88.337
78.853058	88.451
79.424461	88.565
80.000000	88.677
80.579712	88.788
81.163628	88.896
81.751770	89.003
82.344177	89.109
82.940880	89.215
83.541901	89.320
84.147285	89.422
84.757050	89.523
85.371231	89.625
85.989868	89.726
86.612984	89.823
87.240616	89.916
87.872803	90.007
88.509560	90.098
89.150940	90.189
89.796967	90.279
90.447670	90.367
91.103088	90.453
91.763260	90.536
92.428215	90.617
93.097992	90.696
93.772614	90.773
94.452133	90.849
95.136566	90.923
95.825966	90.995
96.520363	91.066
97.219788	91.133
97.924286	91.198
98.633881	91.261
99.348625	91.324
100.068542	91.384
100.793686	91.442
101.524078	91.498
102.259766	91.554
103.000778	91.607
103.747162	91.657
104.498962	91.706
105.256203	91.752
106.018929	91.795
106.787186	91.837
107.561012	91.878
108.340446	91.917
109.125526	91.956
109.916290	91.993
110.712791	92.027
111.515060	92.057
112.323143	92.085
113.137085	92.113
113.956924	92.139
114.782700	92.164
115.614464	92.188
116.452255	92.209
117.296112	92.228
118.146095	92.247
119.002228	92.264
119.864563	92.279
120.733154	92.293
121.608040	92.305
122.489258	92.316
123.376869	92.326
124.270905	92.334
125.171425	92.340
126.078468	92.346
126.992081	92.351
127.912323	92.354
128.839233	92.355
129.772842	92.357
130.713242	92.358
131.660431	92.356
132.614502	92.352
133.575485	92.347
134.543427	92.342
135.518387	92.336
136.500412	92.331
137.489548	92.323
138.485855	92.313
139.489380	92.304
140.500168	92.295
141.518295	92.284
142.543793	92.273
143.576721	92.259
144.617142	92.244
145.665100	92.229
146.720642	92.213
147.783844	92.197
148.854752	92.182
149.933411	92.165
151.019897	92.147
152.114243	92.127
153.216522	92.108
154.326797	92.088
155.445114	92.067
156.571533	92.045
157.706116	92.023
158.848923	92.001
160.000000	91.980
161.159424	91.957
162.327255	91.933
163.503540	91.908
164.688354	91.884
165.881760	91.859
167.083801	91.833
168.294571	91.807
169.514099	91.781
170.742462	91.754
171.979736	91.727
173.225967	91.699
174.481232	91.671
175.745605	91.642
177.019119	91.614
178.301880	91.585
179.593933	91.555
180.895340	91.525
182.206177	91.495
183.526520	91.464
184.856430	91.433
186.195984	91.402
187.545227	91.370
188.904266	91.339
190.273132	91.307
191.651932	91.274
193.040726	91.242
194.439575	91.210
195.848572	91.177
197.267761	91.143
198.697250	91.110
200.137085	91.076
201.587372	91.042
203.048157	91.008
204.519531	90.974
206.001556	90.941
207.494324	90.909
208.997925	90.876
210.512405	90.842
212.037857	90.807
213.574371	90.772
215.122025	90.738
216.680893	90.705
218.251053	90.670
219.832581	90.636
221.425583	90.602
223.030121	90.566
224.646286	90.530
226.274170	90.495
227.913849	90.460
229.565399	90.424
231.228928	90.389
232.904510	90.354
234.592224	90.318
236.292191	90.282
238.004456	90.246
239.729126	90.210
241.466309	90.173
243.216080	90.137
244.978516	90.101
246.753738	90.065
248.541809	90.028
250.342850	89.992
252.156937	89.957
253.984161	89.921
255.824646	89.885
257.678467	89.849
259.545685	89.812
261.426483	89.777
263.320862	89.741
265.229004	89.705
267.150970	89.669
269.086853	89.634
271.036774	89.598
273.000824	89.563
274.979095	89.528
276.971710	89.493
278.978760	89.459
281.000336	89.424
283.036591	89.391
285.087585	89.357
287.153442	89.323
289.234283	89.289
291.330200	89.256
293.441284	89.223
295.567688	89.190
297.709503	89.158
299.866821	89.127
302.039795	89.095
304.228485	89.063
306.433044	89.032
308.653595	89.004
310.890228	88.975
313.143066	88.945
315.412231	88.916
317.697845	88.887
320.000000	88.858
322.318848	88.829
324.654510	88.801
327.007080	88.774
329.376709	88.748
331.763519	88.723
334.167603	88.701
336.589142	88.678
339.028198	88.655
341.484924	88.634
343.959473	88.614
346.451935	88.593
348.962463	88.573
351.491211	88.553
354.038239	88.534
356.603760	88.516
359.187866	88.500
361.790680	88.483
364.412354	88.467
367.053040	88.452
369.712860	88.439
372.391968	88.427
375.090454	88.414
377.808533	88.401
380.546265	88.391
383.303864	88.381
386.081451	88.371
388.879150	88.359
391.697144	88.346
394.535522	88.335
397.394501	88.322
400.274170	88.308
403.174744	88.290
406.096313	88.273
409.039062	88.259
412.003113	88.254
414.988647	88.259
417.995850	88.275
421.024811	88.300
424.075714	88.333
427.148743	88.368
430.244049	88.403
433.361786	88.438
436.502106	88.471
439.665161	88.503
442.851166	88.537
446.060242	88.571
449.292572	88.605
452.548340	88.641
455.827698	88.678
459.130798	88.715
462.457855	88.755
465.809021	88.795
469.184448	88.836
472.584381	88.878
476.008911	88.922
479.458252	88.966
482.932617	89.011
486.432159	89.057
489.957031	89.102
493.507477	89.149
497.083618	89.195
500.685699	89.242
504.313873	89.290
507.968323	89.336
511.649292	89.381
515.356934	89.425
519.091370	89.468
522.852966	89.508
526.641724	89.548
530.458008	89.587
534.301941	89.623
538.173706	89.652
542.073547	89.680
546.001648	89.706
549.958191	89.730
553.943420	89.750
557.957520	89.767
562.000671	89.779
566.073181	89.788
570.175171	89.793
574.306885	89.795
578.468567	89.792
582.660400	89.786
586.882568	89.776
591.135376	89.764
595.419006	89.749
599.733643	89.729
604.079590	89.707
608.456970	89.681
612.866089	89.654
617.307190	89.624
621.780457	89.593
626.286133	89.559
630.824463	89.523
635.395691	89.485
640.000000	89.445
644.637695	89.404
649.309021	89.362
654.014160	89.318
658.753418	89.272
663.527039	89.225
668.335205	89.178
673.178284	89.131
678.056396	89.083
682.969849	89.033
687.918945	88.983
692.903870	88.931
697.924927	88.879
702.982422	88.826
708.076477	88.772
713.207520	88.718
718.375732	88.663
723.581360	88.608
728.824707	88.553
734.106079	88.498
739.425720	88.444
744.783936	88.390
750.180908	88.333
755.617065	88.278
761.092529	88.224
766.607727	88.171
772.162903	88.117
777.758301	88.063
783.394287	88.010
789.071045	87.957
794.789001	87.905
800.548340	87.854
806.349487	87.804
812.192627	87.755
818.078125	87.708
824.006226	87.663
829.977295	87.619
835.991699	87.576
842.049622	87.534
848.151428	87.494
854.297485	87.456
860.488098	87.421
866.723572	87.388
873.004211	87.356
879.330322	87.327
885.702332	87.302
892.120483	87.280
898.585144	87.261
905.096680	87.245
911.655396	87.235
918.261597	87.227
924.915710	87.222
931.618042	87.221
938.368896	87.226
945.168762	87.237
952.017822	87.250
958.916504	87.267
965.865234	87.289
972.864319	87.317
979.914062	87.348
987.014954	87.384
994.167236	87.425
1001.371399	87.470
1008.627747	87.519
1015.936646	87.573
1023.298584	87.634
1030.713867	87.699
1038.182739	87.769
1045.705933	87.844
1053.283447	87.926
1060.916016	88.014
1068.603882	88.103
1076.347412	88.194
1084.147095	88.292
1092.003296	88.395
1099.916382	88.504
1107.886841	88.617
1115.915039	88.735
1124.001343	88.857
1132.146362	88.982
1140.350342	89.110
1148.613770	89.242
1156.937134	89.378
1165.320801	89.516
1173.765137	89.657
1182.270752	89.799
1190.838013	89.944
1199.467285	90.088
1208.159180	90.232
1216.913940	90.374
1225.732178	90.516
1234.614380	90.655
1243.560913	90.791
1252.572266	90.921
1261.648926	91.047
1270.791382	91.168
1280.000000	91.282
1289.275391	91.389
1298.618042	91.490
1308.028320	91.582
1317.506836	91.668
1327.054077	91.747
1336.670410	91.819
1346.356567	91.885
1356.112793	91.945
1365.939697	92.001
1375.837891	92.053
1385.807739	92.101
1395.849854	92.147
1405.964844	92.191
1416.152954	92.234
1426.415039	92.276
1436.751465	92.319
1447.162720	92.361
1457.649414	92.403
1468.212158	92.447
1478.851440	92.493
1489.567871	92.541
1500.361816	92.590
1511.234131	92.640
1522.185059	92.693
1533.215454	92.747
1544.325806	92.804
1555.516602	92.863
1566.788574	92.923
1578.142090	92.986
1589.578003	93.051
1601.096680	93.117
1612.698975	93.184
1624.385254	93.253
1636.156250	93.324
1648.012451	93.398
1659.954590	93.472
1671.983398	93.548
1684.099243	93.626
1696.302856	93.708
1708.594971	93.793
1720.976196	93.881
1733.447144	93.972
1746.008423	94.067
1758.660645	94.165
1771.404663	94.266
1784.240967	94.367
1797.170288	94.468
1810.193359	94.571
1823.310791	94.675
1836.523193	94.779
1849.831421	94.883
1863.236084	94.986
1876.737793	95.089
1890.337524	95.193
1904.035645	95.298
1917.833008	95.404
1931.730469	95.511
1945.728638	95.618
1959.828125	95.725
1974.029907	95.832
1988.334473	95.939
2002.742798	96.046
2017.255493	96.151
2031.873291	96.255
2046.597168	96.358
2061.427734	96.459
2076.365479	96.558
2091.411865	96.656
2106.566895	96.751
2121.832031	96.845
2137.207764	96.936
2152.694824	97.022
2168.294189	97.105
2184.006592	97.185
2199.832764	97.262
2215.773682	97.339
2231.830078	97.417
2248.002686	97.498
2264.292725	97.586
2280.700684	97.685
2297.227539	97.799
2313.874268	97.931
2330.641602	98.084
2347.530273	98.256
2364.541504	98.441
2381.676025	98.632
2398.934570	98.819
2416.318359	98.992
2433.827881	99.145
2451.464355	99.273
2469.228760	99.373
2487.121826	99.446
2505.144531	99.496
2523.297852	99.527
2541.582764	99.543
2560.000000	99.546
2578.550781	99.540
2597.236084	99.527
2616.056641	99.510
2635.013672	99.488
2654.108154	99.461
2673.340820	99.430
2692.713135	99.395
2712.225586	99.355
2731.879395	99.310
2751.675781	99.260
2771.615479	99.204
2791.699707	99.142
2811.929688	99.074
2832.305908	98.996
2852.830078	98.911
2873.502930	98.816
2894.325439	98.710
2915.298828	98.593
2936.424316	98.465
2957.702881	98.324
2979.135742	98.170
3000.723633	98.004
3022.468262	97.826
3044.370117	97.637
3066.430908	97.436
3088.651611	97.224
3111.033203	97.003
3133.577148	96.774
3156.284180	96.537
3179.156006	96.292
3202.193359	96.038
3225.397949	95.776
3248.770508	95.503
3272.312500	95.220
3296.024902	94.927
3319.909180	94.625
3343.966797	94.312
3368.198486	93.990
3392.605713	93.660
3417.189941	93.322
3441.952393	92.979
3466.894287	92.634
3492.016846	92.290
3517.321289	91.950
3542.809326	91.619
3568.481934	91.297
3594.340576	90.988
3620.386719	90.696
3646.621582	90.425
3673.046387	90.180
3699.662842	89.965
3726.472168	89.782
3753.475586	89.635
3780.675049	89.525
3808.071289	89.454
3835.666016	89.420
3863.460938	89.422
3891.457275	89.460
3919.656250	89.530
3948.059814	89.630
3976.668945	89.760
4005.485596	89.919
4034.510986	90.103
4063.746582	90.313
4093.194336	90.554
4122.855469	90.825
4152.730957	91.127
4182.823730	91.466
4213.133789	91.848
4243.664062	92.276
4274.415527	92.754
4305.389648	93.289
4336.588379	93.884
4368.013184	94.537
4399.665527	95.241
4431.547363	95.978
4463.660156	96.724
4496.005371	97.439
4528.585449	98.071
4561.401367	98.564
4594.455078	98.871
4627.748535	98.967
4661.283203	98.855
4695.060547	98.563
4729.083008	98.135
4763.352051	97.614
4797.869141	97.039
4832.636719	96.438
4867.655762	95.828
4902.928711	95.219
4938.457520	94.614
4974.243652	94.013
5010.289062	93.413
5046.595703	92.814
5083.165527	92.217
5120.000000	91.630
5157.101562	91.069
5194.472168	90.561
5232.113281	90.145
5270.027344	89.866
5308.216309	89.756
5346.681641	89.823
5385.426270	90.043
5424.451172	90.374
5463.758789	90.767
5503.351562	91.185
5543.230957	91.597
5583.399414	91.987
5623.859375	92.346
5664.611816	92.671
5705.660156	92.959
5747.005859	93.209
5788.650879	93.421
5830.597656	93.597
5872.848633	93.739
5915.405762	93.846
5958.271484	93.914
6001.447266	93.936
6044.936523	93.902
6088.740234	93.864
6132.861816	94.058
6177.303223	94.481
6222.066406	94.652
6267.154297	94.568
6312.568359	94.442
6358.312012	94.338
6404.386719	94.252
6450.795898	94.178
6497.541016	94.113
6544.625000	94.058
6592.049805	94.015
6639.818359	93.984
6687.933594	93.967
6736.396973	93.966
6785.211426	93.980
6834.379883	94.010
6883.904785	94.055
6933.788574	94.113
6984.033691	94.190
7034.642578	94.325
7085.618652	94.590
7136.963867	94.939
7188.681152	95.236
7240.773438	95.479
7293.243164	95.734
7346.092773	96.028
7399.325684	96.363
7452.944336	96.738
7506.951172	97.151
7561.350098	97.596
7616.142578	98.070
7671.332031	98.560
7726.921875	99.054
7782.914551	99.528
7839.312500	99.955
7896.119629	100.298
7953.337891	100.522
8010.971191	100.592
8069.021973	100.489
8127.493164	100.211
8186.388672	99.776
8245.710938	99.213
8305.461914	98.563
8365.647461	97.862
8426.267578	97.140
8487.328125	96.424
8548.831055	95.729
8610.779297	95.067
8673.176758	94.446
8736.026367	93.870
8799.331055	93.341
8863.094727	92.858
8927.320312	92.421
8992.010742	92.030
9057.170898	91.685
9122.802734	91.384
9188.910156	91.125
9255.497070	90.906
9322.566406	90.723
9390.121094	90.576
9458.166016	90.461
9526.704102	90.374
9595.738281	90.309
9665.273438	90.259
9735.311523	90.214
9805.857422	90.166
9876.915039	90.101
9948.487305	90.013
10020.578125	89.893
10093.191406	89.741
10166.331055	89.556
10240.000000	89.342
10314.203125	89.107
10388.944336	88.858
10464.226562	88.605
10540.054688	88.357
10616.432617	88.124
10693.363281	87.910
10770.852539	87.719
10848.902344	87.550
10927.517578	87.406
11006.703125	87.284
11086.461914	87.183
11166.798828	87.096
11247.718750	87.019
11329.223633	86.945
11411.320312	86.866
11494.011719	86.776
11577.301758	86.669
11661.195312	86.543
11745.697266	86.398
11830.811523	86.233
11916.542969	86.052
12002.894531	85.861
12089.873047	85.664
12177.480469	85.467
12265.723633	85.276
12354.606445	85.097
12444.132812	84.934
12534.308594	84.792
12625.136719	84.672
12716.624023	84.576
12808.773438	84.504
12901.591797	84.457
12995.082031	84.434
13089.250000	84.434
13184.099609	84.459
13279.636719	84.510
13375.867188	84.587
13472.793945	84.691
13570.422852	84.822
13668.759766	84.982
13767.809570	85.172
13867.577148	85.393
13968.067383	85.645
14069.285156	85.927
14171.237305	86.240
14273.927734	86.585
14377.362305	86.959
14481.546875	87.352
14586.486328	87.739
14692.185547	88.087
14798.651367	88.367
14905.888672	88.567
15013.902344	88.657
15122.700195	88.558
15232.285156	88.229
15342.664062	87.717
15453.843750	87.111
15565.829102	86.458
15678.625000	85.702
15792.239258	84.859
15906.675781	84.012
16021.942383	83.205
16138.043945	82.453
16254.986328	81.778
16372.777344	81.201
16491.421875	80.734
16610.923828	80.363
16731.294922	80.036
16852.535156	79.644
16974.656250	79.041
17097.662109	78.082
17221.558594	76.698
17346.353516	74.926
17472.052734	72.889
17598.662109	70.739
17726.189453	68.597
17854.640625	66.537
17984.021484	64.585
18114.341797	62.744
18245.605469	61.007
18377.820312	59.368
18510.994141	57.827
18645.132812	56.380
18780.242188	55.035
18916.332031	53.799
19053.408203	52.636
19191.476562	51.490
19330.546875	50.285
19470.623047	48.987
19611.714844	47.702
19753.830078	46.550
19896.974609	45.366
