20.144928	96.152
20.290907	96.202
20.437943	96.252
20.586044	96.304
20.735220	96.358
20.885475	96.413
21.036821	96.467
21.189262	96.523
21.342808	96.579
21.497467	96.637
21.653246	96.696
21.810154	96.756
21.968201	96.817
22.127390	96.879
22.287735	96.942
22.449242	97.006
22.611917	97.070
22.775772	97.135
22.940815	97.200
23.107054	97.266
23.274498	97.332
23.443153	97.399
23.613033	97.467
23.784142	97.535
23.956491	97.604
24.130091	97.674
24.304947	97.745
24.481071	97.817
24.658470	97.890
24.837156	97.963
25.017136	98.038
25.198421	98.113
25.381020	98.189
25.564941	98.265
25.750195	98.341
25.936790	98.418
26.124741	98.495
26.314051	98.573
26.504732	98.651
26.696796	98.728
26.890253	98.806
27.085112	98.884
27.281382	98.961
27.479073	99.038
27.678198	99.114
27.878765	99.188
28.080786	99.262
28.284271	99.334
28.489231	99.404
28.695675	99.473
28.903616	99.539
29.113064	99.603
29.324028	99.665
29.536524	99.723
29.750557	99.779
29.966141	99.831
30.183289	99.880
30.402010	99.925
30.622314	99.965
30.844217	100.002
31.067726	100.035
31.292856	100.064
31.519617	100.088
31.748020	100.108
31.978081	100.124
32.209808	100.136
32.443211	100.143
32.678310	100.147
32.915108	100.148
33.153625	100.145
33.393871	100.139
33.635857	100.130
33.879597	100.118
34.125103	100.104
34.372387	100.088
34.621464	100.070
34.872345	100.049
35.125042	100.027
35.379574	100.005
35.635948	99.982
35.894180	99.959
36.154285	99.937
36.416275	99.915
36.680161	99.892
36.945961	99.870
37.213688	99.847
37.483353	99.823
37.754974	99.799
38.028561	99.775
38.304131	99.751
38.581699	99.729
38.861279	99.708
39.142883	99.689
39.426529	99.671
39.712231	99.655
40.000000	99.640
40.289856	99.626
40.581814	99.613
40.875885	99.600
41.172089	99.589
41.470440	99.578
41.770950	99.569
42.073643	99.560
42.378525	99.552
42.685616	99.545
42.994934	99.539
43.306492	99.534
43.620308	99.530
43.936401	99.529
44.254780	99.529
44.575470	99.531
44.898483	99.534
45.223835	99.538
45.551544	99.543
45.881630	99.548
46.214108	99.554
46.548996	99.562
46.886307	99.571
47.226067	99.581
47.568283	99.594
47.912983	99.609
48.260181	99.625
48.609894	99.643
48.962143	99.663
49.316940	99.684
49.674313	99.707
50.034271	99.730
50.396843	99.753
50.762039	99.776
51.129883	99.800
51.500389	99.825
51.873581	99.851
52.249481	99.878
52.628101	99.903
53.009464	99.927
53.393593	99.951
53.780506	99.974
54.170223	99.998
54.562763	100.023
54.958145	100.048
55.356396	100.072
55.757530	100.097
56.161572	100.121
56.568542	100.144
56.978462	100.167
57.391350	100.189
57.807232	100.209
58.226128	100.228
58.648056	100.246
59.073048	100.263
59.501114	100.280
59.932281	100.294
60.366577	100.307
60.804020	100.318
61.244629	100.328
61.688435	100.337
62.135452	100.343
62.585712	100.346
63.039234	100.347
63.496040	100.346
63.956161	100.343
64.419617	100.340
64.886421	100.335
65.356621	100.328
65.830215	100.320
66.307251	100.309
66.787743	100.297
67.271713	100.283
67.759193	100.268
68.250206	100.252
68.744774	100.236
69.242928	100.219
69.744690	100.201
70.250084	100.182
70.759148	100.162
71.271896	100.141
71.788361	100.119
72.308571	100.097
72.832550	100.075
73.360321	100.053
73.891922	100.031
74.427376	100.008
74.966705	99.986
75.509949	99.965
76.057121	99.942
76.608261	99.920
77.163399	99.899
77.722557	99.879
78.285767	99.860
78.853058	99.840
79.424461	99.819
80.000000	99.799
80.579712	99.781
81.163628	99.766
81.751770	99.750
82.344177	99.733
82.940880	99.717
83.541901	99.702
84.147285	99.689
84.757050	99.678
85.371231	99.667
85.989868	99.657
86.612984	99.649
87.240616	99.643
87.872803	99.637
88.509560	99.631
89.150940	99.625
89.796967	99.622
90.447670	99.618
91.103088	99.616
91.763260	99.614
92.428215	99.616
93.097992	99.617
93.772614	99.618
94.452133	99.617
95.136566	99.618
95.825966	99.621
96.520363	99.627
97.219788	99.634
97.924286	99.643
98.633881	99.652
99.348625	99.661
100.068542	99.669
100.793686	99.676
101.524078	99.684
102.259766	99.693
103.000778	99.703
103.747162	99.713
104.498962	99.724
105.256203	99.735
106.018929	99.748
106.787186	99.760
107.561012	99.771
108.340446	99.782
109.125526	99.793
109.916290	99.805
110.712791	99.817
111.515060	99.828
112.323143	99.838
113.137085	99.847
113.956924	99.854
114.782700	99.860
115.614464	99.864
116.452255	99.866
117.296112	99.867
118.146095	99.867
119.002228	99.865
119.864563	99.862
120.733154	99.856
121.608040	99.848
122.489258	99.840
123.376869	99.831
124.270905	99.820
125.171425	99.807
126.078468	99.792
126.992081	99.775
127.912323	99.756
128.839233	99.736
129.772842	99.715
130.713242	99.692
131.660431	99.667
132.614502	99.640
133.575485	99.613
134.543427	99.584
135.518387	99.552
136.500412	99.519
137.489548	99.485
138.485855	99.448
139.489380	99.410
140.500168	99.371
141.518295	99.331
142.543793	99.291
143.576721	99.251
144.617142	99.213
145.665100	99.174
146.720642	99.134
147.783844	99.093
148.854752	99.051
149.933411	99.007
151.019897	98.964
152.114243	98.922
153.216522	98.881
154.326797	98.839
155.445114	98.798
156.571533	98.757
157.706116	98.719
158.848923	98.682
160.000000	98.645
161.159424	98.607
162.327255	98.567
163.503540	98.528
164.688354	98.489
165.881760	98.452
167.083801	98.415
168.294571	98.379
169.514099	98.343
170.742462	98.308
171.979736	98.274
173.225967	98.243
174.481232	98.215
175.745605	98.188
177.019119	98.162
178.301880	98.139
179.593933	98.117
180.895340	98.095
182.206177	98.072
183.526520	98.050
184.856430	98.030
186.195984	98.009
187.545227	97.988
188.904266	97.966
190.273132	97.944
191.651932	97.920
193.040726	97.895
194.439575	97.871
195.848572	97.845
197.267761	97.821
198.697250	97.799
200.137085	97.778
201.587372	97.757
203.048157	97.736
204.519531	97.716
206.001556	97.696
207.494324	97.675
208.997925	97.657
210.512405	97.638
212.037857	97.618
213.574371	97.598
215.122025	97.578
216.680893	97.557
218.251053	97.536
219.832581	97.515
221.425583	97.494
223.030121	97.474
224.646286	97.452
226.274170	97.431
227.913849	97.410
229.565399	97.388
231.228928	97.365
232.904510	97.342
234.592224	97.319
236.292191	97.294
238.004456	97.268
239.729126	97.242
241.466309	97.215
243.216080	97.188
244.978516	97.160
246.753738	97.132
248.541809	97.103
250.342850	97.074
252.156937	97.045
253.984161	97.014
255.824646	96.983
257.678467	96.951
259.545685	96.918
261.426483	96.884
263.320862	96.850
265.229004	96.814
267.150970	96.777
269.086853	96.740
271.036774	96.702
273.000824	96.663
274.979095	96.624
276.971710	96.584
278.978760	96.544
281.000336	96.503
283.036591	96.462
285.087585	96.420
287.153442	96.377
289.234283	96.335
291.330200	96.292
293.441284	96.249
295.567688	96.206
297.709503	96.164
299.866821	96.123
302.039795	96.084
304.228485	96.047
306.433044	96.011
308.653595	95.977
310.890228	95.942
313.143066	95.906
315.412231	95.868
317.697845	95.828
320.000000	95.787
322.318848	95.746
324.654510	95.704
327.007080	95.663
329.376709	95.621
331.763519	95.579
334.167603	95.538
336.589142	95.496
339.028198	95.454
341.484924	95.412
343.959473	95.370
346.451935	95.329
348.962463	95.288
351.491211	95.246
354.038239	95.205
356.603760	95.163
359.187866	95.122
361.790680	95.081
364.412354	95.040
367.053040	94.999
369.712860	94.957
372.391968	94.915
375.090454	94.873
377.808533	94.830
380.546265	94.786
383.303864	94.741
386.081451	94.697
388.879150	94.653
391.697144	94.612
394.535522	94.574
397.394501	94.545
400.274170	94.527
403.174744	94.525
406.096313	94.536
409.039062	94.556
412.003113	94.577
414.988647	94.590
417.995850	94.594
421.024811	94.587
424.075714	94.573
427.148743	94.552
430.244049	94.528
433.361786	94.501
436.502106	94.472
439.665161	94.443
442.851166	94.414
446.060242	94.386
449.292572	94.359
452.548340	94.331
455.827698	94.304
459.130798	94.277
462.457855	94.252
465.809021	94.226
469.184448	94.201
472.584381	94.177
476.008911	94.154
479.458252	94.131
482.932617	94.108
486.432159	94.086
489.957031	94.064
493.507477	94.042
497.083618	94.021
500.685699	94.000
504.313873	93.979
507.968323	93.959
511.649292	93.939
515.356934	93.919
519.091370	93.899
522.852966	93.879
526.641724	93.860
530.458008	93.842
534.301941	93.823
538.173706	93.803
542.073547	93.782
546.001648	93.763
549.958191	93.743
553.943420	93.723
557.957520	93.703
562.000671	93.683
566.073181	93.663
570.175171	93.643
574.306885	93.622
578.468567	93.601
582.660400	93.580
586.882568	93.557
591.135376	93.535
595.419006	93.511
599.733643	93.487
604.079590	93.462
608.456970	93.437
612.866089	93.411
617.307190	93.383
621.780457	93.354
626.286133	93.324
630.824463	93.293
635.395691	93.260
640.000000	93.227
644.637695	93.192
649.309021	93.155
654.014160	93.116
658.753418	93.077
663.527039	93.036
668.335205	92.993
673.178284	92.947
678.056396	92.898
682.969849	92.849
687.918945	92.798
692.903870	92.744
697.924927	92.689
702.982422	92.631
708.076477	92.572
713.207520	92.510
718.375732	92.447
723.581360	92.381
728.824707	92.313
734.106079	92.243
739.425720	92.171
744.783936	92.097
750.180908	92.022
755.617065	91.944
761.092529	91.865
766.607727	91.785
772.162903	91.703
777.758301	91.619
783.394287	91.534
789.071045	91.448
794.789001	91.361
800.548340	91.273
806.349487	91.185
812.192627	91.096
818.078125	91.007
824.006226	90.918
829.977295	90.828
835.991699	90.739
842.049622	90.651
848.151428	90.563
854.297485	90.476
860.488098	90.390
866.723572	90.306
873.004211	90.222
879.330322	90.140
885.702332	90.060
892.120483	89.982
898.585144	89.906
905.096680	89.834
911.655396	89.764
918.261597	89.696
924.915710	89.631
931.618042	89.569
938.368896	89.510
945.168762	89.456
952.017822	89.405
958.916504	89.357
965.865234	89.314
972.864319	89.274
979.914062	89.238
987.014954	89.206
994.167236	89.178
1001.371399	89.154
1008.627747	89.135
1015.936646	89.119
1023.298584	89.109
1030.713867	89.102
1038.182739	89.099
1045.705933	89.101
1053.283447	89.107
1060.916016	89.116
1068.603882	89.130
1076.347412	89.148
1084.147095	89.169
1092.003296	89.194
1099.916382	89.223
1107.886841	89.254
1115.915039	89.290
1124.001343	89.328
1132.146362	89.370
1140.350342	89.414
1148.613770	89.460
1156.937134	89.510
1165.320801	89.562
1173.765137	89.616
1182.270752	89.673
1190.838013	89.731
1199.467285	89.790
1208.159180	89.852
1216.913940	89.915
1225.732178	89.981
1234.614380	90.047
1243.560913	90.115
1252.572266	90.184
1261.648926	90.253
1270.791382	90.323
1280.000000	90.394
1289.275391	90.466
1298.618042	90.539
1308.028320	90.612
1317.506836	90.684
1327.054077	90.757
1336.670410	90.831
1346.356567	90.905
1356.112793	90.979
1365.939697	91.053
1375.837891	91.127
1385.807739	91.202
1395.849854	91.276
1405.964844	91.349
1416.152954	91.421
1426.415039	91.495
1436.751465	91.568
1447.162720	91.641
1457.649414	91.713
1468.212158	91.784
1478.851440	91.854
1489.567871	91.924
1500.361816	91.994
1511.234131	92.064
1522.185059	92.132
1533.215454	92.200
1544.325806	92.267
1555.516602	92.334
1566.788574	92.400
1578.142090	92.465
1589.578003	92.529
1601.096680	92.592
1612.698975	92.656
1624.385254	92.718
1636.156250	92.779
1648.012451	92.840
1659.954590	92.901
1671.983398	92.960
1684.099243	93.019
1696.302856	93.078
1708.594971	93.137
1720.976196	93.196
1733.447144	93.257
1746.008423	93.317
1758.660645	93.379
1771.404663	93.442
1784.240967	93.506
1797.170288	93.570
1810.193359	93.634
1823.310791	93.697
1836.523193	93.760
1849.831421	93.823
1863.236084	93.887
1876.737793	93.949
1890.337524	94.011
1904.035645	94.073
1917.833008	94.133
1931.730469	94.191
1945.728638	94.248
1959.828125	94.305
1974.029907	94.362
1988.334473	94.418
2002.742798	94.474
2017.255493	94.529
2031.873291	94.583
2046.597168	94.635
2061.427734	94.685
2076.365479	94.734
2091.411865	94.783
2106.566895	94.831
2121.832031	94.879
2137.207764	94.926
2152.694824	94.974
2168.294189	95.024
2184.006592	95.078
2199.832764	95.138
2215.773682	95.210
2231.830078	95.296
2248.002686	95.402
2264.292725	95.534
2280.700684	95.698
2297.227539	95.896
2313.874268	96.130
2330.641602	96.397
2347.530273	96.687
2364.541504	96.987
2381.676025	97.285
2398.934570	97.568
2416.318359	97.828
2433.827881	98.060
2451.464355	98.262
2469.228760	98.434
2487.121826	98.581
2505.144531	98.705
2523.297852	98.812
2541.582764	98.903
2560.000000	98.984
2578.550781	99.055
2597.236084	99.118
2616.056641	99.174
2635.013672	99.224
2654.108154	99.269
2673.340820	99.308
2692.713135	99.343
2712.225586	99.374
2731.879395	99.399
2751.675781	99.418
2771.615479	99.431
2791.699707	99.437
2811.929688	99.435
2832.305908	99.425
2852.830078	99.406
2873.502930	99.378
2894.325439	99.339
2915.298828	99.288
2936.424316	99.227
2957.702881	99.153
2979.135742	99.069
3000.723633	98.972
3022.468262	98.866
3044.370117	98.750
3066.430908	98.626
3088.651611	98.494
3111.033203	98.358
3133.577148	98.217
3156.284180	98.072
3179.156006	97.923
3202.193359	97.768
3225.397949	97.607
3248.770508	97.440
3272.312500	97.266
3296.024902	97.086
3319.909180	96.900
3343.966797	96.709
3368.198486	96.514
3392.605713	96.315
3417.189941	96.114
3441.952393	95.913
3466.894287	95.711
3492.016846	95.510
3517.321289	95.310
3542.809326	95.112
3568.481934	94.917
3594.340576	94.724
3620.386719	94.536
3646.621582	94.352
3673.046387	94.172
3699.662842	93.997
3726.472168	93.828
3753.475586	93.665
3780.675049	93.507
3808.071289	93.356
3835.666016	93.213
3863.460938	93.079
3891.457275	92.955
3919.656250	92.842
3948.059814	92.740
3976.668945	92.651
4005.485596	92.575
4034.510986	92.515
4063.746582	92.472
4093.194336	92.447
4122.855469	92.441
4152.730957	92.456
4182.823730	92.494
4213.133789	92.558
4243.664062	92.650
4274.415527	92.769
4305.389648	92.918
4336.588379	93.095
4368.013184	93.300
4399.665527	93.529
4431.547363	93.780
4463.660156	94.042
4496.005371	94.307
4528.585449	94.562
4561.401367	94.793
4594.455078	94.989
4627.748535	95.139
4661.283203	95.236
4695.060547	95.277
4729.083008	95.264
4763.352051	95.203
4797.869141	95.101
4832.636719	94.970
4867.655762	94.819
4902.928711	94.659
4938.457520	94.498
4974.243652	94.340
5010.289062	94.191
5046.595703	94.056
5083.165527	93.935
5120.000000	93.831
5157.101562	93.743
5194.472168	93.672
5232.113281	93.617
5270.027344	93.579
5308.216309	93.556
5346.681641	93.546
5385.426270	93.547
5424.451172	93.556
5463.758789	93.572
5503.351562	93.593
5543.230957	93.618
5583.399414	93.644
5623.859375	93.670
5664.611816	93.694
5705.660156	93.714
5747.005859	93.727
5788.650879	93.733
5830.597656	93.729
5872.848633	93.714
5915.405762	93.684
5958.271484	93.639
6001.447266	93.576
6044.936523	93.497
6088.740234	93.400
6132.861816	93.285
6177.303223	93.155
6222.066406	93.009
6267.154297	92.850
6312.568359	92.679
6358.312012	92.496
6404.386719	92.305
6450.795898	92.104
6497.541016	91.894
6544.625000	91.674
6592.049805	91.459
6639.818359	91.314
6687.933594	91.282
6736.396973	91.250
6785.211426	91.122
6834.379883	91.001
6883.904785	90.999
6933.788574	91.024
6984.033691	90.958
7034.642578	90.839
7085.618652	90.729
7136.963867	90.648
7188.681152	90.597
7240.773438	90.575
7293.243164	90.583
7346.092773	90.622
7399.325684	90.696
7452.944336	90.807
7506.951172	90.960
7561.350098	91.157
7616.142578	91.400
7671.332031	91.690
7726.921875	92.020
7782.914551	92.377
7839.312500	92.737
7896.119629	93.064
7953.337891	93.313
8010.971191	93.441
8069.021973	93.416
8127.493164	93.230
8186.388672	92.899
8245.710938	92.461
8305.461914	91.960
8365.647461	91.436
8426.267578	90.920
8487.328125	90.433
8548.831055	89.986
8610.779297	89.584
8673.176758	89.228
8736.026367	88.918
8799.331055	88.650
8863.094727	88.423
8927.320312	88.235
8992.010742	88.084
9057.170898	87.970
9122.802734	87.890
9188.910156	87.844
9255.497070	87.830
9322.566406	87.847
9390.121094	87.891
9458.166016	87.959
9526.704102	88.046
9595.738281	88.147
9665.273438	88.257
9735.311523	88.368
9805.857422	88.471
9876.915039	88.559
9948.487305	88.621
10020.578125	88.651
10093.191406	88.643
10166.331055	88.594
10240.000000	88.505
10314.203125	88.382
10388.944336	88.231
10464.226562	88.062
10540.054688	87.886
10616.432617	87.711
10693.363281	87.545
10770.852539	87.394
10848.902344	87.262
10927.517578	87.153
11006.703125	87.067
11086.461914	87.001
11166.798828	86.953
11247.718750	86.918
11329.223633	86.889
11411.320312	86.859
11494.011719	86.822
11577.301758	86.770
11661.195312	86.700
11745.697266	86.607
11830.811523	86.492
11916.542969	86.354
12002.894531	86.198
12089.873047	86.028
12177.480469	85.849
12265.723633	85.664
12354.606445	85.481
12444.132812	85.305
12534.308594	85.139
12625.136719	84.984
12716.624023	84.840
12808.773438	84.708
12901.591797	84.589
12995.082031	84.482
13089.250000	84.388
13184.099609	84.307
13279.636719	84.237
13375.867188	84.181
13472.793945	84.137
13570.422852	84.108
13668.759766	84.094
13767.809570	84.099
13867.577148	84.122
13968.067383	84.165
14069.285156	84.227
14171.237305	84.309
14273.927734	84.414
14377.362305	84.544
14481.546875	84.690
14586.486328	84.832
14692.185547	84.935
14798.651367	84.949
14905.888672	84.814
15013.902344	84.468
15122.700195	83.862
15232.285156	82.983
15342.664062	81.862
15453.843750	80.566
15565.829102	79.178
15678.625000	77.780
15792.239258	76.456
15906.675781	75.282
16021.942383	74.329
16138.043945	73.645
16254.986328	73.249
16372.777344	73.126
16491.421875	73.220
16610.923828	73.441
16731.294922	73.656
16852.535156	73.699
16974.656250	73.400
17097.662109	72.649
17221.558594	71.445
17346.353516	69.895
17472.052734	68.161
17598.662109	66.398
17726.189453	64.720
17854.640625	63.190
17984.021484	61.828
18114.341797	60.610
18245.605469	59.529
18377.820312	58.624
18510.994141	57.899
18645.132812	57.299
18780.242188	56.778
18916.332031	56.320
19053.408203	55.943
19191.476562	55.682
19330.546875	55.529
19470.623047	55.365
19611.714844	55.125
19753.830078	54.893
19896.974609	54.803
