20.000000	99.398	-105.3950
20.299999	99.486	-106.4617
20.600000	99.571	-107.5075
20.900000	99.653	-108.5329
21.200001	99.731	-109.5389
21.400000	99.782	-110.1990
21.799999	99.880	-111.4951
22.000000	99.927	-112.1313
22.400000	100.019	-113.3811
22.700001	100.085	-114.2993
23.000000	100.150	-115.2021
23.299999	100.212	-116.0906
23.600000	100.272	-116.9658
24.000000	100.350	-118.1127
24.299999	100.406	-118.9579
24.700001	100.477	-120.0639
25.000000	100.528	-120.8770
25.400000	100.594	-121.9391
25.799999	100.657	-122.9775
26.200001	100.718	-123.9946
26.500000	100.762	-124.7449
26.900000	100.819	-125.7297
27.200001	100.859	-126.4564
27.600000	100.911	-127.4087
28.000000	100.960	-128.3411
28.500000	101.018	-129.4776
29.000000	101.073	-130.5820
29.500000	101.125	-131.6569
30.000000	101.175	-132.7091
30.400000	101.214	-133.5387
30.700001	101.241	-134.1536
31.100000	101.275	-134.9593
31.500000	101.306	-135.7435
32.000000	101.345	-136.6934
32.500000	101.384	-137.6266
33.000000	101.422	-138.5640
33.500000	101.455	-139.5016
34.000000	101.480	-140.4086
34.500000	101.503	-141.2628
35.000000	101.529	-142.0802
35.500000	101.559	-142.8990
36.000000	101.586	-143.7348
36.500000	101.607	-144.5641
37.000000	101.625	-145.3575
37.500000	101.643	-146.1152
38.200001	101.673	-147.1639
38.700001	101.692	-147.9189
39.500000	101.714	-149.0935
40.000000	101.727	-149.7920
40.599998	101.743	-150.6118
41.200001	101.758	-151.4271
41.799999	101.769	-152.2278
42.500000	101.777	-153.1188
43.099998	101.785	-153.8464
43.700001	101.795	-154.5634
44.400002	101.806	-155.4116
45.000000	101.811	-156.1398
45.500000	101.812	-156.7304
46.200001	101.813	-157.5227
46.799999	101.816	-158.1849
47.500000	101.818	-158.9547
48.200001	101.818	-159.7123
48.700001	101.817	-160.2375
49.400002	101.815	-160.9535
50.000000	101.814	-161.5584
50.799999	101.810	-162.3513
51.500000	101.804	-163.0219
52.200001	101.798	-163.6782
53.000000	101.788	-164.4177
53.799999	101.773	-165.1100
54.500000	101.765	-165.6724
55.200001	101.763	-166.2477
56.000000	101.761	-166.9572
57.000000	101.747	-167.8698
58.000000	101.722	-168.7437
59.000000	101.690	-169.4897
60.000000	101.678	-170.1258
60.799999	101.682	-170.7142
61.500000	101.677	-171.3221
62.200001	101.656	-171.9256
63.000000	101.621	-172.5058
64.000000	101.583	-173.0781
65.000000	101.563	-173.5948
66.000000	101.560	-174.1617
67.000000	101.555	-174.8831
68.000000	101.523	-175.6228
69.000000	101.487	-176.2132
70.000000	101.462	-176.8138
71.000000	101.427	-177.4475
72.000000	101.393	-177.9804
73.000000	101.374	-178.5495
74.000000	101.348	-179.2097
75.000000	101.313	-179.8131
76.199997	101.278	179.5133
77.500000	101.238	178.8085
78.800003	101.203	178.1664
80.000000	101.169	177.5550
81.199997	101.127	176.9632
82.500000	101.079	176.3596
83.800003	101.031	175.7643
85.000000	100.986	175.2010
86.199997	100.942	174.6470
87.500000	100.897	174.0586
88.500000	100.865	173.6053
90.000000	100.807	172.9026
91.199997	100.749	172.4524
92.500000	100.695	172.0611
93.800003	100.643	171.6530
95.000000	100.594	171.2911
96.199997	100.546	170.9482
97.500000	100.499	170.5701
98.800003	100.454	170.1746
100.000000	100.413	169.8071
101.500000	100.364	169.3587
103.000000	100.315	168.8837
104.400002	100.267	168.4344
106.000000	100.209	167.9254
107.500000	100.152	167.4780
109.000000	100.095	167.0536
110.599998	100.030	166.6269
112.000000	99.972	166.2740
113.800003	99.897	165.8234
115.000000	99.848	165.5253
117.199997	99.767	164.9883
118.000000	99.739	164.7963
120.599998	99.636	164.1804
122.000000	99.574	163.9409
124.099998	99.482	163.5874
125.000000	99.442	163.4315
126.500000	99.376	163.1778
128.000000	99.313	162.9374
131.500000	99.173	162.4363
132.000000	99.154	162.3733
134.000000	99.080	162.1020
136.000000	99.005	161.7822
138.000000	98.925	161.4837
140.000000	98.841	161.2453
143.000000	98.714	160.9958
145.000000	98.630	160.8792
147.500000	98.536	160.7744
150.000000	98.456	160.6788
152.500000	98.387	160.5488
155.000000	98.319	160.3639
157.500000	98.247	160.1451
160.000000	98.171	159.9251
162.500000	98.093	159.7267
165.000000	98.014	159.5338
167.500000	97.933	159.3638
170.000000	97.853	159.2173
172.500000	97.771	159.0786
175.000000	97.688	158.9415
177.500000	97.603	158.8143
180.000000	97.518	158.7148
182.500000	97.433	158.6495
185.000000	97.348	158.6104
187.500000	97.263	158.5941
190.000000	97.179	158.5998
192.500000	97.098	158.6284
195.000000	97.019	158.6781
197.500000	96.945	158.7505
200.000000	96.875	158.8432
203.000000	96.796	158.9575
206.000000	96.722	159.0560
209.000000	96.649	159.1522
212.000000	96.577	159.2521
214.000000	96.530	159.3075
218.000000	96.436	159.3597
220.000000	96.389	159.3892
224.000000	96.293	159.4904
227.000000	96.219	159.5852
230.000000	96.146	159.6980
233.000000	96.075	159.8294
236.000000	96.004	159.9690
240.000000	95.911	160.1721
243.000000	95.841	160.3290
247.000000	95.751	160.5514
250.000000	95.688	160.7256
254.000000	95.607	160.9683
258.000000	95.526	161.2401
262.000000	95.447	161.5151
265.000000	95.390	161.7245
269.000000	95.315	162.0234
272.000000	95.260	162.2559
276.000000	95.190	162.5708
280.000000	95.125	162.8916
285.000000	95.046	163.2928
290.000000	94.970	163.7010
295.000000	94.897	164.1113
300.000000	94.829	164.5319
304.000000	94.776	164.8815
307.000000	94.737	165.1363
311.000000	94.688	165.4702
315.000000	94.642	165.8115
320.000000	94.585	166.2413
325.000000	94.530	166.6649
330.000000	94.478	167.0934
335.000000	94.430	167.5288
340.000000	94.384	167.9565
345.000000	94.340	168.3795
350.000000	94.298	168.8076
355.000000	94.260	169.2457
360.000000	94.224	169.6794
365.000000	94.188	170.0986
370.000000	94.153	170.5144
375.000000	94.121	170.9249
382.000000	94.080	171.5004
387.000000	94.053	171.9102
395.000000	94.013	172.5591
400.000000	93.991	172.9611
406.000000	93.966	173.4290
412.000000	93.943	173.8913
418.000000	93.920	174.3467
425.000000	93.896	174.8703
431.000000	93.878	175.3192
437.000000	93.861	175.7709
444.000000	93.844	176.2843
450.000000	93.830	176.7161
455.000000	93.819	177.0694
462.000000	93.805	177.5585
468.000000	93.795	177.9724
475.000000	93.784	178.4439
482.000000	93.775	178.9140
487.000000	93.769	179.2501
494.000000	93.762	179.7131
500.000000	93.756	-179.8979
508.000000	93.751	-179.3819
515.000000	93.748	-178.9379
522.000000	93.746	-178.5004
530.000000	93.744	-178.0047
538.000000	93.743	-177.5134
545.000000	93.743	-177.0913
552.000000	93.743	-176.6728
560.000000	93.745	-176.2044
570.000000	93.749	-175.6223
580.000000	93.753	-175.0465
590.000000	93.758	-174.4778
600.000000	93.767	-173.9123
608.000000	93.774	-173.4675
615.000000	93.781	-173.0760
622.000000	93.788	-172.6896
630.000000	93.798	-172.2558
640.000000	93.811	-171.7214
650.000000	93.825	-171.1853
660.000000	93.840	-170.6427
670.000000	93.857	-170.1039
680.000000	93.874	-169.5693
690.000000	93.893	-169.0391
700.000000	93.914	-168.5071
710.000000	93.935	-167.9804
720.000000	93.958	-167.4587
730.000000	93.983	-166.9368
740.000000	94.009	-166.4150
750.000000	94.037	-165.8949
762.000000	94.072	-165.2718
775.000000	94.113	-164.5995
788.000000	94.157	-163.9299
800.000000	94.201	-163.3166
812.000000	94.246	-162.7105
825.000000	94.298	-162.0453
838.000000	94.351	-161.3595
850.000000	94.408	-160.7123
862.000000	94.472	-160.0628
875.000000	94.553	-159.3653
885.000000	94.625	-158.8751
900.000000	94.736	-158.2894
912.000000	94.815	-157.8895
925.000000	94.895	-157.4339
938.000000	94.977	-156.9539
950.000000	95.057	-156.5145
962.000000	95.141	-156.0906
975.000000	95.237	-155.6576
988.000000	95.335	-155.2546
1000.000000	95.429	-154.9100
1015.000000	95.548	-154.5249
1030.000000	95.669	-154.1873
1044.000000	95.784	-153.9158
1060.000000	95.916	-153.6573
1075.000000	96.040	-153.4717
1090.000000	96.163	-153.3386
1106.000000	96.292	-153.2459
1120.000000	96.403	-153.2087
1138.000000	96.542	-153.2162
1150.000000	96.631	-153.2540
1172.000000	96.790	-153.3813
1180.000000	96.845	-153.4445
1206.000000	97.016	-153.7061
1220.000000	97.102	-153.8778
1241.000000	97.224	-154.1657
1250.000000	97.273	-154.2992
1265.000000	97.352	-154.5300
1280.000000	97.425	-154.7700
1315.000000	97.582	-155.3596
1320.000000	97.602	-155.4450
1340.000000	97.681	-155.7879
1360.000000	97.753	-156.1329
1380.000000	97.821	-156.4758
1400.000000	97.883	-156.8127
1430.000000	97.968	-157.3110
1450.000000	98.019	-157.6371
1475.000000	98.077	-158.0346
1500.000000	98.131	-158.4191
1525.000000	98.179	-158.7862
1550.000000	98.224	-159.1393
1575.000000	98.266	-159.4827
1600.000000	98.305	-159.8130
1625.000000	98.340	-160.1363
1650.000000	98.373	-160.4520
1675.000000	98.403	-160.7607
1700.000000	98.430	-161.0625
1725.000000	98.454	-161.3563
1750.000000	98.475	-161.6375
1775.000000	98.494	-161.9085
1800.000000	98.511	-162.1689
1825.000000	98.527	-162.4203
1850.000000	98.543	-162.6752
1875.000000	98.557	-162.9419
1900.000000	98.568	-163.2195
1925.000000	98.574	-163.5026
1950.000000	98.575	-163.7828
1975.000000	98.572	-164.0551
2000.000000	98.565	-164.3160
2030.000000	98.550	-164.6120
2060.000000	98.530	-164.8862
2090.000000	98.504	-165.1320
2120.000000	98.472	-165.3386
2140.000000	98.447	-165.4476
2180.000000	98.394	-165.5709
2200.000000	98.367	-165.5720
2240.000000	98.324	-165.4403
2270.000000	98.314	-165.2602
2300.000000	98.330	-165.1076
2330.000000	98.368	-165.1042
2360.000000	98.411	-165.3298
2400.000000	98.442	-165.9497
2430.000000	98.433	-166.5523
2470.000000	98.374	-167.3965
2500.000000	98.296	-168.0031
2540.000000	98.151	-168.7216
2580.000000	97.958	-169.2764
2620.000000	97.718	-169.5713
2650.000000	97.510	-169.5460
2690.000000	97.208	-169.0793
2720.000000	96.977	-168.3586
2760.000000	96.689	-166.9053
2800.000000	96.444	-164.9795
2850.000000	96.221	-162.1212
2900.000000	96.093	-158.9900
2950.000000	96.050	-155.7191
3000.000000	96.088	-152.3697
3040.000000	96.177	-149.6676
3070.000000	96.280	-147.6573
3110.000000	96.465	-145.0396
3150.000000	96.705	-142.5496
3200.000000	97.075	-139.7139
3250.000000	97.513	-137.2766
3300.000000	98.002	-135.2978
3350.000000	98.531	-133.8101
3400.000000	99.085	-132.8370
3450.000000	99.651	-132.4016
3500.000000	100.216	-132.5135
3550.000000	100.764	-133.1593
3600.000000	101.278	-134.3054
3650.000000	101.745	-135.8963
3700.000000	102.152	-137.8450
3750.000000	102.492	-140.0333
3820.000000	102.854	-143.2677
3870.000000	103.040	-145.5718
3950.000000	103.238	-149.1091
4000.000000	103.312	-151.1886
4060.000000	103.361	-153.5315
4120.000000	103.378	-155.7035
4180.000000	103.372	-157.7230
4250.000000	103.346	-159.9357
4310.000000	103.313	-161.7666
4370.000000	103.267	-163.5931
4440.000000	103.189	-165.7867
4500.000000	103.085	-167.7531
4550.000000	102.954	-169.4176
4620.000000	102.685	-171.5586
4680.000000	102.384	-172.9071
4750.000000	102.008	-173.7204
4820.000000	101.653	-173.8957
4870.000000	101.419	-173.7652
4940.000000	101.110	-173.3130
5000.000000	100.857	-172.6426
5080.000000	100.564	-171.1639
5150.000000	100.394	-169.5604
5220.000000	100.297	-167.9313
5300.000000	100.261	-166.1611
5380.000000	100.292	-164.6241
5450.000000	100.356	-163.5664
5520.000000	100.432	-162.8194
5600.000000	100.507	-162.3143
5700.000000	100.546	-162.0080
5800.000000	100.502	-161.6455
5900.000000	100.404	-160.7048
6000.000000	100.335	-158.8186
6080.000000	100.386	-156.6430
6150.000000	100.563	-154.5067
6220.000000	100.890	-152.5571
6300.000000	101.438	-151.2101
6400.000000	102.254	-151.8250
6500.000000	102.960	-155.3407
6600.000000	103.314	-160.8335
6700.000000	103.230	-166.5711
6800.000000	102.808	-171.0300
6900.000000	102.234	-173.5925
7000.000000	101.668	-174.4711
7100.000000	101.190	-174.1814
7200.000000	100.826	-173.1414
7300.000000	100.588	-171.6615
7400.000000	100.483	-170.0178
7500.000000	100.520	-168.5157
7620.000000	100.743	-167.4501
7750.000000	101.138	-167.9760
7880.000000	101.538	-170.8262
8000.000000	101.733	-175.4428
8120.000000	101.619	178.7885
8250.000000	101.082	172.5694
8380.000000	100.174	167.7232
8500.000000	99.143	165.2004
8620.000000	98.074	164.6309
8750.000000	97.010	165.7646
8850.000000	96.304	167.3827
9000.000000	95.407	170.2602
9120.000000	94.779	172.7232
9250.000000	94.150	175.6231
9380.000000	93.570	178.8764
9500.000000	93.093	-177.7948
9620.000000	92.687	-174.2144
9750.000000	92.339	-170.1525
9880.000000	92.091	-166.0000
10000.000000	91.951	-162.1646
10150.000000	91.892	-157.4796
10300.000000	91.960	-153.0390
10440.000000	92.138	-149.2322
10600.000000	92.484	-145.4474
10750.000000	92.947	-142.6555
10900.000000	93.537	-140.8436
11060.000000	94.276	-140.3215
11200.000000	94.970	-141.3526
11380.000000	95.826	-145.0385
11500.000000	96.295	-148.9822
11720.000000	96.750	-158.5417
11800.000000	96.751	-162.3726
12060.000000	96.176	-173.9050
12200.000000	95.611	-178.6750
12410.000000	94.672	176.4968
12500.000000	94.294	175.1782
12650.000000	93.750	173.7090
12800.000000	93.345	172.8176
13150.000000	92.989	170.7311
13200.000000	92.999	170.2127
13400.000000	93.143	167.0504
13600.000000	93.330	161.6762
13800.000000	93.330	154.1208
14000.000000	92.928	145.4394
14300.000000	91.477	134.0739
14500.000000	90.148	129.4932
14750.000000	88.429	127.7537
15000.000000	86.904	129.6998
15250.000000	85.711	134.1570
15500.000000	84.896	140.1346
15750.000000	84.461	146.9969
16000.000000	84.408	154.2795
16250.000000	84.792	161.4551
16500.000000	85.704	167.5578
16750.000000	87.154	170.6443
17000.000000	88.894	168.3621
17250.000000	90.484	159.6906
17500.000000	91.466	145.2964
17750.000000	91.447	127.2722
18000.000000	90.228	108.9073
18250.000000	87.887	93.6797
18500.000000	84.729	84.1400
18750.000000	81.163	81.2852
19000.000000	77.579	84.3535
19250.000000	74.198	91.7690
19500.000000	71.071	102.9920
19750.000000	68.361	117.5208
20000.000000	66.675	130.9062
