20.000000	99.437	-104.8495
20.299999	99.524	-105.8811
20.600000	99.609	-106.8848
20.900000	99.695	-107.8728
21.200001	99.780	-108.8550
21.400000	99.835	-109.5091
21.799999	99.940	-110.8139
22.000000	99.990	-111.4614
22.400000	100.083	-112.7371
22.700001	100.149	-113.6703
23.000000	100.212	-114.5808
23.299999	100.272	-115.4701
23.600000	100.332	-116.3417
24.000000	100.410	-117.4836
24.299999	100.466	-118.3289
24.700001	100.539	-119.4436
25.000000	100.591	-120.2690
25.400000	100.658	-121.3522
25.799999	100.722	-122.4129
26.200001	100.782	-123.4500
26.500000	100.826	-124.2122
26.900000	100.883	-125.2067
27.200001	100.924	-125.9350
27.600000	100.977	-126.8829
28.000000	101.030	-127.8094
28.500000	101.095	-128.9508
29.000000	101.154	-130.0768
29.500000	101.206	-131.1648
30.000000	101.253	-132.1915
30.400000	101.291	-132.9783
30.700001	101.320	-133.5637
31.100000	101.356	-134.3498
31.500000	101.385	-135.1293
32.000000	101.410	-136.0332
32.500000	101.437	-136.8132
33.000000	101.482	-137.5380
33.500000	101.546	-138.3631
34.000000	101.603	-139.3634
34.500000	101.631	-140.4409
35.000000	101.632	-141.4210
35.500000	101.630	-142.2301
36.000000	101.644	-142.9464
36.500000	101.673	-143.6884
37.000000	101.701	-144.4895
37.500000	101.723	-145.3034
38.200001	101.749	-146.3982
38.700001	101.768	-147.1600
39.500000	101.791	-148.3478
40.000000	101.803	-149.0447
40.599998	101.817	-149.8390
41.200001	101.832	-150.6127
41.799999	101.843	-151.3586
42.500000	101.857	-152.1759
43.099998	101.874	-152.8641
43.700001	101.891	-153.5755
44.400002	101.905	-154.4185
45.000000	101.914	-155.1221
45.500000	101.922	-155.6969
46.200001	101.932	-156.5053
46.799999	101.938	-157.2003
47.500000	101.941	-157.9870
48.200001	101.943	-158.7375
48.700001	101.945	-159.2618
49.400002	101.948	-159.9948
50.000000	101.947	-160.6247
50.799999	101.940	-161.4499
51.500000	101.928	-162.1314
52.200001	101.917	-162.7659
53.000000	101.909	-163.4746
53.799999	101.902	-164.2025
54.500000	101.893	-164.8329
55.200001	101.886	-165.4399
56.000000	101.883	-166.1357
57.000000	101.878	-167.0216
58.000000	101.871	-167.8524
59.000000	101.872	-168.6784
60.000000	101.862	-169.5368
60.799999	101.844	-170.1649
61.500000	101.828	-170.6673
62.200001	101.812	-171.1501
63.000000	101.792	-171.6781
64.000000	101.770	-172.3242
65.000000	101.748	-172.9921
66.000000	101.723	-173.6685
67.000000	101.696	-174.3499
68.000000	101.669	-175.0096
69.000000	101.644	-175.6532
70.000000	101.618	-176.2975
71.000000	101.588	-176.9069
72.000000	101.556	-177.4543
73.000000	101.529	-177.9792
74.000000	101.503	-178.5193
75.000000	101.475	-179.0676
76.199997	101.441	-179.7263
77.500000	101.403	179.5627
78.800003	101.364	178.8866
80.000000	101.326	178.3128
81.199997	101.287	177.7723
82.500000	101.242	177.1921
83.800003	101.194	176.5568
85.000000	101.145	175.9528
86.199997	101.104	175.3730
87.500000	101.077	174.7549
88.500000	101.068	174.2585
90.000000	101.031	173.3910
91.199997	100.959	173.0002
92.500000	100.904	172.8700
93.800003	100.863	172.6155
95.000000	100.818	172.2753
96.199997	100.768	171.8614
97.500000	100.715	171.3709
98.800003	100.665	170.8883
100.000000	100.623	170.4780
101.500000	100.573	169.9924
103.000000	100.517	169.5341
104.400002	100.462	169.1223
106.000000	100.397	168.6418
107.500000	100.336	168.2043
109.000000	100.278	167.8204
110.599998	100.219	167.4421
112.000000	100.165	167.1305
113.800003	100.095	166.7329
115.000000	100.051	166.4597
117.199997	99.980	165.9667
118.000000	99.957	165.7885
120.599998	99.870	165.1547
122.000000	99.809	164.8957
124.099998	99.721	164.5444
125.000000	99.684	164.3825
126.500000	99.624	164.1080
128.000000	99.565	163.8396
131.500000	99.428	163.2793
132.000000	99.408	163.2049
134.000000	99.330	162.9131
136.000000	99.252	162.6544
138.000000	99.175	162.4383
140.000000	99.101	162.2577
143.000000	98.998	162.0234
145.000000	98.937	161.8692
147.500000	98.868	161.6512
150.000000	98.800	161.3967
152.500000	98.729	161.1080
155.000000	98.653	160.8026
157.500000	98.573	160.5125
160.000000	98.488	160.2474
162.500000	98.401	160.0103
165.000000	98.312	159.7974
167.500000	98.223	159.6112
170.000000	98.135	159.4602
172.500000	98.047	159.3404
175.000000	97.962	159.2488
177.500000	97.879	159.1642
180.000000	97.796	159.0856
182.500000	97.716	159.0179
185.000000	97.637	158.9731
187.500000	97.558	158.9381
190.000000	97.479	158.9141
192.500000	97.399	158.9170
195.000000	97.320	158.9493
197.500000	97.245	159.0046
200.000000	97.174	159.0746
203.000000	97.095	159.1592
206.000000	97.021	159.2432
209.000000	96.950	159.3250
212.000000	96.877	159.3962
214.000000	96.827	159.4256
218.000000	96.728	159.4609
220.000000	96.680	159.4998
224.000000	96.583	159.6125
227.000000	96.508	159.7122
230.000000	96.434	159.8160
233.000000	96.364	159.9276
236.000000	96.295	160.0559
240.000000	96.203	160.2601
243.000000	96.134	160.4260
247.000000	96.045	160.6458
250.000000	95.982	160.8102
254.000000	95.903	161.0435
258.000000	95.821	161.2958
262.000000	95.742	161.5559
265.000000	95.684	161.7488
269.000000	95.611	162.0341
272.000000	95.559	162.2621
276.000000	95.492	162.5656
280.000000	95.427	162.8757
285.000000	95.347	163.2543
290.000000	95.270	163.6461
295.000000	95.198	164.0467
300.000000	95.130	164.4604
304.000000	95.076	164.7884
307.000000	95.038	165.0314
311.000000	94.989	165.3602
315.000000	94.942	165.6916
320.000000	94.886	166.1078
325.000000	94.833	166.5285
330.000000	94.782	166.9438
335.000000	94.734	167.3593
340.000000	94.688	167.7769
345.000000	94.645	168.2029
350.000000	94.603	168.6205
355.000000	94.566	169.0322
360.000000	94.531	169.4412
365.000000	94.496	169.8481
370.000000	94.462	170.2495
375.000000	94.431	170.6447
382.000000	94.391	171.1984
387.000000	94.364	171.5956
395.000000	94.326	172.2191
400.000000	94.304	172.5975
406.000000	94.278	173.0549
412.000000	94.255	173.5111
418.000000	94.232	173.9564
425.000000	94.209	174.4655
431.000000	94.192	174.8894
437.000000	94.176	175.3159
444.000000	94.159	175.8019
450.000000	94.145	176.2110
455.000000	94.134	176.5529
462.000000	94.121	177.0247
468.000000	94.111	177.4169
475.000000	94.101	177.8685
482.000000	94.091	178.3195
487.000000	94.085	178.6349
494.000000	94.078	179.0768
500.000000	94.073	179.4514
508.000000	94.066	179.9405
515.000000	94.062	-179.6386
522.000000	94.060	-179.2233
530.000000	94.058	-178.7553
538.000000	94.056	-178.2934
545.000000	94.055	-177.8940
552.000000	94.056	-177.5041
560.000000	94.058	-177.0599
570.000000	94.061	-176.5056
580.000000	94.065	-175.9690
590.000000	94.071	-175.4402
600.000000	94.076	-174.9121
608.000000	94.082	-174.4955
615.000000	94.089	-174.1343
622.000000	94.095	-173.7713
630.000000	94.103	-173.3619
640.000000	94.113	-172.8561
650.000000	94.124	-172.3448
660.000000	94.136	-171.8378
670.000000	94.149	-171.3399
680.000000	94.163	-170.8433
690.000000	94.179	-170.3445
700.000000	94.195	-169.8466
710.000000	94.212	-169.3521
720.000000	94.230	-168.8596
730.000000	94.249	-168.3682
740.000000	94.270	-167.8736
750.000000	94.293	-167.3845
762.000000	94.320	-166.8051
775.000000	94.347	-166.1909
788.000000	94.368	-165.5541
800.000000	94.381	-164.8666
812.000000	94.405	-164.0569
825.000000	94.451	-163.1349
838.000000	94.514	-162.1461
850.000000	94.609	-161.1133
862.000000	94.773	-160.2114
875.000000	94.978	-160.0097
885.000000	95.074	-160.2845
900.000000	95.117	-160.4123
912.000000	95.136	-160.1456
925.000000	95.174	-159.6949
938.000000	95.230	-159.2000
950.000000	95.291	-158.7496
962.000000	95.359	-158.3157
975.000000	95.440	-157.8646
988.000000	95.525	-157.4461
1000.000000	95.608	-157.0913
1015.000000	95.714	-156.6867
1030.000000	95.823	-156.3268
1044.000000	95.928	-156.0300
1060.000000	96.050	-155.7413
1075.000000	96.165	-155.5218
1090.000000	96.279	-155.3496
1106.000000	96.401	-155.2183
1120.000000	96.506	-155.1423
1138.000000	96.639	-155.0983
1150.000000	96.726	-155.0998
1172.000000	96.881	-155.1599
1180.000000	96.936	-155.2014
1206.000000	97.108	-155.4014
1220.000000	97.196	-155.5465
1241.000000	97.323	-155.8109
1250.000000	97.374	-155.9393
1265.000000	97.456	-156.1703
1280.000000	97.533	-156.4182
1315.000000	97.695	-157.0384
1320.000000	97.716	-157.1299
1340.000000	97.795	-157.4947
1360.000000	97.868	-157.8572
1380.000000	97.936	-158.2245
1400.000000	98.000	-158.5930
1430.000000	98.086	-159.1453
1450.000000	98.137	-159.5139
1475.000000	98.196	-159.9728
1500.000000	98.247	-160.4267
1525.000000	98.291	-160.8665
1550.000000	98.330	-161.2889
1575.000000	98.364	-161.6950
1600.000000	98.394	-162.0897
1625.000000	98.421	-162.4727
1650.000000	98.443	-162.8425
1675.000000	98.462	-163.2021
1700.000000	98.478	-163.5514
1725.000000	98.491	-163.8885
1750.000000	98.500	-164.2141
1775.000000	98.507	-164.5280
1800.000000	98.510	-164.8294
1825.000000	98.511	-165.1210
1850.000000	98.509	-165.4046
1875.000000	98.505	-165.6803
1900.000000	98.497	-165.9460
1925.000000	98.486	-166.2021
1950.000000	98.471	-166.4478
1975.000000	98.453	-166.6809
2000.000000	98.431	-166.8998
2030.000000	98.400	-167.1325
2060.000000	98.363	-167.3184
2090.000000	98.322	-167.4382
2120.000000	98.281	-167.4667
2140.000000	98.258	-167.4266
2180.000000	98.237	-167.2294
2200.000000	98.247	-167.1259
2240.000000	98.308	-167.1330
2270.000000	98.367	-167.4738
2300.000000	98.408	-168.1181
2330.000000	98.415	-168.9819
2360.000000	98.380	-169.9635
2400.000000	98.261	-171.3360
2430.000000	98.114	-172.3319
2470.000000	97.831	-173.4381
2500.000000	97.557	-173.9247
2540.000000	97.135	-173.8234
2580.000000	96.715	-172.7047
2620.000000	96.374	-170.7665
2650.000000	96.190	-169.0551
2690.000000	96.029	-166.7666
2720.000000	95.948	-165.1485
2760.000000	95.867	-163.1187
2800.000000	95.796	-161.1389
2850.000000	95.715	-158.5581
2900.000000	95.654	-155.7022
2950.000000	95.637	-152.4961
3000.000000	95.693	-148.9605
3040.000000	95.808	-145.9741
3070.000000	95.940	-143.7045
3110.000000	96.181	-140.7269
3150.000000	96.494	-137.9092
3200.000000	96.979	-134.7674
3250.000000	97.547	-132.1905
3300.000000	98.175	-130.2743
3350.000000	98.839	-129.0637
3400.000000	99.516	-128.5659
3450.000000	100.185	-128.7616
3500.000000	100.829	-129.6114
3550.000000	101.430	-131.0614
3600.000000	101.971	-133.0468
3650.000000	102.436	-135.4683
3700.000000	102.812	-138.1899
3750.000000	103.096	-141.0494
3820.000000	103.345	-144.9586
3870.000000	103.441	-147.5054
3950.000000	103.509	-151.0517
4000.000000	103.520	-152.9946
4060.000000	103.514	-155.1203
4120.000000	103.492	-157.0605
4180.000000	103.458	-158.8463
4250.000000	103.410	-160.7917
4310.000000	103.362	-162.3991
4370.000000	103.305	-163.9872
4440.000000	103.215	-165.8253
4500.000000	103.113	-167.3666
4550.000000	103.007	-168.5940
4620.000000	102.825	-170.1800
4680.000000	102.638	-171.3926
4750.000000	102.372	-172.5576
4820.000000	102.060	-173.1558
4870.000000	101.849	-173.1130
4940.000000	101.620	-172.6961
5000.000000	101.476	-172.3658
5080.000000	101.301	-172.1004
5150.000000	101.137	-171.8659
5220.000000	100.964	-171.4966
5300.000000	100.767	-170.8296
5380.000000	100.587	-169.8749
5450.000000	100.453	-168.8256
5520.000000	100.348	-167.6204
5600.000000	100.271	-166.1212
5700.000000	100.241	-164.1861
5800.000000	100.282	-162.3196
5900.000000	100.387	-160.6407
6000.000000	100.544	-159.2357
6080.000000	100.696	-158.3225
6150.000000	100.843	-157.6494
6220.000000	101.004	-157.0554
6300.000000	101.216	-156.4425
6400.000000	101.561	-155.8799
6500.000000	102.020	-156.0948
6600.000000	102.513	-157.9760
6700.000000	102.831	-161.6758
6800.000000	102.816	-165.9963
6900.000000	102.512	-169.4232
7000.000000	102.083	-171.2756
7100.000000	101.674	-171.6941
7200.000000	101.366	-171.1343
7300.000000	101.191	-170.0619
7400.000000	101.157	-168.8879
7500.000000	101.260	-168.0029
7620.000000	101.531	-167.8576
7750.000000	101.923	-169.4332
7880.000000	102.268	-173.1534
8000.000000	102.393	-178.2898
8120.000000	102.213	175.6371
8250.000000	101.624	169.1938
8380.000000	100.681	164.1006
8500.000000	99.617	161.2502
8620.000000	98.500	160.2705
8750.000000	97.347	160.9982
8850.000000	96.547	162.4668
9000.000000	95.512	165.5194
9120.000000	94.803	168.3459
9250.000000	94.119	171.6391
9380.000000	93.505	175.1756
9500.000000	92.997	178.6802
9620.000000	92.554	-177.6027
9750.000000	92.156	-173.3872
9880.000000	91.847	-169.0431
10000.000000	91.642	-164.9798
10150.000000	91.497	-159.9129
10300.000000	91.470	-154.9937
10440.000000	91.546	-150.6191
10600.000000	91.757	-145.9624
10750.000000	92.083	-142.0352
10900.000000	92.534	-138.6715
11060.000000	93.147	-135.9039
11200.000000	93.786	-134.3823
11380.000000	94.723	-134.0367
11500.000000	95.390	-135.0479
11720.000000	96.567	-139.8912
11800.000000	96.931	-142.6125
12060.000000	97.629	-153.9913
12200.000000	97.633	-160.6875
12410.000000	97.218	-169.6787
12500.000000	96.945	-172.8319
12650.000000	96.453	-177.0475
12800.000000	95.996	179.8725
13150.000000	95.389	174.7859
13200.000000	95.365	174.0255
13400.000000	95.405	170.1559
13600.000000	95.543	164.1904
13800.000000	95.525	155.8052
14000.000000	95.082	145.9507
14300.000000	93.433	132.6724
14500.000000	91.888	127.1715
14750.000000	89.863	124.8693
15000.000000	88.050	126.7971
15250.000000	86.614	131.5874
15500.000000	85.613	138.0529
15750.000000	85.029	145.2766
16000.000000	84.831	152.8900
16250.000000	85.068	160.5519
16500.000000	85.841	167.3768
16750.000000	87.175	171.5555
17000.000000	88.890	170.9129
17250.000000	90.626	163.9784
17500.000000	91.905	150.6477
17750.000000	92.249	132.5936
18000.000000	91.366	113.0988
18250.000000	89.264	95.9552
18500.000000	86.222	84.2622
18750.000000	82.694	79.3105
19000.000000	79.107	79.9853
19250.000000	75.620	85.0613
19500.000000	72.295	94.6530
19750.000000	69.370	108.3087
20000.000000	67.547	121.3397
