20.144928	94.284
20.290907	94.312
20.437943	94.339
20.586044	94.367
20.735220	94.394
20.885475	94.422
21.036821	94.448
21.189262	94.475
21.342808	94.501
21.497467	94.527
21.653246	94.554
21.810154	94.580
21.968201	94.607
22.127390	94.634
22.287735	94.661
22.449242	94.688
22.611917	94.716
22.775772	94.742
22.940815	94.769
23.107054	94.794
23.274498	94.819
23.443153	94.843
23.613033	94.867
23.784142	94.889
23.956491	94.910
24.130091	94.931
24.304947	94.952
24.481071	94.973
24.658470	94.994
24.837156	95.015
25.017136	95.037
25.198421	95.059
25.381020	95.081
25.564941	95.103
25.750195	95.125
25.936790	95.147
26.124741	95.168
26.314051	95.189
26.504732	95.209
26.696796	95.228
26.890253	95.248
27.085112	95.267
27.281382	95.286
27.479073	95.305
27.678198	95.324
27.878765	95.344
28.080786	95.363
28.284271	95.382
28.489231	95.400
28.695675	95.418
28.903616	95.436
29.113064	95.452
29.324028	95.469
29.536524	95.485
29.750557	95.500
29.966141	95.516
30.183289	95.531
30.402010	95.546
30.622314	95.562
30.844217	95.578
31.067726	95.595
31.292856	95.611
31.519617	95.628
31.748020	95.645
31.978081	95.662
32.209808	95.679
32.443211	95.695
32.678310	95.711
32.915108	95.726
33.153625	95.741
33.393871	95.756
33.635857	95.770
33.879597	95.785
34.125103	95.800
34.372387	95.814
34.621464	95.827
34.872345	95.840
35.125042	95.853
35.379574	95.865
35.635948	95.878
35.894180	95.890
36.154285	95.904
36.416275	95.917
36.680161	95.931
36.945961	95.944
37.213688	95.958
37.483353	95.970
37.754974	95.983
38.028561	95.995
38.304131	96.007
38.581699	96.019
38.861279	96.030
39.142883	96.042
39.426529	96.053
39.712231	96.063
40.000000	96.073
40.289856	96.083
40.581814	96.093
40.875885	96.103
41.172089	96.114
41.470440	96.125
41.770950	96.136
42.073643	96.146
42.378525	96.156
42.685616	96.166
42.994934	96.175
43.306492	96.185
43.620308	96.195
43.936401	96.204
44.254780	96.214
44.575470	96.223
44.898483	96.232
45.223835	96.240
45.551544	96.248
45.881630	96.257
46.214108	96.266
46.548996	96.274
46.886307	96.283
47.226067	96.292
47.568283	96.300
47.912983	96.308
48.260181	96.316
48.609894	96.324
48.962143	96.332
49.316940	96.340
49.674313	96.349
50.034271	96.357
50.396843	96.364
50.762039	96.373
51.129883	96.381
51.500389	96.390
51.873581	96.398
52.249481	96.405
52.628101	96.412
53.009464	96.418
53.393593	96.425
53.780506	96.432
54.170223	96.438
54.562763	96.443
54.958145	96.448
55.356396	96.453
55.757530	96.460
56.161572	96.467
56.568542	96.476
56.978462	96.483
57.391350	96.489
57.807232	96.493
58.226128	96.496
58.648056	96.500
59.073048	96.504
59.501114	96.508
59.932281	96.512
60.366577	96.516
60.804020	96.521
61.244629	96.527
61.688435	96.532
62.135452	96.536
62.585712	96.540
63.039234	96.543
63.496040	96.547
63.956161	96.551
64.419617	96.555
64.886421	96.559
65.356621	96.562
65.830215	96.566
66.307251	96.571
66.787743	96.575
67.271713	96.580
67.759193	96.583
68.250206	96.586
68.744774	96.589
69.242928	96.592
69.744690	96.595
70.250084	96.599
70.759148	96.601
71.271896	96.602
71.788361	96.603
72.308571	96.604
72.832550	96.608
73.360321	96.612
73.891922	96.615
74.427376	96.617
74.966705	96.618
75.509949	96.620
76.057121	96.621
76.608261	96.623
77.163399	96.625
77.722557	96.626
78.285767	96.628
78.853058	96.629
79.424461	96.630
80.000000	96.632
80.579712	96.633
81.163628	96.633
81.751770	96.633
82.344177	96.633
82.940880	96.633
83.541901	96.633
84.147285	96.633
84.757050	96.634
85.371231	96.634
85.989868	96.635
86.612984	96.635
87.240616	96.634
87.872803	96.632
88.509560	96.631
89.150940	96.630
89.796967	96.630
90.447670	96.629
91.103088	96.628
91.763260	96.627
92.428215	96.626
93.097992	96.623
93.772614	96.622
94.452133	96.622
95.136566	96.620
95.825966	96.619
96.520363	96.616
97.219788	96.613
97.924286	96.609
98.633881	96.606
99.348625	96.604
100.068542	96.602
100.793686	96.600
101.524078	96.596
102.259766	96.593
103.000778	96.590
103.747162	96.587
104.498962	96.583
105.256203	96.578
106.018929	96.574
106.787186	96.570
107.561012	96.565
108.340446	96.561
109.125526	96.557
109.916290	96.552
110.712791	96.547
111.515060	96.542
112.323143	96.538
113.137085	96.533
113.956924	96.528
114.782700	96.521
115.614464	96.514
116.452255	96.507
117.296112	96.502
118.146095	96.496
119.002228	96.489
119.864563	96.482
120.733154	96.475
121.608040	96.468
122.489258	96.461
123.376869	96.453
124.270905	96.445
125.171425	96.436
126.078468	96.428
126.992081	96.420
127.912323	96.413
128.839233	96.405
129.772842	96.397
130.713242	96.388
131.660431	96.379
132.614502	96.370
133.575485	96.361
134.543427	96.351
135.518387	96.341
136.500412	96.330
137.489548	96.320
138.485855	96.310
139.489380	96.299
140.500168	96.288
141.518295	96.277
142.543793	96.266
143.576721	96.254
144.617142	96.241
145.665100	96.228
146.720642	96.216
147.783844	96.204
148.854752	96.191
149.933411	96.178
151.019897	96.164
152.114243	96.151
153.216522	96.138
154.326797	96.124
155.445114	96.108
156.571533	96.093
157.706116	96.079
158.848923	96.063
160.000000	96.047
161.159424	96.032
162.327255	96.016
163.503540	95.999
164.688354	95.982
165.881760	95.965
167.083801	95.947
168.294571	95.928
169.514099	95.910
170.742462	95.892
171.979736	95.873
173.225967	95.854
174.481232	95.836
175.745605	95.817
177.019119	95.798
178.301880	95.779
179.593933	95.761
180.895340	95.743
182.206177	95.725
183.526520	95.707
184.856430	95.688
186.195984	95.668
187.545227	95.647
188.904266	95.628
190.273132	95.607
191.651932	95.586
193.040726	95.564
194.439575	95.542
195.848572	95.520
197.267761	95.499
198.697250	95.477
200.137085	95.454
201.587372	95.431
203.048157	95.407
204.519531	95.384
206.001556	95.361
207.494324	95.337
208.997925	95.313
210.512405	95.288
212.037857	95.263
213.574371	95.238
215.122025	95.213
216.680893	95.187
218.251053	95.162
219.832581	95.136
221.425583	95.110
223.030121	95.084
224.646286	95.058
226.274170	95.032
227.913849	95.005
229.565399	94.978
231.228928	94.952
232.904510	94.925
234.592224	94.897
236.292191	94.869
238.004456	94.842
239.729126	94.814
241.466309	94.787
243.216080	94.759
244.978516	94.730
246.753738	94.702
248.541809	94.675
250.342850	94.647
252.156937	94.619
253.984161	94.591
255.824646	94.563
257.678467	94.534
259.545685	94.506
261.426483	94.478
263.320862	94.450
265.229004	94.422
267.150970	94.393
269.086853	94.364
271.036774	94.336
273.000824	94.308
274.979095	94.279
276.971710	94.251
278.978760	94.223
281.000336	94.195
283.036591	94.167
285.087585	94.139
287.153442	94.111
289.234283	94.082
291.330200	94.053
293.441284	94.024
295.567688	93.995
297.709503	93.966
299.866821	93.937
302.039795	93.909
304.228485	93.882
306.433044	93.857
308.653595	93.833
310.890228	93.810
313.143066	93.789
315.412231	93.768
317.697845	93.747
320.000000	93.725
322.318848	93.704
324.654510	93.683
327.007080	93.662
329.376709	93.641
331.763519	93.621
334.167603	93.602
336.589142	93.584
339.028198	93.566
341.484924	93.548
343.959473	93.530
346.451935	93.514
348.962463	93.499
351.491211	93.485
354.038239	93.470
356.603760	93.456
359.187866	93.442
361.790680	93.428
364.412354	93.415
367.053040	93.402
369.712860	93.389
372.391968	93.378
375.090454	93.366
377.808533	93.354
380.546265	93.341
383.303864	93.326
386.081451	93.310
388.879150	93.292
391.697144	93.269
394.535522	93.242
397.394501	93.212
400.274170	93.184
403.174744	93.163
406.096313	93.154
409.039062	93.161
412.003113	93.184
414.988647	93.220
417.995850	93.262
421.024811	93.307
424.075714	93.351
427.148743	93.393
430.244049	93.434
433.361786	93.473
436.502106	93.511
439.665161	93.547
442.851166	93.583
446.060242	93.620
449.292572	93.658
452.548340	93.696
455.827698	93.736
459.130798	93.777
462.457855	93.819
465.809021	93.862
469.184448	93.906
472.584381	93.952
476.008911	93.998
479.458252	94.045
482.932617	94.092
486.432159	94.140
489.957031	94.188
493.507477	94.237
497.083618	94.286
500.685699	94.335
504.313873	94.383
507.968323	94.430
511.649292	94.476
515.356934	94.521
519.091370	94.565
522.852966	94.606
526.641724	94.646
530.458008	94.684
534.301941	94.719
538.173706	94.750
542.073547	94.778
546.001648	94.802
549.958191	94.822
553.943420	94.839
557.957520	94.853
562.000671	94.862
566.073181	94.866
570.175171	94.867
574.306885	94.862
578.468567	94.853
582.660400	94.841
586.882568	94.824
591.135376	94.803
595.419006	94.779
599.733643	94.751
604.079590	94.721
608.456970	94.687
612.866089	94.650
617.307190	94.610
621.780457	94.567
626.286133	94.521
630.824463	94.472
635.395691	94.422
640.000000	94.371
644.637695	94.317
649.309021	94.261
654.014160	94.203
658.753418	94.145
663.527039	94.086
668.335205	94.025
673.178284	93.962
678.056396	93.897
682.969849	93.831
687.918945	93.764
692.903870	93.695
697.924927	93.626
702.982422	93.555
708.076477	93.484
713.207520	93.411
718.375732	93.337
723.581360	93.263
728.824707	93.189
734.106079	93.113
739.425720	93.037
744.783936	92.960
750.180908	92.883
755.617065	92.804
761.092529	92.726
766.607727	92.647
772.162903	92.567
777.758301	92.488
783.394287	92.408
789.071045	92.328
794.789001	92.248
800.548340	92.168
806.349487	92.088
812.192627	92.008
818.078125	91.929
824.006226	91.851
829.977295	91.773
835.991699	91.696
842.049622	91.620
848.151428	91.546
854.297485	91.473
860.488098	91.401
866.723572	91.332
873.004211	91.264
879.330322	91.198
885.702332	91.135
892.120483	91.074
898.585144	91.015
905.096680	90.958
911.655396	90.905
918.261597	90.855
924.915710	90.807
931.618042	90.763
938.368896	90.721
945.168762	90.683
952.017822	90.648
958.916504	90.617
965.865234	90.589
972.864319	90.565
979.914062	90.545
987.014954	90.528
994.167236	90.515
1001.371399	90.506
1008.627747	90.500
1015.936646	90.498
1023.298584	90.500
1030.713867	90.506
1038.182739	90.515
1045.705933	90.529
1053.283447	90.546
1060.916016	90.566
1068.603882	90.589
1076.347412	90.615
1084.147095	90.645
1092.003296	90.678
1099.916382	90.715
1107.886841	90.755
1115.915039	90.797
1124.001343	90.841
1132.146362	90.888
1140.350342	90.938
1148.613770	90.990
1156.937134	91.044
1165.320801	91.100
1173.765137	91.159
1182.270752	91.219
1190.838013	91.282
1199.467285	91.346
1208.159180	91.412
1216.913940	91.478
1225.732178	91.545
1234.614380	91.613
1243.560913	91.683
1252.572266	91.755
1261.648926	91.828
1270.791382	91.901
1280.000000	91.976
1289.275391	92.051
1298.618042	92.127
1308.028320	92.204
1317.506836	92.282
1327.054077	92.360
1336.670410	92.440
1346.356567	92.519
1356.112793	92.599
1365.939697	92.681
1375.837891	92.763
1385.807739	92.844
1395.849854	92.926
1405.964844	93.010
1416.152954	93.093
1426.415039	93.177
1436.751465	93.261
1447.162720	93.345
1457.649414	93.430
1468.212158	93.515
1478.851440	93.600
1489.567871	93.686
1500.361816	93.774
1511.234131	93.862
1522.185059	93.951
1533.215454	94.038
1544.325806	94.126
1555.516602	94.213
1566.788574	94.299
1578.142090	94.385
1589.578003	94.471
1601.096680	94.557
1612.698975	94.642
1624.385254	94.728
1636.156250	94.813
1648.012451	94.898
1659.954590	94.983
1671.983398	95.068
1684.099243	95.152
1696.302856	95.236
1708.594971	95.321
1720.976196	95.406
1733.447144	95.492
1746.008423	95.578
1758.660645	95.666
1771.404663	95.755
1784.240967	95.843
1797.170288	95.931
1810.193359	96.018
1823.310791	96.103
1836.523193	96.187
1849.831421	96.269
1863.236084	96.349
1876.737793	96.426
1890.337524	96.501
1904.035645	96.575
1917.833008	96.648
1931.730469	96.718
1945.728638	96.786
1959.828125	96.851
1974.029907	96.914
1988.334473	96.974
2002.742798	97.032
2017.255493	97.087
2031.873291	97.140
2046.597168	97.189
2061.427734	97.236
2076.365479	97.280
2091.411865	97.321
2106.566895	97.360
2121.832031	97.396
2137.207764	97.432
2152.694824	97.468
2168.294189	97.505
2184.006592	97.545
2199.832764	97.593
2215.773682	97.650
2231.830078	97.723
2248.002686	97.817
2264.292725	97.938
2280.700684	98.091
2297.227539	98.280
2313.874268	98.505
2330.641602	98.761
2347.530273	99.037
2364.541504	99.321
2381.676025	99.600
2398.934570	99.863
2416.318359	100.100
2433.827881	100.307
2451.464355	100.483
2469.228760	100.630
2487.121826	100.752
2505.144531	100.854
2523.297852	100.937
2541.582764	101.006
2560.000000	101.064
2578.550781	101.115
2597.236084	101.160
2616.056641	101.199
2635.013672	101.233
2654.108154	101.263
2673.340820	101.290
2692.713135	101.313
2712.225586	101.333
2731.879395	101.347
2751.675781	101.358
2771.615479	101.363
2791.699707	101.363
2811.929688	101.356
2832.305908	101.343
2852.830078	101.322
2873.502930	101.293
2894.325439	101.253
2915.298828	101.204
2936.424316	101.144
2957.702881	101.074
2979.135742	100.994
3000.723633	100.904
3022.468262	100.804
3044.370117	100.696
3066.430908	100.581
3088.651611	100.461
3111.033203	100.337
3133.577148	100.209
3156.284180	100.077
3179.156006	99.942
3202.193359	99.803
3225.397949	99.658
3248.770508	99.507
3272.312500	99.350
3296.024902	99.187
3319.909180	99.019
3343.966797	98.846
3368.198486	98.670
3392.605713	98.492
3417.189941	98.313
3441.952393	98.133
3466.894287	97.954
3492.016846	97.775
3517.321289	97.598
3542.809326	97.423
3568.481934	97.250
3594.340576	97.081
3620.386719	96.915
3646.621582	96.752
3673.046387	96.593
3699.662842	96.439
3726.472168	96.289
3753.475586	96.144
3780.675049	96.004
3808.071289	95.870
3835.666016	95.743
3863.460938	95.622
3891.457275	95.509
3919.656250	95.405
3948.059814	95.310
3976.668945	95.226
4005.485596	95.155
4034.510986	95.097
4063.746582	95.053
4093.194336	95.027
4122.855469	95.020
4152.730957	95.034
4182.823730	95.070
4213.133789	95.131
4243.664062	95.222
4274.415527	95.342
4305.389648	95.496
4336.588379	95.683
4368.013184	95.905
4399.665527	96.159
4431.547363	96.444
4463.660156	96.753
4496.005371	97.080
4528.585449	97.413
4561.401367	97.740
4594.455078	98.044
4627.748535	98.310
4661.283203	98.526
4695.060547	98.680
4729.083008	98.769
4763.352051	98.791
4797.869141	98.754
4832.636719	98.668
4867.655762	98.544
4902.928711	98.395
4938.457520	98.232
4974.243652	98.065
5010.289062	97.901
5046.595703	97.747
5083.165527	97.607
5120.000000	97.484
5157.101562	97.380
5194.472168	97.296
5232.113281	97.231
5270.027344	97.185
5308.216309	97.155
5346.681641	97.141
5385.426270	97.139
5424.451172	97.147
5463.758789	97.164
5503.351562	97.188
5543.230957	97.217
5583.399414	97.250
5623.859375	97.285
5664.611816	97.320
5705.660156	97.354
5747.005859	97.385
5788.650879	97.411
5830.597656	97.431
5872.848633	97.442
5915.405762	97.443
5958.271484	97.433
6001.447266	97.410
6044.936523	97.375
6088.740234	97.328
6132.861816	97.268
6177.303223	97.197
6222.066406	97.116
6267.154297	97.027
6312.568359	96.931
6358.312012	96.830
6404.386719	96.725
6450.795898	96.618
6497.541016	96.508
6544.625000	96.395
6592.049805	96.300
6639.818359	96.291
6687.933594	96.411
6736.396973	96.525
6785.211426	96.547
6834.379883	96.596
6883.904785	96.781
6933.788574	96.991
6984.033691	97.106
7034.642578	97.182
7085.618652	97.279
7136.963867	97.416
7188.681152	97.593
7240.773438	97.809
7293.243164	98.062
7346.092773	98.354
7399.325684	98.683
7452.944336	99.049
7506.951172	99.453
7561.350098	99.893
7616.142578	100.364
7671.332031	100.859
7726.921875	101.364
7782.914551	101.859
7839.312500	102.314
7896.119629	102.690
7953.337891	102.943
8010.971191	103.034
8069.021973	102.937
8127.493164	102.649
8186.388672	102.189
8245.710938	101.592
8305.461914	100.903
8365.647461	100.162
8426.267578	99.406
8487.328125	98.658
8548.831055	97.936
8610.779297	97.250
8673.176758	96.607
8736.026367	96.009
8799.331055	95.458
8863.094727	94.953
8927.320312	94.493
8992.010742	94.080
9057.170898	93.712
9122.802734	93.390
9188.910156	93.112
9255.497070	92.877
9322.566406	92.681
9390.121094	92.523
9458.166016	92.399
9526.704102	92.305
9595.738281	92.235
9665.273438	92.183
9735.311523	92.141
9805.857422	92.099
9876.915039	92.048
9948.487305	91.978
10020.578125	91.881
10093.191406	91.751
10166.331055	91.586
10240.000000	91.386
10314.203125	91.157
10388.944336	90.905
10464.226562	90.640
10540.054688	90.373
10616.432617	90.112
10693.363281	89.866
10770.852539	89.639
10848.902344	89.438
10927.517578	89.263
11006.703125	89.114
11086.461914	88.991
11166.798828	88.890
11247.718750	88.804
11329.223633	88.729
11411.320312	88.656
11494.011719	88.579
11577.301758	88.490
11661.195312	88.385
11745.697266	88.260
11830.811523	88.116
11916.542969	87.952
12002.894531	87.772
12089.873047	87.580
12177.480469	87.383
12265.723633	87.184
12354.606445	86.990
12444.132812	86.807
12534.308594	86.638
12625.136719	86.486
12716.624023	86.350
12808.773438	86.232
12901.591797	86.133
12995.082031	86.054
13089.250000	85.996
13184.099609	85.959
13279.636719	85.944
13375.867188	85.952
13472.793945	85.985
13570.422852	86.046
13668.759766	86.136
13767.809570	86.259
13867.577148	86.419
13968.067383	86.617
14069.285156	86.855
14171.237305	87.135
14273.927734	87.466
14377.362305	87.852
14481.546875	88.289
14586.486328	88.762
14692.185547	89.238
14798.651367	89.670
14905.888672	89.991
15013.902344	90.130
15122.700195	90.025
15232.285156	89.649
15342.664062	89.029
15453.843750	88.225
15565.829102	87.312
15678.625000	86.350
15792.239258	85.385
15906.675781	84.444
16021.942383	83.547
16138.043945	82.720
16254.986328	81.987
16372.777344	81.374
16491.421875	80.885
16610.923828	80.493
16731.294922	80.116
16852.535156	79.616
16974.656250	78.831
17097.662109	77.638
17221.558594	76.015
17346.353516	74.057
17472.052734	71.927
17598.662109	69.788
17726.189453	67.761
17854.640625	65.915
17984.021484	64.272
18114.341797	62.804
18245.605469	61.504
18377.820312	60.408
18510.994141	59.511
18645.132812	58.759
18780.242188	58.106
18916.332031	57.529
19053.408203	57.037
19191.476562	56.677
19330.546875	56.443
19470.623047	56.205
19611.714844	55.888
19753.830078	55.531
19896.974609	55.150
