20.144928	96.891
20.290907	96.964
20.437943	97.038
20.586044	97.115
20.735220	97.198
20.885475	97.283
21.036821	97.369
21.189262	97.457
21.342808	97.548
21.497467	97.640
21.653246	97.736
21.810154	97.834
21.968201	97.935
22.127390	98.039
22.287735	98.146
22.449242	98.257
22.611917	98.372
22.775772	98.490
22.940815	98.613
23.107054	98.739
23.274498	98.869
23.443153	99.003
23.613033	99.140
23.784142	99.281
23.956491	99.426
24.130091	99.575
24.304947	99.729
24.481071	99.887
24.658470	100.053
24.837156	100.225
25.017136	100.404
25.198421	100.591
25.381020	100.786
25.564941	100.988
25.750195	101.199
25.936790	101.418
26.124741	101.646
26.314051	101.883
26.504732	102.132
26.696796	102.391
26.890253	102.664
27.085112	102.949
27.281382	103.247
27.479073	103.557
27.678198	103.879
27.878765	104.211
28.080786	104.553
28.284271	104.904
28.489231	105.263
28.695675	105.630
28.903616	106.006
29.113064	106.388
29.324028	106.773
29.536524	107.160
29.750557	107.540
29.966141	107.909
30.183289	108.255
30.402010	108.572
30.622314	108.851
30.844217	109.082
31.067726	109.261
31.292856	109.381
31.519617	109.440
31.748020	109.436
31.978081	109.372
32.209808	109.249
32.443211	109.073
32.678310	108.852
32.915108	108.593
33.153625	108.308
33.393871	108.006
33.635857	107.693
33.879597	107.378
34.125103	107.065
34.372387	106.757
34.621464	106.455
34.872345	106.160
35.125042	105.874
35.379574	105.599
35.635948	105.336
35.894180	105.087
36.154285	104.852
36.416275	104.631
36.680161	104.422
36.945961	104.225
37.213688	104.038
37.483353	103.862
37.754974	103.696
38.028561	103.540
38.304131	103.395
38.581699	103.261
38.861279	103.137
39.142883	103.022
39.426529	102.915
39.712231	102.816
40.000000	102.724
40.289856	102.640
40.581814	102.563
40.875885	102.493
41.172089	102.430
41.470440	102.374
41.770950	102.324
42.073643	102.281
42.378525	102.245
42.685616	102.215
42.994934	102.191
43.306492	102.173
43.620308	102.161
43.936401	102.155
44.254780	102.156
44.575470	102.163
44.898483	102.176
45.223835	102.196
45.551544	102.221
45.881630	102.253
46.214108	102.291
46.548996	102.336
46.886307	102.388
47.226067	102.449
47.568283	102.517
47.912983	102.594
48.260181	102.678
48.609894	102.769
48.962143	102.867
49.316940	102.973
49.674313	103.088
50.034271	103.211
50.396843	103.342
50.762039	103.481
51.129883	103.627
51.500389	103.782
51.873581	103.944
52.249481	104.116
52.628101	104.299
53.009464	104.494
53.393593	104.700
53.780506	104.918
54.170223	105.150
54.562763	105.394
54.958145	105.652
55.356396	105.923
55.757530	106.207
56.161572	106.503
56.568542	106.811
56.978462	107.130
57.391350	107.460
57.807232	107.799
58.226128	108.143
58.648056	108.490
59.073048	108.836
59.501114	109.176
59.932281	109.504
60.366577	109.814
60.804020	110.097
61.244629	110.344
61.688435	110.547
62.135452	110.698
62.585712	110.790
63.039234	110.819
63.496040	110.783
63.956161	110.685
64.419617	110.529
64.886421	110.320
65.356621	110.068
65.830215	109.780
66.307251	109.467
66.787743	109.136
67.271713	108.795
67.759193	108.448
68.250206	108.102
68.744774	107.759
69.242928	107.422
69.744690	107.095
70.250084	106.779
70.759148	106.474
71.271896	106.182
71.788361	105.902
72.308571	105.634
72.832550	105.379
73.360321	105.135
73.891922	104.903
74.427376	104.682
74.966705	104.472
75.509949	104.274
76.057121	104.086
76.608261	103.907
77.163399	103.739
77.722557	103.580
78.285767	103.430
78.853058	103.289
79.424461	103.156
80.000000	103.031
80.579712	102.915
81.163628	102.806
81.751770	102.706
82.344177	102.613
82.940880	102.527
83.541901	102.449
84.147285	102.377
84.757050	102.312
85.371231	102.254
85.989868	102.203
86.612984	102.157
87.240616	102.118
87.872803	102.083
88.509560	102.055
89.150940	102.032
89.796967	102.014
90.447670	102.000
91.103088	101.992
91.763260	101.989
92.428215	101.994
93.097992	102.003
93.772614	102.018
94.452133	102.037
95.136566	102.062
95.825966	102.093
96.520363	102.131
97.219788	102.176
97.924286	102.226
98.633881	102.281
99.348625	102.343
100.068542	102.411
100.793686	102.485
101.524078	102.566
102.259766	102.653
103.000778	102.747
103.747162	102.848
104.498962	102.955
105.256203	103.069
106.018929	103.190
106.787186	103.317
107.561012	103.451
108.340446	103.591
109.125526	103.738
109.916290	103.890
110.712791	104.047
111.515060	104.208
112.323143	104.373
113.137085	104.540
113.956924	104.707
114.782700	104.874
115.614464	105.038
116.452255	105.198
117.296112	105.352
118.146095	105.496
119.002228	105.629
119.864563	105.747
120.733154	105.847
121.608040	105.928
122.489258	105.986
123.376869	106.021
124.270905	106.030
125.171425	106.013
126.078468	105.969
126.992081	105.898
127.912323	105.802
128.839233	105.683
129.772842	105.542
130.713242	105.382
131.660431	105.206
132.614502	105.015
133.575485	104.814
134.543427	104.604
135.518387	104.387
136.500412	104.166
137.489548	103.943
138.485855	103.720
139.489380	103.498
140.500168	103.277
141.518295	103.059
142.543793	102.845
143.576721	102.635
144.617142	102.431
145.665100	102.231
146.720642	102.038
147.783844	101.850
148.854752	101.667
149.933411	101.490
151.019897	101.318
152.114243	101.153
153.216522	100.993
154.326797	100.839
155.445114	100.690
156.571533	100.546
157.706116	100.407
158.848923	100.273
160.000000	100.143
161.159424	100.018
162.327255	99.897
163.503540	99.780
164.688354	99.667
165.881760	99.557
167.083801	99.451
168.294571	99.349
169.514099	99.251
170.742462	99.157
171.979736	99.067
173.225967	98.981
174.481232	98.899
175.745605	98.821
177.019119	98.746
178.301880	98.674
179.593933	98.605
180.895340	98.536
182.206177	98.470
183.526520	98.404
184.856430	98.339
186.195984	98.275
187.545227	98.213
188.904266	98.152
190.273132	98.091
191.651932	98.030
193.040726	97.971
194.439575	97.912
195.848572	97.855
197.267761	97.800
198.697250	97.747
200.137085	97.694
201.587372	97.642
203.048157	97.591
204.519531	97.541
206.001556	97.493
207.494324	97.446
208.997925	97.400
210.512405	97.355
212.037857	97.310
213.574371	97.265
215.122025	97.221
216.680893	97.177
218.251053	97.133
219.832581	97.090
221.425583	97.048
223.030121	97.007
224.646286	96.967
226.274170	96.927
227.913849	96.888
229.565399	96.849
231.228928	96.811
232.904510	96.773
234.592224	96.734
236.292191	96.696
238.004456	96.658
239.729126	96.620
241.466309	96.583
243.216080	96.546
244.978516	96.510
246.753738	96.475
248.541809	96.440
250.342850	96.405
252.156937	96.370
253.984161	96.336
255.824646	96.302
257.678467	96.267
259.545685	96.233
261.426483	96.200
263.320862	96.166
265.229004	96.131
267.150970	96.097
269.086853	96.063
271.036774	96.029
273.000824	95.995
274.979095	95.961
276.971710	95.928
278.978760	95.894
281.000336	95.860
283.036591	95.826
285.087585	95.793
287.153442	95.759
289.234283	95.725
291.330200	95.691
293.441284	95.658
295.567688	95.626
297.709503	95.594
299.866821	95.564
302.039795	95.537
304.228485	95.511
306.433044	95.486
308.653595	95.463
310.890228	95.439
313.143066	95.415
315.412231	95.388
317.697845	95.360
320.000000	95.332
322.318848	95.303
324.654510	95.273
327.007080	95.242
329.376709	95.212
331.763519	95.181
334.167603	95.151
336.589142	95.121
339.028198	95.091
341.484924	95.060
343.959473	95.030
346.451935	95.000
348.962463	94.969
351.491211	94.939
354.038239	94.908
356.603760	94.878
359.187866	94.847
361.790680	94.817
364.412354	94.786
367.053040	94.754
369.712860	94.723
372.391968	94.692
375.090454	94.659
377.808533	94.626
380.546265	94.592
383.303864	94.558
386.081451	94.524
388.879150	94.489
391.697144	94.456
394.535522	94.427
397.394501	94.406
400.274170	94.398
403.174744	94.405
406.096313	94.426
409.039062	94.456
412.003113	94.484
414.988647	94.507
417.995850	94.519
421.024811	94.521
424.075714	94.515
427.148743	94.502
430.244049	94.486
433.361786	94.466
436.502106	94.446
439.665161	94.425
442.851166	94.404
446.060242	94.384
449.292572	94.363
452.548340	94.344
455.827698	94.324
459.130798	94.306
462.457855	94.288
465.809021	94.271
469.184448	94.254
472.584381	94.238
476.008911	94.222
479.458252	94.207
482.932617	94.192
486.432159	94.177
489.957031	94.163
493.507477	94.150
497.083618	94.136
500.685699	94.123
504.313873	94.111
507.968323	94.099
511.649292	94.087
515.356934	94.076
519.091370	94.065
522.852966	94.053
526.641724	94.042
530.458008	94.032
534.301941	94.021
538.173706	94.010
542.073547	94.000
546.001648	93.990
549.958191	93.980
553.943420	93.969
557.957520	93.959
562.000671	93.948
566.073181	93.937
570.175171	93.926
574.306885	93.915
578.468567	93.903
582.660400	93.891
586.882568	93.878
591.135376	93.865
595.419006	93.852
599.733643	93.839
604.079590	93.824
608.456970	93.809
612.866089	93.793
617.307190	93.775
621.780457	93.757
626.286133	93.738
630.824463	93.718
635.395691	93.697
640.000000	93.674
644.637695	93.650
649.309021	93.625
654.014160	93.599
658.753418	93.571
663.527039	93.541
668.335205	93.509
673.178284	93.476
678.056396	93.442
682.969849	93.406
687.918945	93.369
692.903870	93.329
697.924927	93.288
702.982422	93.244
708.076477	93.199
713.207520	93.152
718.375732	93.103
723.581360	93.052
728.824707	93.000
734.106079	92.945
739.425720	92.889
744.783936	92.832
750.180908	92.772
755.617065	92.711
761.092529	92.649
766.607727	92.585
772.162903	92.520
777.758301	92.452
783.394287	92.384
789.071045	92.315
794.789001	92.246
800.548340	92.176
806.349487	92.106
812.192627	92.035
818.078125	91.963
824.006226	91.891
829.977295	91.820
835.991699	91.749
842.049622	91.677
848.151428	91.607
854.297485	91.537
860.488098	91.468
866.723572	91.400
873.004211	91.333
879.330322	91.268
885.702332	91.204
892.120483	91.143
898.585144	91.083
905.096680	91.025
911.655396	90.970
918.261597	90.917
924.915710	90.867
931.618042	90.818
938.368896	90.773
945.168762	90.731
952.017822	90.692
958.916504	90.656
965.865234	90.624
972.864319	90.594
979.914062	90.568
987.014954	90.545
994.167236	90.525
1001.371399	90.509
1008.627747	90.497
1015.936646	90.489
1023.298584	90.484
1030.713867	90.483
1038.182739	90.486
1045.705933	90.493
1053.283447	90.503
1060.916016	90.516
1068.603882	90.532
1076.347412	90.552
1084.147095	90.575
1092.003296	90.603
1099.916382	90.633
1107.886841	90.666
1115.915039	90.702
1124.001343	90.742
1132.146362	90.784
1140.350342	90.829
1148.613770	90.876
1156.937134	90.926
1165.320801	90.979
1173.765137	91.034
1182.270752	91.091
1190.838013	91.151
1199.467285	91.212
1208.159180	91.275
1216.913940	91.339
1225.732178	91.406
1234.614380	91.474
1243.560913	91.544
1252.572266	91.616
1261.648926	91.689
1270.791382	91.763
1280.000000	91.838
1289.275391	91.914
1298.618042	91.991
1308.028320	92.070
1317.506836	92.149
1327.054077	92.230
1336.670410	92.312
1346.356567	92.394
1356.112793	92.477
1365.939697	92.560
1375.837891	92.644
1385.807739	92.729
1395.849854	92.814
1405.964844	92.900
1416.152954	92.986
1426.415039	93.073
1436.751465	93.161
1447.162720	93.249
1457.649414	93.336
1468.212158	93.423
1478.851440	93.512
1489.567871	93.602
1500.361816	93.693
1511.234131	93.784
1522.185059	93.875
1533.215454	93.966
1544.325806	94.057
1555.516602	94.147
1566.788574	94.237
1578.142090	94.326
1589.578003	94.414
1601.096680	94.503
1612.698975	94.592
1624.385254	94.680
1636.156250	94.768
1648.012451	94.856
1659.954590	94.943
1671.983398	95.030
1684.099243	95.117
1696.302856	95.204
1708.594971	95.290
1720.976196	95.377
1733.447144	95.465
1746.008423	95.553
1758.660645	95.642
1771.404663	95.731
1784.240967	95.821
1797.170288	95.911
1810.193359	95.999
1823.310791	96.086
1836.523193	96.171
1849.831421	96.253
1863.236084	96.333
1876.737793	96.412
1890.337524	96.489
1904.035645	96.565
1917.833008	96.639
1931.730469	96.711
1945.728638	96.779
1959.828125	96.846
1974.029907	96.910
1988.334473	96.972
2002.742798	97.031
2017.255493	97.088
2031.873291	97.142
2046.597168	97.192
2061.427734	97.239
2076.365479	97.283
2091.411865	97.325
2106.566895	97.364
2121.832031	97.402
2137.207764	97.438
2152.694824	97.474
2168.294189	97.511
2184.006592	97.551
2199.832764	97.597
2215.773682	97.653
2231.830078	97.724
2248.002686	97.815
2264.292725	97.933
2280.700684	98.082
2297.227539	98.268
2313.874268	98.488
2330.641602	98.739
2347.530273	99.012
2364.541504	99.294
2381.676025	99.573
2398.934570	99.836
2416.318359	100.076
2433.827881	100.286
2451.464355	100.466
2469.228760	100.618
2487.121826	100.746
2505.144531	100.854
2523.297852	100.945
2541.582764	101.022
2560.000000	101.087
2578.550781	101.145
2597.236084	101.195
2616.056641	101.240
2635.013672	101.281
2654.108154	101.317
2673.340820	101.349
2692.713135	101.377
2712.225586	101.402
2731.879395	101.422
2751.675781	101.438
2771.615479	101.448
2791.699707	101.453
2811.929688	101.451
2832.305908	101.442
2852.830078	101.425
2873.502930	101.400
2894.325439	101.365
2915.298828	101.321
2936.424316	101.266
2957.702881	101.201
2979.135742	101.125
3000.723633	101.039
3022.468262	100.944
3044.370117	100.840
3066.430908	100.730
3088.651611	100.613
3111.033203	100.491
3133.577148	100.367
3156.284180	100.240
3179.156006	100.109
3202.193359	99.974
3225.397949	99.834
3248.770508	99.686
3272.312500	99.533
3296.024902	99.374
3319.909180	99.210
3343.966797	99.041
3368.198486	98.869
3392.605713	98.694
3417.189941	98.518
3441.952393	98.341
3466.894287	98.163
3492.016846	97.987
3517.321289	97.811
3542.809326	97.637
3568.481934	97.465
3594.340576	97.296
3620.386719	97.130
3646.621582	96.968
3673.046387	96.810
3699.662842	96.656
3726.472168	96.506
3753.475586	96.361
3780.675049	96.222
3808.071289	96.089
3835.666016	95.962
3863.460938	95.842
3891.457275	95.729
3919.656250	95.625
3948.059814	95.530
3976.668945	95.447
4005.485596	95.375
4034.510986	95.316
4063.746582	95.272
4093.194336	95.245
4122.855469	95.236
4152.730957	95.247
4182.823730	95.279
4213.133789	95.335
4243.664062	95.416
4274.415527	95.524
4305.389648	95.660
4336.588379	95.823
4368.013184	96.013
4399.665527	96.227
4431.547363	96.460
4463.660156	96.704
4496.005371	96.951
4528.585449	97.188
4561.401367	97.403
4594.455078	97.584
4627.748535	97.718
4661.283203	97.800
4695.060547	97.827
4729.083008	97.799
4763.352051	97.723
4797.869141	97.608
4832.636719	97.465
4867.655762	97.303
4902.928711	97.132
4938.457520	96.960
4974.243652	96.793
5010.289062	96.636
5046.595703	96.494
5083.165527	96.368
5120.000000	96.261
5157.101562	96.173
5194.472168	96.104
5232.113281	96.053
5270.027344	96.020
5308.216309	96.004
5346.681641	96.002
5385.426270	96.013
5424.451172	96.034
5463.758789	96.065
5503.351562	96.103
5543.230957	96.147
5583.399414	96.195
5623.859375	96.245
5664.611816	96.297
5705.660156	96.347
5747.005859	96.394
5788.650879	96.436
5830.597656	96.472
5872.848633	96.499
5915.405762	96.516
5958.271484	96.521
6001.447266	96.514
6044.936523	96.494
6088.740234	96.460
6132.861816	96.414
6177.303223	96.357
6222.066406	96.289
6267.154297	96.213
6312.568359	96.130
6358.312012	96.042
6404.386719	95.950
6450.795898	95.857
6497.541016	95.760
6544.625000	95.660
6592.049805	95.576
6639.818359	95.571
6687.933594	95.688
6736.396973	95.806
6785.211426	95.838
6834.379883	95.892
6883.904785	96.076
6933.788574	96.290
6984.033691	96.420
7034.642578	96.512
7085.618652	96.626
7136.963867	96.779
7188.681152	96.971
7240.773438	97.202
7293.243164	97.471
7346.092773	97.778
7399.325684	98.124
7452.944336	98.510
7506.951172	98.935
7561.350098	99.399
7616.142578	99.898
7671.332031	100.427
7726.921875	100.972
7782.914551	101.514
7839.312500	102.021
7896.119629	102.454
7953.337891	102.764
8010.971191	102.906
8069.021973	102.849
8127.493164	102.584
8186.388672	102.130
8245.710938	101.526
8305.461914	100.821
8365.647461	100.061
8426.267578	99.283
8487.328125	98.516
8548.831055	97.777
8610.779297	97.078
8673.176758	96.423
8736.026367	95.815
8799.331055	95.256
8863.094727	94.745
8927.320312	94.282
8992.010742	93.866
9057.170898	93.497
9122.802734	93.174
9188.910156	92.895
9255.497070	92.660
9322.566406	92.466
9390.121094	92.313
9458.166016	92.193
9526.704102	92.104
9595.738281	92.039
9665.273438	91.992
9735.311523	91.954
9805.857422	91.919
9876.915039	91.876
9948.487305	91.815
10020.578125	91.729
10093.191406	91.612
10166.331055	91.461
10240.000000	91.276
10314.203125	91.062
10388.944336	90.826
10464.226562	90.578
10540.054688	90.327
10616.432617	90.083
10693.363281	89.852
10770.852539	89.640
10848.902344	89.454
10927.517578	89.293
11006.703125	89.159
11086.461914	89.050
11166.798828	88.963
11247.718750	88.891
11329.223633	88.830
11411.320312	88.773
11494.011719	88.711
11577.301758	88.638
11661.195312	88.550
11745.697266	88.444
11830.811523	88.317
11916.542969	88.173
12002.894531	88.013
12089.873047	87.843
12177.480469	87.666
12265.723633	87.489
12354.606445	87.317
12444.132812	87.156
12534.308594	87.010
12625.136719	86.879
12716.624023	86.764
12808.773438	86.666
12901.591797	86.585
12995.082031	86.524
13089.250000	86.482
13184.099609	86.458
13279.636719	86.454
13375.867188	86.470
13472.793945	86.509
13570.422852	86.571
13668.759766	86.660
13767.809570	86.779
13867.577148	86.930
13968.067383	87.116
14069.285156	87.337
14171.237305	87.596
14273.927734	87.898
14377.362305	88.248
14481.546875	88.638
14586.486328	89.051
14692.185547	89.451
14798.651367	89.791
14905.888672	90.011
15013.902344	90.048
15122.700195	89.855
15232.285156	89.421
15342.664062	88.774
15453.843750	87.973
15565.829102	87.081
15678.625000	86.152
15792.239258	85.220
15906.675781	84.310
16021.942383	83.441
16138.043945	82.635
16254.986328	81.919
16372.777344	81.315
16491.421875	80.831
16610.923828	80.434
16731.294922	80.042
16852.535156	79.518
16974.656250	78.702
17097.662109	77.479
17221.558594	75.835
17346.353516	73.869
17472.052734	71.741
17598.662109	69.612
17726.189453	67.597
17854.640625	65.763
17984.021484	64.124
18114.341797	62.662
18245.605469	61.367
18377.820312	60.275
18510.994141	59.382
18645.132812	58.632
18780.242188	57.977
18916.332031	57.397
19053.408203	56.910
19191.476562	56.553
19330.546875	56.309
19470.623047	56.061
19611.714844	55.738
19753.830078	55.371
19896.974609	55.024
