20.144928	95.185
20.290907	95.263
20.437943	95.341
20.586044	95.423
20.735220	95.510
20.885475	95.598
21.036821	95.687
21.189262	95.777
21.342808	95.868
21.497467	95.962
21.653246	96.058
21.810154	96.156
21.968201	96.258
22.127390	96.364
22.287735	96.474
22.449242	96.588
22.611917	96.706
22.775772	96.829
22.940815	96.956
23.107054	97.086
23.274498	97.220
23.443153	97.358
23.613033	97.498
23.784142	97.642
23.956491	97.789
24.130091	97.941
24.304947	98.097
24.481071	98.258
24.658470	98.426
24.837156	98.601
25.017136	98.783
25.198421	98.972
25.381020	99.169
25.564941	99.374
25.750195	99.586
25.936790	99.807
26.124741	100.036
26.314051	100.276
26.504732	100.526
26.696796	100.789
26.890253	101.064
27.085112	101.352
27.281382	101.654
27.479073	101.967
27.678198	102.292
27.878765	102.626
28.080786	102.970
28.284271	103.323
28.489231	103.684
28.695675	104.053
28.903616	104.431
29.113064	104.817
29.324028	105.206
29.536524	105.597
29.750557	105.981
29.966141	106.355
30.183289	106.704
30.402010	107.025
30.622314	107.306
30.844217	107.539
31.067726	107.720
31.292856	107.842
31.519617	107.903
31.748020	107.900
31.978081	107.838
32.209808	107.718
32.443211	107.545
32.678310	107.328
32.915108	107.074
33.153625	106.794
33.393871	106.497
33.635857	106.189
33.879597	105.880
34.125103	105.572
34.372387	105.269
34.621464	104.972
34.872345	104.682
35.125042	104.400
35.379574	104.128
35.635948	103.868
35.894180	103.622
36.154285	103.389
36.416275	103.170
36.680161	102.964
36.945961	102.769
37.213688	102.584
37.483353	102.409
37.754974	102.244
38.028561	102.090
38.304131	101.946
38.581699	101.813
38.861279	101.690
39.142883	101.577
39.426529	101.471
39.712231	101.374
40.000000	101.284
40.289856	101.203
40.581814	101.129
40.875885	101.063
41.172089	101.005
41.470440	100.953
41.770950	100.907
42.073643	100.867
42.378525	100.833
42.685616	100.805
42.994934	100.784
43.306492	100.769
43.620308	100.761
43.936401	100.760
44.254780	100.765
44.575470	100.776
44.898483	100.794
45.223835	100.818
45.551544	100.848
45.881630	100.885
46.214108	100.929
46.548996	100.980
46.886307	101.038
47.226067	101.103
47.568283	101.175
47.912983	101.253
48.260181	101.339
48.609894	101.431
48.962143	101.531
49.316940	101.638
49.674313	101.753
50.034271	101.875
50.396843	102.006
50.762039	102.145
51.129883	102.293
51.500389	102.450
51.873581	102.616
52.249481	102.792
52.628101	102.978
53.009464	103.175
53.393593	103.384
53.780506	103.605
54.170223	103.840
54.562763	104.087
54.958145	104.348
55.356396	104.621
55.757530	104.907
56.161572	105.206
56.568542	105.518
56.978462	105.843
57.391350	106.177
57.807232	106.519
58.226128	106.866
58.648056	107.216
59.073048	107.564
59.501114	107.907
59.932281	108.239
60.366577	108.551
60.804020	108.838
61.244629	109.089
61.688435	109.295
62.135452	109.450
62.585712	109.545
63.039234	109.578
63.496040	109.545
63.956161	109.450
64.419617	109.297
64.886421	109.092
65.356621	108.843
65.830215	108.559
66.307251	108.250
66.787743	107.922
67.271713	107.584
67.759193	107.241
68.250206	106.899
68.744774	106.560
69.242928	106.228
69.744690	105.905
70.250084	105.592
70.759148	105.290
71.271896	105.001
71.788361	104.724
72.308571	104.460
72.832550	104.209
73.360321	103.969
73.891922	103.741
74.427376	103.524
74.966705	103.318
75.509949	103.123
76.057121	102.938
76.608261	102.764
77.163399	102.600
77.722557	102.445
78.285767	102.299
78.853058	102.162
79.424461	102.033
80.000000	101.912
80.579712	101.799
81.163628	101.695
81.751770	101.599
82.344177	101.511
82.940880	101.429
83.541901	101.354
84.147285	101.287
84.757050	101.227
85.371231	101.173
85.989868	101.126
86.612984	101.085
87.240616	101.050
87.872803	101.020
88.509560	100.996
89.150940	100.977
89.796967	100.964
90.447670	100.956
91.103088	100.952
91.763260	100.955
92.428215	100.962
93.097992	100.975
93.772614	100.993
94.452133	101.017
95.136566	101.048
95.825966	101.085
96.520363	101.128
97.219788	101.177
97.924286	101.232
98.633881	101.292
99.348625	101.358
100.068542	101.430
100.793686	101.508
101.524078	101.594
102.259766	101.686
103.000778	101.784
103.747162	101.890
104.498962	102.002
105.256203	102.122
106.018929	102.247
106.787186	102.379
107.561012	102.517
108.340446	102.661
109.125526	102.812
109.916290	102.969
110.712791	103.131
111.515060	103.296
112.323143	103.464
113.137085	103.634
113.956924	103.806
114.782700	103.977
115.614464	104.147
116.452255	104.311
117.296112	104.469
118.146095	104.618
119.002228	104.756
119.864563	104.879
120.733154	104.985
121.608040	105.072
122.489258	105.136
123.376869	105.176
124.270905	105.190
125.171425	105.177
126.078468	105.139
126.992081	105.075
127.912323	104.984
128.839233	104.869
129.772842	104.733
130.713242	104.577
131.660431	104.405
132.614502	104.218
133.575485	104.020
134.543427	103.816
135.518387	103.605
136.500412	103.390
137.489548	103.171
138.485855	102.952
139.489380	102.734
140.500168	102.517
141.518295	102.304
142.543793	102.094
143.576721	101.889
144.617142	101.689
145.665100	101.494
146.720642	101.305
147.783844	101.121
148.854752	100.942
149.933411	100.770
151.019897	100.603
152.114243	100.443
153.216522	100.287
154.326797	100.137
155.445114	99.992
156.571533	99.853
157.706116	99.718
158.848923	99.588
160.000000	99.463
161.159424	99.342
162.327255	99.225
163.503540	99.111
164.688354	99.001
165.881760	98.895
167.083801	98.793
168.294571	98.694
169.514099	98.599
170.742462	98.508
171.979736	98.420
173.225967	98.336
174.481232	98.256
175.745605	98.182
177.019119	98.111
178.301880	98.043
179.593933	97.979
180.895340	97.919
182.206177	97.862
183.526520	97.807
184.856430	97.755
186.195984	97.703
187.545227	97.653
188.904266	97.604
190.273132	97.555
191.651932	97.507
193.040726	97.460
194.439575	97.412
195.848572	97.365
197.267761	97.319
198.697250	97.273
200.137085	97.228
201.587372	97.184
203.048157	97.140
204.519531	97.097
206.001556	97.054
207.494324	97.013
208.997925	96.972
210.512405	96.931
212.037857	96.891
213.574371	96.851
215.122025	96.812
216.680893	96.774
218.251053	96.736
219.832581	96.698
221.425583	96.661
223.030121	96.624
224.646286	96.588
226.274170	96.553
227.913849	96.517
229.565399	96.482
231.228928	96.447
232.904510	96.413
234.592224	96.379
236.292191	96.346
238.004456	96.314
239.729126	96.281
241.466309	96.249
243.216080	96.216
244.978516	96.184
246.753738	96.152
248.541809	96.120
250.342850	96.089
252.156937	96.058
253.984161	96.028
255.824646	95.997
257.678467	95.967
259.545685	95.937
261.426483	95.907
263.320862	95.877
265.229004	95.846
267.150970	95.817
269.086853	95.789
271.036774	95.761
273.000824	95.732
274.979095	95.703
276.971710	95.674
278.978760	95.646
281.000336	95.618
283.036591	95.590
285.087585	95.563
287.153442	95.535
289.234283	95.507
291.330200	95.480
293.441284	95.453
295.567688	95.425
297.709503	95.399
299.866821	95.372
302.039795	95.346
304.228485	95.320
306.433044	95.294
308.653595	95.267
310.890228	95.240
313.143066	95.214
315.412231	95.189
317.697845	95.163
320.000000	95.137
322.318848	95.111
324.654510	95.086
327.007080	95.061
329.376709	95.037
331.763519	95.012
334.167603	94.987
336.589142	94.961
339.028198	94.936
341.484924	94.912
343.959473	94.888
346.451935	94.864
348.962463	94.840
351.491211	94.815
354.038239	94.791
356.603760	94.766
359.187866	94.742
361.790680	94.718
364.412354	94.693
367.053040	94.667
369.712860	94.642
372.391968	94.617
375.090454	94.592
377.808533	94.567
380.546265	94.543
383.303864	94.517
386.081451	94.491
388.879150	94.464
391.697144	94.437
394.535522	94.411
397.394501	94.388
400.274170	94.367
403.174744	94.346
406.096313	94.331
409.039062	94.327
412.003113	94.333
414.988647	94.349
417.995850	94.370
421.024811	94.388
424.075714	94.400
427.148743	94.405
430.244049	94.403
433.361786	94.396
436.502106	94.385
439.665161	94.371
442.851166	94.356
446.060242	94.342
449.292572	94.327
452.548340	94.313
455.827698	94.298
459.130798	94.285
462.457855	94.271
465.809021	94.257
469.184448	94.245
472.584381	94.233
476.008911	94.222
479.458252	94.211
482.932617	94.200
486.432159	94.190
489.957031	94.180
493.507477	94.171
497.083618	94.162
500.685699	94.153
504.313873	94.145
507.968323	94.138
511.649292	94.130
515.356934	94.122
519.091370	94.115
522.852966	94.109
526.641724	94.103
530.458008	94.100
534.301941	94.095
538.173706	94.087
542.073547	94.079
546.001648	94.073
549.958191	94.067
553.943420	94.061
557.957520	94.055
562.000671	94.050
566.073181	94.044
570.175171	94.038
574.306885	94.031
578.468567	94.023
582.660400	94.015
586.882568	94.008
591.135376	94.000
595.419006	93.992
599.733643	93.983
604.079590	93.974
608.456970	93.963
612.866089	93.951
617.307190	93.938
621.780457	93.924
626.286133	93.910
630.824463	93.895
635.395691	93.879
640.000000	93.861
644.637695	93.842
649.309021	93.822
654.014160	93.799
658.753418	93.774
663.527039	93.745
668.335205	93.717
673.178284	93.691
678.056396	93.662
682.969849	93.630
687.918945	93.596
692.903870	93.560
697.924927	93.523
702.982422	93.484
708.076477	93.443
713.207520	93.399
718.375732	93.354
723.581360	93.307
728.824707	93.258
734.106079	93.208
739.425720	93.156
744.783936	93.103
750.180908	93.047
755.617065	92.990
761.092529	92.931
766.607727	92.870
772.162903	92.808
777.758301	92.745
783.394287	92.681
789.071045	92.616
794.789001	92.550
800.548340	92.484
806.349487	92.418
812.192627	92.350
818.078125	92.282
824.006226	92.214
829.977295	92.146
835.991699	92.078
842.049622	92.010
848.151428	91.944
854.297485	91.878
860.488098	91.813
866.723572	91.749
873.004211	91.686
879.330322	91.624
885.702332	91.563
892.120483	91.505
898.585144	91.448
905.096680	91.393
911.655396	91.341
918.261597	91.293
924.915710	91.248
931.618042	91.206
938.368896	91.163
945.168762	91.121
952.017822	91.085
958.916504	91.051
965.865234	91.022
972.864319	90.996
979.914062	90.973
987.014954	90.954
994.167236	90.938
1001.371399	90.925
1008.627747	90.915
1015.936646	90.910
1023.298584	90.909
1030.713867	90.912
1038.182739	90.917
1045.705933	90.926
1053.283447	90.939
1060.916016	90.955
1068.603882	90.974
1076.347412	90.997
1084.147095	91.025
1092.003296	91.056
1099.916382	91.090
1107.886841	91.126
1115.915039	91.164
1124.001343	91.206
1132.146362	91.250
1140.350342	91.298
1148.613770	91.348
1156.937134	91.402
1165.320801	91.457
1173.765137	91.514
1182.270752	91.573
1190.838013	91.634
1199.467285	91.698
1208.159180	91.764
1216.913940	91.833
1225.732178	91.903
1234.614380	91.974
1243.560913	92.046
1252.572266	92.120
1261.648926	92.195
1270.791382	92.271
1280.000000	92.348
1289.275391	92.427
1298.618042	92.506
1308.028320	92.588
1317.506836	92.669
1327.054077	92.751
1336.670410	92.834
1346.356567	92.918
1356.112793	93.003
1365.939697	93.089
1375.837891	93.174
1385.807739	93.261
1395.849854	93.347
1405.964844	93.434
1416.152954	93.522
1426.415039	93.612
1436.751465	93.703
1447.162720	93.793
1457.649414	93.884
1468.212158	93.976
1478.851440	94.069
1489.567871	94.161
1500.361816	94.251
1511.234131	94.341
1522.185059	94.431
1533.215454	94.523
1544.325806	94.614
1555.516602	94.704
1566.788574	94.795
1578.142090	94.885
1589.578003	94.976
1601.096680	95.068
1612.698975	95.158
1624.385254	95.249
1636.156250	95.339
1648.012451	95.430
1659.954590	95.520
1671.983398	95.610
1684.099243	95.700
1696.302856	95.791
1708.594971	95.882
1720.976196	95.974
1733.447144	96.065
1746.008423	96.154
1758.660645	96.244
1771.404663	96.334
1784.240967	96.422
1797.170288	96.509
1810.193359	96.595
1823.310791	96.680
1836.523193	96.764
1849.831421	96.847
1863.236084	96.929
1876.737793	97.011
1890.337524	97.094
1904.035645	97.175
1917.833008	97.254
1931.730469	97.331
1945.728638	97.407
1959.828125	97.481
1974.029907	97.553
1988.334473	97.621
2002.742798	97.687
2017.255493	97.751
2031.873291	97.813
2046.597168	97.873
2061.427734	97.931
2076.365479	97.986
2091.411865	98.038
2106.566895	98.088
2121.832031	98.137
2137.207764	98.185
2152.694824	98.233
2168.294189	98.283
2184.006592	98.335
2199.832764	98.392
2215.773682	98.457
2231.830078	98.534
2248.002686	98.626
2264.292725	98.737
2280.700684	98.872
2297.227539	99.033
2313.874268	99.222
2330.641602	99.437
2347.530273	99.671
2364.541504	99.918
2381.676025	100.166
2398.934570	100.406
2416.318359	100.629
2433.827881	100.831
2451.464355	101.012
2469.228760	101.170
2487.121826	101.306
2505.144531	101.423
2523.297852	101.525
2541.582764	101.613
2560.000000	101.690
2578.550781	101.758
2597.236084	101.819
2616.056641	101.875
2635.013672	101.926
2654.108154	101.973
2673.340820	102.016
2692.713135	102.055
2712.225586	102.090
2731.879395	102.120
2751.675781	102.146
2771.615479	102.165
2791.699707	102.180
2811.929688	102.188
2832.305908	102.188
2852.830078	102.181
2873.502930	102.165
2894.325439	102.140
2915.298828	102.105
2936.424316	102.060
2957.702881	102.005
2979.135742	101.941
3000.723633	101.869
3022.468262	101.788
3044.370117	101.702
3066.430908	101.608
3088.651611	101.510
3111.033203	101.407
3133.577148	101.299
3156.284180	101.186
3179.156006	101.066
3202.193359	100.938
3225.397949	100.803
3248.770508	100.660
3272.312500	100.510
3296.024902	100.352
3319.909180	100.189
3343.966797	100.021
3368.198486	99.849
3392.605713	99.674
3417.189941	99.498
3441.952393	99.322
3466.894287	99.146
3492.016846	98.972
3517.321289	98.798
3542.809326	98.626
3568.481934	98.457
3594.340576	98.291
3620.386719	98.126
3646.621582	97.965
3673.046387	97.807
3699.662842	97.653
3726.472168	97.504
3753.475586	97.359
3780.675049	97.220
3808.071289	97.087
3835.666016	96.960
3863.460938	96.840
3891.457275	96.728
3919.656250	96.624
3948.059814	96.528
3976.668945	96.442
4005.485596	96.367
4034.510986	96.305
4063.746582	96.257
4093.194336	96.222
4122.855469	96.202
4152.730957	96.202
4182.823730	96.219
4213.133789	96.257
4243.664062	96.318
4274.415527	96.400
4305.389648	96.503
4336.588379	96.628
4368.013184	96.772
4399.665527	96.929
4431.547363	97.096
4463.660156	97.265
4496.005371	97.429
4528.585449	97.578
4561.401367	97.705
4594.455078	97.800
4627.748535	97.861
4661.283203	97.884
4695.060547	97.871
4729.083008	97.824
4763.352051	97.749
4797.869141	97.653
4832.636719	97.542
4867.655762	97.423
4902.928711	97.301
4938.457520	97.181
4974.243652	97.067
5010.289062	96.961
5046.595703	96.867
5083.165527	96.785
5120.000000	96.715
5157.101562	96.661
5194.472168	96.621
5232.113281	96.596
5270.027344	96.585
5308.216309	96.589
5346.681641	96.608
5385.426270	96.640
5424.451172	96.684
5463.758789	96.739
5503.351562	96.804
5543.230957	96.875
5583.399414	96.950
5623.859375	97.027
5664.611816	97.101
5705.660156	97.171
5747.005859	97.234
5788.650879	97.286
5830.597656	97.325
5872.848633	97.349
5915.405762	97.354
5958.271484	97.336
6001.447266	97.285
6044.936523	97.190
6088.740234	97.092
6132.861816	97.202
6177.303223	97.547
6222.066406	97.681
6267.154297	97.574
6312.568359	97.427
6358.312012	97.301
6404.386719	97.195
6450.795898	97.102
6497.541016	97.020
6544.625000	96.950
6592.049805	96.891
6639.818359	96.847
6687.933594	96.816
6736.396973	96.802
6785.211426	96.803
6834.379883	96.822
6883.904785	96.857
6933.788574	96.907
6984.033691	96.976
7034.642578	97.099
7085.618652	97.345
7136.963867	97.688
7188.681152	97.992
7240.773438	98.241
7293.243164	98.500
7346.092773	98.796
7399.325684	99.135
7452.944336	99.517
7506.951172	99.940
7561.350098	100.403
7616.142578	100.902
7671.332031	101.430
7726.921875	101.977
7782.914551	102.521
7839.312500	103.032
7896.119629	103.469
7953.337891	103.786
8010.971191	103.936
8069.021973	103.889
8127.493164	103.636
8186.388672	103.194
8245.710938	102.603
8305.461914	101.911
8365.647461	101.163
8426.267578	100.397
8487.328125	99.641
8548.831055	98.913
8610.779297	98.224
8673.176758	97.579
8736.026367	96.980
8799.331055	96.429
8863.094727	95.926
8927.320312	95.470
8992.010742	95.061
9057.170898	94.699
9122.802734	94.382
9188.910156	94.109
9255.497070	93.879
9322.566406	93.689
9390.121094	93.538
9458.166016	93.421
9526.704102	93.334
9595.738281	93.273
9665.273438	93.228
9735.311523	93.192
9805.857422	93.152
9876.915039	93.100
9948.487305	93.024
10020.578125	92.919
10093.191406	92.781
10166.331055	92.611
10240.000000	92.412
10314.203125	92.190
10388.944336	91.955
10464.226562	91.714
10540.054688	91.476
10616.432617	91.251
10693.363281	91.047
10770.852539	90.863
10848.902344	90.701
10927.517578	90.563
11006.703125	90.448
11086.461914	90.354
11166.798828	90.276
11247.718750	90.208
11329.223633	90.145
11411.320312	90.078
11494.011719	90.001
11577.301758	89.908
11661.195312	89.797
11745.697266	89.668
11830.811523	89.520
11916.542969	89.357
12002.894531	89.184
12089.873047	89.007
12177.480469	88.831
12265.723633	88.661
12354.606445	88.503
12444.132812	88.361
12534.308594	88.239
12625.136719	88.139
12716.624023	88.063
12808.773438	88.011
12901.591797	87.982
12995.082031	87.976
13089.250000	87.993
13184.099609	88.033
13279.636719	88.097
13375.867188	88.184
13472.793945	88.296
13570.422852	88.431
13668.759766	88.592
13767.809570	88.778
13867.577148	88.992
13968.067383	89.231
14069.285156	89.494
14171.237305	89.781
14273.927734	90.093
14377.362305	90.428
14481.546875	90.774
14586.486328	91.108
14692.185547	91.398
14798.651367	91.617
14905.888672	91.756
15013.902344	91.793
15122.700195	91.654
15232.285156	91.299
15342.664062	90.773
15453.843750	90.161
15565.829102	89.508
15678.625000	88.758
15792.239258	87.917
15906.675781	87.068
16021.942383	86.251
16138.043945	85.483
16254.986328	84.784
16372.777344	84.177
16491.421875	83.672
16610.923828	83.258
16731.294922	82.886
16852.535156	82.458
16974.656250	81.836
17097.662109	80.885
17221.558594	79.537
17346.353516	77.820
17472.052734	75.849
17598.662109	73.763
17726.189453	71.680
17854.640625	69.672
17984.021484	67.763
18114.341797	65.957
18245.605469	64.249
18377.820312	62.631
18510.994141	61.100
18645.132812	59.661
18780.242188	58.317
18916.332031	57.077
19053.408203	55.933
19191.476562	54.825
19330.546875	53.648
19470.623047	52.356
19611.714844	51.048
19753.830078	49.955
19896.974609	49.227
