20.144928	93.037
20.290907	93.070
20.437943	93.103
20.586044	93.136
20.735220	93.170
20.885475	93.204
21.036821	93.237
21.189262	93.269
21.342808	93.302
21.497467	93.335
21.653246	93.368
21.810154	93.401
21.968201	93.434
22.127390	93.467
22.287735	93.501
22.449242	93.534
22.611917	93.567
22.775772	93.600
22.940815	93.633
23.107054	93.666
23.274498	93.699
23.443153	93.731
23.613033	93.762
23.784142	93.793
23.956491	93.823
24.130091	93.853
24.304947	93.882
24.481071	93.910
24.658470	93.938
24.837156	93.966
25.017136	93.995
25.198421	94.023
25.381020	94.052
25.564941	94.081
25.750195	94.110
25.936790	94.140
26.124741	94.169
26.314051	94.198
26.504732	94.226
26.696796	94.254
26.890253	94.281
27.085112	94.307
27.281382	94.333
27.479073	94.359
27.678198	94.384
27.878765	94.410
28.080786	94.436
28.284271	94.461
28.489231	94.486
28.695675	94.511
28.903616	94.535
29.113064	94.558
29.324028	94.581
29.536524	94.603
29.750557	94.626
29.966141	94.649
30.183289	94.672
30.402010	94.695
30.622314	94.717
30.844217	94.740
31.067726	94.762
31.292856	94.783
31.519617	94.803
31.748020	94.822
31.978081	94.842
32.209808	94.862
32.443211	94.883
32.678310	94.904
32.915108	94.927
33.153625	94.951
33.393871	94.974
33.635857	94.997
33.879597	95.018
34.125103	95.038
34.372387	95.056
34.621464	95.073
34.872345	95.090
35.125042	95.106
35.379574	95.123
35.635948	95.141
35.894180	95.159
36.154285	95.176
36.416275	95.193
36.680161	95.210
36.945961	95.227
37.213688	95.244
37.483353	95.261
37.754974	95.279
38.028561	95.296
38.304131	95.313
38.581699	95.330
38.861279	95.345
39.142883	95.360
39.426529	95.373
39.712231	95.387
40.000000	95.401
40.289856	95.415
40.581814	95.429
40.875885	95.442
41.172089	95.456
41.470440	95.469
41.770950	95.483
42.073643	95.497
42.378525	95.513
42.685616	95.529
42.994934	95.544
43.306492	95.560
43.620308	95.574
43.936401	95.587
44.254780	95.599
44.575470	95.611
44.898483	95.624
45.223835	95.638
45.551544	95.652
45.881630	95.668
46.214108	95.682
46.548996	95.696
46.886307	95.708
47.226067	95.720
47.568283	95.731
47.912983	95.743
48.260181	95.755
48.609894	95.767
48.962143	95.778
49.316940	95.789
49.674313	95.799
50.034271	95.810
50.396843	95.822
50.762039	95.834
51.129883	95.845
51.500389	95.854
51.873581	95.861
52.249481	95.869
52.628101	95.878
53.009464	95.891
53.393593	95.906
53.780506	95.921
54.170223	95.932
54.562763	95.940
54.958145	95.945
55.356396	95.949
55.757530	95.954
56.161572	95.961
56.568542	95.968
56.978462	95.973
57.391350	95.977
57.807232	95.981
58.226128	95.987
58.648056	95.997
59.073048	96.008
59.501114	96.019
59.932281	96.028
60.366577	96.034
60.804020	96.039
61.244629	96.045
61.688435	96.051
62.135452	96.057
62.585712	96.063
63.039234	96.069
63.496040	96.075
63.956161	96.081
64.419617	96.088
64.886421	96.094
65.356621	96.099
65.830215	96.105
66.307251	96.110
66.787743	96.115
67.271713	96.120
67.759193	96.124
68.250206	96.130
68.744774	96.135
69.242928	96.140
69.744690	96.144
70.250084	96.148
70.759148	96.152
71.271896	96.157
71.788361	96.161
72.308571	96.164
72.832550	96.167
73.360321	96.170
73.891922	96.174
74.427376	96.179
74.966705	96.184
75.509949	96.188
76.057121	96.193
76.608261	96.196
77.163399	96.199
77.722557	96.200
78.285767	96.202
78.853058	96.205
79.424461	96.207
80.000000	96.209
80.579712	96.212
81.163628	96.215
81.751770	96.218
82.344177	96.221
82.940880	96.222
83.541901	96.224
84.147285	96.226
84.757050	96.227
85.371231	96.229
85.989868	96.231
86.612984	96.232
87.240616	96.234
87.872803	96.236
88.509560	96.238
89.150940	96.239
89.796967	96.240
90.447670	96.240
91.103088	96.239
91.763260	96.238
92.428215	96.238
93.097992	96.238
93.772614	96.238
94.452133	96.239
95.136566	96.240
95.825966	96.240
96.520363	96.241
97.219788	96.240
97.924286	96.239
98.633881	96.238
99.348625	96.237
100.068542	96.236
100.793686	96.235
101.524078	96.234
102.259766	96.234
103.000778	96.233
103.747162	96.231
104.498962	96.229
105.256203	96.227
106.018929	96.224
106.787186	96.221
107.561012	96.218
108.340446	96.215
109.125526	96.212
109.916290	96.209
110.712791	96.207
111.515060	96.204
112.323143	96.201
113.137085	96.198
113.956924	96.194
114.782700	96.192
115.614464	96.190
116.452255	96.189
117.296112	96.187
118.146095	96.186
119.002228	96.184
119.864563	96.183
120.733154	96.183
121.608040	96.184
122.489258	96.184
123.376869	96.184
124.270905	96.183
125.171425	96.181
126.078468	96.179
126.992081	96.175
127.912323	96.171
128.839233	96.166
129.772842	96.162
130.713242	96.158
131.660431	96.155
132.614502	96.152
133.575485	96.148
134.543427	96.141
135.518387	96.134
136.500412	96.129
137.489548	96.125
138.485855	96.121
139.489380	96.117
140.500168	96.112
141.518295	96.107
142.543793	96.102
143.576721	96.096
144.617142	96.090
145.665100	96.085
146.720642	96.079
147.783844	96.073
148.854752	96.066
149.933411	96.059
151.019897	96.052
152.114243	96.045
153.216522	96.038
154.326797	96.030
155.445114	96.023
156.571533	96.015
157.706116	96.007
158.848923	95.998
160.000000	95.990
161.159424	95.981
162.327255	95.973
163.503540	95.965
164.688354	95.956
165.881760	95.947
167.083801	95.938
168.294571	95.929
169.514099	95.919
170.742462	95.908
171.979736	95.898
173.225967	95.888
174.481232	95.878
175.745605	95.867
177.019119	95.855
178.301880	95.845
179.593933	95.834
180.895340	95.824
182.206177	95.813
183.526520	95.803
184.856430	95.791
186.195984	95.779
187.545227	95.769
188.904266	95.758
190.273132	95.748
191.651932	95.739
193.040726	95.731
194.439575	95.722
195.848572	95.715
197.267761	95.708
198.697250	95.702
200.137085	95.697
201.587372	95.690
203.048157	95.683
204.519531	95.675
206.001556	95.668
207.494324	95.661
208.997925	95.652
210.512405	95.642
212.037857	95.632
213.574371	95.622
215.122025	95.611
216.680893	95.600
218.251053	95.589
219.832581	95.576
221.425583	95.563
223.030121	95.550
224.646286	95.537
226.274170	95.524
227.913849	95.510
229.565399	95.496
231.228928	95.482
232.904510	95.468
234.592224	95.454
236.292191	95.440
238.004456	95.425
239.729126	95.411
241.466309	95.397
243.216080	95.382
244.978516	95.367
246.753738	95.352
248.541809	95.337
250.342850	95.322
252.156937	95.306
253.984161	95.290
255.824646	95.274
257.678467	95.258
259.545685	95.242
261.426483	95.226
263.320862	95.210
265.229004	95.195
267.150970	95.179
269.086853	95.162
271.036774	95.144
273.000824	95.126
274.979095	95.109
276.971710	95.093
278.978760	95.076
281.000336	95.060
283.036591	95.043
285.087585	95.025
287.153442	95.007
289.234283	94.989
291.330200	94.971
293.441284	94.954
295.567688	94.937
297.709503	94.920
299.866821	94.902
302.039795	94.884
304.228485	94.866
306.433044	94.847
308.653595	94.829
310.890228	94.811
313.143066	94.793
315.412231	94.775
317.697845	94.758
320.000000	94.740
322.318848	94.722
324.654510	94.704
327.007080	94.686
329.376709	94.668
331.763519	94.649
334.167603	94.631
336.589142	94.613
339.028198	94.594
341.484924	94.575
343.959473	94.556
346.451935	94.539
348.962463	94.521
351.491211	94.503
354.038239	94.484
356.603760	94.465
359.187866	94.445
361.790680	94.427
364.412354	94.408
367.053040	94.389
369.712860	94.370
372.391968	94.351
375.090454	94.332
377.808533	94.312
380.546265	94.293
383.303864	94.272
386.081451	94.251
388.879150	94.230
391.697144	94.210
394.535522	94.189
397.394501	94.170
400.274170	94.151
403.174744	94.135
406.096313	94.123
409.039062	94.120
412.003113	94.124
414.988647	94.138
417.995850	94.156
421.024811	94.175
424.075714	94.191
427.148743	94.200
430.244049	94.204
433.361786	94.202
436.502106	94.198
439.665161	94.191
442.851166	94.182
446.060242	94.173
449.292572	94.164
452.548340	94.153
455.827698	94.143
459.130798	94.134
462.457855	94.124
465.809021	94.114
469.184448	94.104
472.584381	94.095
476.008911	94.087
479.458252	94.079
482.932617	94.071
486.432159	94.063
489.957031	94.057
493.507477	94.052
497.083618	94.046
500.685699	94.039
504.313873	94.033
507.968323	94.027
511.649292	94.022
515.356934	94.017
519.091370	94.013
522.852966	94.009
526.641724	94.006
530.458008	94.004
534.301941	94.000
538.173706	93.994
542.073547	93.988
546.001648	93.984
549.958191	93.979
553.943420	93.975
557.957520	93.971
562.000671	93.967
566.073181	93.963
570.175171	93.959
574.306885	93.954
578.468567	93.950
582.660400	93.944
586.882568	93.938
591.135376	93.930
595.419006	93.923
599.733643	93.915
604.079590	93.906
608.456970	93.897
612.866089	93.887
617.307190	93.875
621.780457	93.863
626.286133	93.850
630.824463	93.835
635.395691	93.819
640.000000	93.802
644.637695	93.783
649.309021	93.762
654.014160	93.741
658.753418	93.718
663.527039	93.694
668.335205	93.667
673.178284	93.639
678.056396	93.608
682.969849	93.576
687.918945	93.543
692.903870	93.507
697.924927	93.470
702.982422	93.430
708.076477	93.390
713.207520	93.347
718.375732	93.302
723.581360	93.256
728.824707	93.208
734.106079	93.159
739.425720	93.107
744.783936	93.055
750.180908	93.001
755.617065	92.946
761.092529	92.888
766.607727	92.828
772.162903	92.768
777.758301	92.707
783.394287	92.644
789.071045	92.580
794.789001	92.515
800.548340	92.449
806.349487	92.382
812.192627	92.314
818.078125	92.247
824.006226	92.180
829.977295	92.113
835.991699	92.045
842.049622	91.978
848.151428	91.911
854.297485	91.846
860.488098	91.782
866.723572	91.717
873.004211	91.654
879.330322	91.591
885.702332	91.531
892.120483	91.474
898.585144	91.419
905.096680	91.365
911.655396	91.314
918.261597	91.264
924.915710	91.217
931.618042	91.174
938.368896	91.132
945.168762	91.093
952.017822	91.057
958.916504	91.024
965.865234	90.994
972.864319	90.967
979.914062	90.944
987.014954	90.924
994.167236	90.909
1001.371399	90.897
1008.627747	90.889
1015.936646	90.884
1023.298584	90.882
1030.713867	90.885
1038.182739	90.892
1045.705933	90.901
1053.283447	90.914
1060.916016	90.930
1068.603882	90.950
1076.347412	90.974
1084.147095	91.002
1092.003296	91.032
1099.916382	91.066
1107.886841	91.103
1115.915039	91.142
1124.001343	91.185
1132.146362	91.230
1140.350342	91.278
1148.613770	91.329
1156.937134	91.382
1165.320801	91.438
1173.765137	91.497
1182.270752	91.558
1190.838013	91.622
1199.467285	91.687
1208.159180	91.753
1216.913940	91.821
1225.732178	91.891
1234.614380	91.963
1243.560913	92.036
1252.572266	92.110
1261.648926	92.186
1270.791382	92.263
1280.000000	92.341
1289.275391	92.419
1298.618042	92.499
1308.028320	92.580
1317.506836	92.662
1327.054077	92.745
1336.670410	92.828
1346.356567	92.912
1356.112793	92.997
1365.939697	93.082
1375.837891	93.168
1385.807739	93.256
1395.849854	93.343
1405.964844	93.431
1416.152954	93.518
1426.415039	93.606
1436.751465	93.697
1447.162720	93.789
1457.649414	93.881
1468.212158	93.972
1478.851440	94.064
1489.567871	94.156
1500.361816	94.247
1511.234131	94.338
1522.185059	94.428
1533.215454	94.518
1544.325806	94.608
1555.516602	94.699
1566.788574	94.790
1578.142090	94.880
1589.578003	94.970
1601.096680	95.059
1612.698975	95.150
1624.385254	95.240
1636.156250	95.330
1648.012451	95.419
1659.954590	95.508
1671.983398	95.597
1684.099243	95.687
1696.302856	95.777
1708.594971	95.866
1720.976196	95.957
1733.447144	96.048
1746.008423	96.142
1758.660645	96.238
1771.404663	96.334
1784.240967	96.431
1797.170288	96.529
1810.193359	96.626
1823.310791	96.720
1836.523193	96.812
1849.831421	96.901
1863.236084	96.989
1876.737793	97.076
1890.337524	97.162
1904.035645	97.247
1917.833008	97.330
1931.730469	97.412
1945.728638	97.493
1959.828125	97.572
1974.029907	97.648
1988.334473	97.721
2002.742798	97.792
2017.255493	97.860
2031.873291	97.927
2046.597168	97.990
2061.427734	98.050
2076.365479	98.108
2091.411865	98.164
2106.566895	98.218
2121.832031	98.270
2137.207764	98.319
2152.694824	98.367
2168.294189	98.414
2184.006592	98.462
2199.832764	98.512
2215.773682	98.564
2231.830078	98.623
2248.002686	98.691
2264.292725	98.772
2280.700684	98.870
2297.227539	98.990
2313.874268	99.136
2330.641602	99.309
2347.530273	99.509
2364.541504	99.730
2381.676025	99.966
2398.934570	100.205
2416.318359	100.437
2433.827881	100.655
2451.464355	100.854
2469.228760	101.029
2487.121826	101.183
2505.144531	101.317
2523.297852	101.434
2541.582764	101.535
2560.000000	101.625
2578.550781	101.705
2597.236084	101.778
2616.056641	101.844
2635.013672	101.906
2654.108154	101.962
2673.340820	102.014
2692.713135	102.061
2712.225586	102.102
2731.879395	102.139
2751.675781	102.168
2771.615479	102.192
2791.699707	102.209
2811.929688	102.218
2832.305908	102.221
2852.830078	102.214
2873.502930	102.199
2894.325439	102.174
2915.298828	102.139
2936.424316	102.094
2957.702881	102.037
2979.135742	101.971
3000.723633	101.893
3022.468262	101.805
3044.370117	101.709
3066.430908	101.604
3088.651611	101.492
3111.033203	101.374
3133.577148	101.251
3156.284180	101.125
3179.156006	100.994
3202.193359	100.860
3225.397949	100.721
3248.770508	100.577
3272.312500	100.431
3296.024902	100.281
3319.909180	100.126
3343.966797	99.964
3368.198486	99.800
3392.605713	99.634
3417.189941	99.466
3441.952393	99.296
3466.894287	99.126
3492.016846	98.955
3517.321289	98.786
3542.809326	98.619
3568.481934	98.454
3594.340576	98.290
3620.386719	98.130
3646.621582	97.972
3673.046387	97.817
3699.662842	97.666
3726.472168	97.519
3753.475586	97.377
3780.675049	97.240
3808.071289	97.109
3835.666016	96.984
3863.460938	96.867
3891.457275	96.756
3919.656250	96.654
3948.059814	96.561
3976.668945	96.477
4005.485596	96.404
4034.510986	96.343
4063.746582	96.294
4093.194336	96.260
4122.855469	96.241
4152.730957	96.239
4182.823730	96.257
4213.133789	96.294
4243.664062	96.352
4274.415527	96.431
4305.389648	96.532
4336.588379	96.653
4368.013184	96.791
4399.665527	96.943
4431.547363	97.104
4463.660156	97.264
4496.005371	97.417
4528.585449	97.555
4561.401367	97.668
4594.455078	97.752
4627.748535	97.800
4661.283203	97.811
4695.060547	97.787
4729.083008	97.731
4763.352051	97.649
4797.869141	97.547
4832.636719	97.432
4867.655762	97.309
4902.928711	97.185
4938.457520	97.064
4974.243652	96.949
5010.289062	96.843
5046.595703	96.748
5083.165527	96.666
5120.000000	96.598
5157.101562	96.544
5194.472168	96.506
5232.113281	96.482
5270.027344	96.474
5308.216309	96.481
5346.681641	96.503
5385.426270	96.538
5424.451172	96.584
5463.758789	96.640
5503.351562	96.704
5543.230957	96.773
5583.399414	96.846
5623.859375	96.921
5664.611816	96.994
5705.660156	97.063
5747.005859	97.125
5788.650879	97.178
5830.597656	97.219
5872.848633	97.246
5915.405762	97.254
5958.271484	97.240
6001.447266	97.193
6044.936523	97.102
6088.740234	97.008
6132.861816	97.120
6177.303223	97.469
6222.066406	97.608
6267.154297	97.505
6312.568359	97.360
6358.312012	97.238
6404.386719	97.136
6450.795898	97.047
6497.541016	96.970
6544.625000	96.904
6592.049805	96.852
6639.818359	96.814
6687.933594	96.791
6736.396973	96.785
6785.211426	96.797
6834.379883	96.825
6883.904785	96.869
6933.788574	96.928
6984.033691	97.005
7034.642578	97.133
7085.618652	97.381
7136.963867	97.725
7188.681152	98.033
7240.773438	98.288
7293.243164	98.552
7346.092773	98.855
7399.325684	99.200
7452.944336	99.588
7506.951172	100.017
7561.350098	100.483
7616.142578	100.982
7671.332031	101.506
7726.921875	102.039
7782.914551	102.561
7839.312500	103.041
7896.119629	103.438
7953.337891	103.710
8010.971191	103.818
8069.021973	103.737
8127.493164	103.463
8186.388672	103.016
8245.710938	102.432
8305.461914	101.754
8365.647461	101.024
8426.267578	100.276
8487.328125	99.537
8548.831055	98.824
8610.779297	98.148
8673.176758	97.516
8736.026367	96.931
8799.331055	96.395
8863.094727	95.909
8927.320312	95.471
8992.010742	95.081
9057.170898	94.736
9122.802734	94.435
9188.910156	94.176
9255.497070	93.956
9322.566406	93.774
9390.121094	93.628
9458.166016	93.512
9526.704102	93.425
9595.738281	93.361
9665.273438	93.315
9735.311523	93.276
9805.857422	93.234
9876.915039	93.179
9948.487305	93.101
10020.578125	92.995
10093.191406	92.856
10166.331055	92.685
10240.000000	92.487
10314.203125	92.267
10388.944336	92.034
10464.226562	91.797
10540.054688	91.564
10616.432617	91.346
10693.363281	91.148
10770.852539	90.972
10848.902344	90.819
10927.517578	90.690
11006.703125	90.585
11086.461914	90.499
11166.798828	90.429
11247.718750	90.369
11329.223633	90.310
11411.320312	90.245
11494.011719	90.169
11577.301758	90.076
11661.195312	89.962
11745.697266	89.829
11830.811523	89.677
11916.542969	89.510
12002.894531	89.334
12089.873047	89.153
12177.480469	88.975
12265.723633	88.804
12354.606445	88.646
12444.132812	88.505
12534.308594	88.385
12625.136719	88.288
12716.624023	88.215
12808.773438	88.166
12901.591797	88.141
12995.082031	88.139
13089.250000	88.159
13184.099609	88.203
13279.636719	88.272
13375.867188	88.365
13472.793945	88.481
13570.422852	88.621
13668.759766	88.786
13767.809570	88.978
13867.577148	89.195
13968.067383	89.436
14069.285156	89.701
14171.237305	89.988
14273.927734	90.296
14377.362305	90.621
14481.546875	90.950
14586.486328	91.256
14692.185547	91.508
14798.651367	91.678
14905.888672	91.760
15013.902344	91.739
15122.700195	91.553
15232.285156	91.167
15342.664062	90.627
15453.843750	90.017
15565.829102	89.380
15678.625000	88.657
15792.239258	87.853
15906.675781	87.047
16021.942383	86.278
16138.043945	85.560
16254.986328	84.912
16372.777344	84.355
16491.421875	83.898
16610.923828	83.526
16731.294922	83.181
16852.535156	82.753
16974.656250	82.096
17097.662109	81.077
17221.558594	79.640
17346.353516	77.833
17472.052734	75.784
17598.662109	73.638
17726.189453	71.509
17854.640625	69.465
17984.021484	67.530
18114.341797	65.704
18245.605469	63.983
18377.820312	62.357
18510.994141	60.828
18645.132812	59.400
18780.242188	58.077
18916.332031	56.859
19053.408203	55.724
19191.476562	54.613
19330.546875	53.448
19470.623047	52.190
19611.714844	50.941
19753.830078	49.991
19896.974609	49.717
