20.000000	93.318	-97.9106
20.299999	93.438	-98.5890
20.600000	93.556	-99.2510
20.900000	93.671	-99.8963
21.200001	93.784	-100.5426
21.400000	93.859	-100.9732
21.799999	94.005	-101.8260
22.000000	94.076	-102.2498
22.400000	94.212	-103.1089
22.700001	94.309	-103.7333
23.000000	94.404	-104.3358
23.299999	94.497	-104.9316
23.600000	94.590	-105.5118
24.000000	94.713	-106.2756
24.299999	94.803	-106.8643
24.700001	94.918	-107.6486
25.000000	94.999	-108.2229
25.400000	95.100	-108.9666
25.799999	95.199	-109.6525
26.200001	95.300	-110.3013
26.500000	95.379	-110.7834
26.900000	95.486	-111.4358
27.200001	95.566	-111.9452
27.600000	95.667	-112.6425
28.000000	95.763	-113.3383
28.500000	95.875	-114.1892
29.000000	95.982	-114.9995
29.500000	96.089	-115.7962
30.000000	96.195	-116.5900
30.400000	96.277	-117.2364
30.700001	96.337	-117.7217
31.100000	96.412	-118.3642
31.500000	96.483	-118.9976
32.000000	96.570	-119.7554
32.500000	96.656	-120.4978
33.000000	96.742	-121.2337
33.500000	96.825	-121.9809
34.000000	96.902	-122.7187
34.500000	96.975	-123.4360
35.000000	97.048	-124.1259
35.500000	97.121	-124.8114
36.000000	97.193	-125.5023
36.500000	97.261	-126.1982
37.000000	97.325	-126.8804
37.500000	97.387	-127.5477
38.200001	97.471	-128.4637
38.700001	97.529	-129.1143
39.500000	97.616	-130.1337
40.000000	97.669	-130.7539
40.599998	97.731	-131.4967
41.200001	97.791	-132.2292
41.799999	97.848	-132.9448
42.500000	97.913	-133.7659
43.099998	97.967	-134.4745
43.700001	98.015	-135.1813
44.400002	98.065	-135.9571
45.000000	98.108	-136.5783
45.500000	98.146	-137.0937
46.200001	98.196	-137.8291
46.799999	98.232	-138.4468
47.500000	98.270	-139.1089
48.200001	98.310	-139.7128
48.700001	98.342	-140.1295
49.400002	98.389	-140.7156
50.000000	98.430	-141.2247
50.799999	98.482	-141.9225
51.500000	98.525	-142.5694
52.200001	98.564	-143.2551
53.000000	98.599	-144.0399
53.799999	98.629	-144.7853
54.500000	98.656	-145.4311
55.200001	98.680	-146.0846
56.000000	98.700	-146.8074
57.000000	98.724	-147.6669
58.000000	98.745	-148.5123
59.000000	98.762	-149.3300
60.000000	98.779	-150.1358
60.799999	98.790	-150.7856
61.500000	98.797	-151.3434
62.200001	98.803	-151.8837
63.000000	98.814	-152.5002
64.000000	98.827	-153.2792
65.000000	98.837	-153.9971
66.000000	98.854	-154.6681
67.000000	98.872	-155.3604
68.000000	98.886	-156.0499
69.000000	98.896	-156.7314
70.000000	98.901	-157.3868
71.000000	98.904	-158.0132
72.000000	98.908	-158.6346
73.000000	98.909	-159.2511
74.000000	98.908	-159.8423
75.000000	98.909	-160.4307
76.199997	98.907	-161.1377
77.500000	98.902	-161.8629
78.800003	98.895	-162.5667
80.000000	98.885	-163.1952
81.199997	98.871	-163.8012
82.500000	98.852	-164.4351
83.800003	98.832	-165.0474
85.000000	98.815	-165.5879
86.199997	98.800	-166.1239
87.500000	98.785	-166.7130
88.500000	98.771	-167.1677
90.000000	98.746	-167.8270
91.199997	98.723	-168.3347
92.500000	98.696	-168.8685
93.800003	98.668	-169.3847
95.000000	98.642	-169.8502
96.199997	98.616	-170.3007
97.500000	98.587	-170.7699
98.800003	98.558	-171.2291
100.000000	98.530	-171.6426
101.500000	98.492	-172.1217
103.000000	98.454	-172.5861
104.400002	98.419	-173.0072
106.000000	98.381	-173.4784
107.500000	98.346	-173.9228
109.000000	98.309	-174.3624
110.599998	98.269	-174.8228
112.000000	98.231	-175.2088
113.800003	98.181	-175.6917
115.000000	98.148	-176.0093
117.199997	98.086	-176.5781
118.000000	98.063	-176.7770
120.599998	97.985	-177.4003
122.000000	97.941	-177.6918
124.099998	97.878	-178.1097
125.000000	97.852	-178.2852
126.500000	97.812	-178.5716
128.000000	97.776	-178.8462
131.500000	97.691	-179.4352
132.000000	97.679	-179.5108
134.000000	97.627	-179.7924
136.000000	97.573	179.9634
138.000000	97.518	179.7594
140.000000	97.462	179.6179
143.000000	97.384	179.5358
145.000000	97.342	179.5703
147.500000	97.308	179.6862
150.000000	97.303	179.7908
152.500000	97.320	179.7751
155.000000	97.340	179.5867
157.500000	97.352	179.2870
160.000000	97.348	178.9349
162.500000	97.329	178.5745
165.000000	97.300	178.2003
167.500000	97.264	177.8081
170.000000	97.220	177.4121
172.500000	97.167	177.0370
175.000000	97.106	176.7014
177.500000	97.041	176.4111
180.000000	96.974	176.1763
182.500000	96.908	175.9804
185.000000	96.844	175.8320
187.500000	96.782	175.7116
190.000000	96.722	175.6123
192.500000	96.667	175.5268
195.000000	96.614	175.4545
197.500000	96.563	175.3827
200.000000	96.515	175.3215
203.000000	96.462	175.2322
206.000000	96.411	175.1678
209.000000	96.362	175.1243
212.000000	96.317	175.0855
214.000000	96.288	175.0553
218.000000	96.232	174.9839
220.000000	96.203	174.9384
224.000000	96.142	174.8530
227.000000	96.093	174.8112
230.000000	96.044	174.7979
233.000000	95.997	174.8065
236.000000	95.953	174.8250
240.000000	95.900	174.8740
243.000000	95.863	174.9170
247.000000	95.815	174.9608
250.000000	95.778	174.9790
254.000000	95.723	174.9821
258.000000	95.664	174.9944
262.000000	95.607	175.0205
265.000000	95.563	175.0431
269.000000	95.505	175.0774
272.000000	95.461	175.1096
276.000000	95.403	175.1567
280.000000	95.346	175.2180
285.000000	95.275	175.3172
290.000000	95.205	175.4319
295.000000	95.138	175.5546
300.000000	95.072	175.6933
304.000000	95.020	175.8202
307.000000	94.983	175.9099
311.000000	94.934	176.0407
315.000000	94.890	176.1754
320.000000	94.843	176.3479
325.000000	94.800	176.5353
330.000000	94.761	176.7221
335.000000	94.722	176.9116
340.000000	94.684	177.1138
345.000000	94.648	177.3156
350.000000	94.613	177.5212
355.000000	94.577	177.7305
360.000000	94.543	177.9412
365.000000	94.512	178.1554
370.000000	94.482	178.3752
375.000000	94.452	178.5977
382.000000	94.410	178.9177
387.000000	94.383	179.1483
395.000000	94.339	179.5250
400.000000	94.313	179.7447
406.000000	94.282	-179.9624
412.000000	94.252	-179.6720
418.000000	94.223	-179.3836
425.000000	94.190	-179.0394
431.000000	94.164	-178.7483
437.000000	94.138	-178.4455
444.000000	94.108	-178.0922
450.000000	94.084	-177.7874
455.000000	94.065	-177.5416
462.000000	94.039	-177.1894
468.000000	94.017	-176.8833
475.000000	93.993	-176.5222
482.000000	93.969	-176.1628
487.000000	93.953	-175.8986
494.000000	93.933	-175.5359
500.000000	93.917	-175.2325
508.000000	93.899	-174.8033
515.000000	93.886	-174.4387
522.000000	93.873	-174.0632
530.000000	93.859	-173.6368
538.000000	93.846	-173.2114
545.000000	93.837	-172.8352
552.000000	93.827	-172.4594
560.000000	93.817	-172.0213
570.000000	93.805	-171.4789
580.000000	93.796	-170.9322
590.000000	93.788	-170.3772
600.000000	93.781	-169.8193
608.000000	93.776	-169.3753
615.000000	93.773	-168.9829
622.000000	93.771	-168.5962
630.000000	93.772	-168.1414
640.000000	93.779	-167.5715
650.000000	93.791	-167.0033
660.000000	93.804	-166.4199
670.000000	93.818	-165.8431
680.000000	93.834	-165.2559
690.000000	93.851	-164.6706
700.000000	93.870	-164.0797
710.000000	93.890	-163.4883
720.000000	93.912	-162.8922
730.000000	93.935	-162.2832
740.000000	93.961	-161.6842
750.000000	93.988	-161.0840
762.000000	94.023	-160.3458
775.000000	94.063	-159.5571
788.000000	94.106	-158.7586
800.000000	94.146	-158.0192
812.000000	94.182	-157.2825
825.000000	94.221	-156.4784
838.000000	94.263	-155.6764
850.000000	94.305	-154.9444
862.000000	94.352	-154.2158
875.000000	94.406	-153.4346
885.000000	94.451	-152.8410
900.000000	94.522	-151.9574
912.000000	94.584	-151.2673
925.000000	94.654	-150.5328
938.000000	94.728	-149.8035
950.000000	94.801	-149.1606
962.000000	94.877	-148.5372
975.000000	94.962	-147.8771
988.000000	95.046	-147.2353
1000.000000	95.118	-146.6600
1015.000000	95.193	-145.9899
1030.000000	95.262	-145.3656
1044.000000	95.327	-144.8117
1060.000000	95.403	-144.2314
1075.000000	95.477	-143.7179
1090.000000	95.552	-143.2552
1106.000000	95.632	-142.8125
1120.000000	95.702	-142.4569
1138.000000	95.791	-142.0595
1150.000000	95.849	-141.7987
1172.000000	95.953	-141.3997
1180.000000	95.989	-141.2703
1206.000000	96.105	-140.9104
1220.000000	96.165	-140.7351
1241.000000	96.256	-140.5061
1250.000000	96.299	-140.4126
1265.000000	96.377	-140.2816
1280.000000	96.460	-140.1579
1315.000000	96.649	-139.8959
1320.000000	96.675	-139.8638
1340.000000	96.776	-139.7297
1360.000000	96.875	-139.6143
1380.000000	96.969	-139.4928
1400.000000	97.061	-139.3761
1430.000000	97.194	-139.1926
1450.000000	97.280	-139.0721
1475.000000	97.385	-138.9227
1500.000000	97.489	-138.7726
1525.000000	97.591	-138.6271
1550.000000	97.692	-138.4688
1575.000000	97.792	-138.3375
1600.000000	97.895	-138.1779
1625.000000	98.001	-138.0430
1650.000000	98.109	-137.9032
1675.000000	98.218	-137.7766
1700.000000	98.326	-137.6535
1725.000000	98.434	-137.5416
1750.000000	98.543	-137.4323
1775.000000	98.651	-137.3470
1800.000000	98.758	-137.2628
1825.000000	98.866	-137.1827
1850.000000	98.973	-137.1355
1875.000000	99.080	-137.0857
1900.000000	99.187	-137.0542
1925.000000	99.292	-137.0381
1950.000000	99.397	-137.0295
1975.000000	99.502	-137.0423
2000.000000	99.607	-137.0718
2030.000000	99.734	-137.1163
2060.000000	99.861	-137.1815
2090.000000	99.986	-137.2510
2120.000000	100.112	-137.3634
2140.000000	100.195	-137.4498
2180.000000	100.359	-137.6511
2200.000000	100.439	-137.7791
2240.000000	100.597	-138.0477
2270.000000	100.713	-138.2866
2300.000000	100.825	-138.5385
2330.000000	100.935	-138.8069
2360.000000	101.043	-139.1091
2400.000000	101.181	-139.5316
2430.000000	101.281	-139.8617
2470.000000	101.409	-140.3338
2500.000000	101.502	-140.7217
2540.000000	101.621	-141.2516
2580.000000	101.734	-141.8192
2620.000000	101.839	-142.4209
2650.000000	101.912	-142.8916
2690.000000	102.002	-143.5300
2720.000000	102.064	-144.0297
2760.000000	102.139	-144.6996
2800.000000	102.205	-145.3732
2850.000000	102.276	-146.2255
2900.000000	102.333	-147.0724
2950.000000	102.378	-147.9116
3000.000000	102.410	-148.7211
3040.000000	102.426	-149.3556
3070.000000	102.434	-149.8190
3110.000000	102.440	-150.4126
3150.000000	102.443	-150.9794
3200.000000	102.448	-151.6398
3250.000000	102.452	-152.2359
3300.000000	102.452	-152.8117
3350.000000	102.448	-153.3672
3400.000000	102.437	-153.8940
3450.000000	102.418	-154.3951
3500.000000	102.390	-154.8618
3550.000000	102.356	-155.2529
3600.000000	102.317	-155.5965
3650.000000	102.274	-155.8716
3700.000000	102.229	-156.0908
3750.000000	102.183	-156.2635
3820.000000	102.121	-156.3974
3870.000000	102.080	-156.4588
3950.000000	102.014	-156.4853
4000.000000	101.964	-156.4737
4060.000000	101.889	-156.4291
4120.000000	101.804	-156.3579
4180.000000	101.719	-156.2373
4250.000000	101.621	-156.0520
4310.000000	101.541	-155.8536
4370.000000	101.462	-155.6153
4440.000000	101.375	-155.3268
4500.000000	101.304	-155.0317
4550.000000	101.247	-154.7791
4620.000000	101.171	-154.3951
4680.000000	101.111	-154.0555
4750.000000	101.046	-153.6388
4820.000000	100.985	-153.2192
4870.000000	100.945	-152.9267
4940.000000	100.892	-152.5027
5000.000000	100.851	-152.1531
5080.000000	100.805	-151.6568
5150.000000	100.768	-151.2269
5220.000000	100.734	-150.7868
5300.000000	100.698	-150.2819
5380.000000	100.665	-149.7525
5450.000000	100.638	-149.2936
5520.000000	100.613	-148.8248
5600.000000	100.586	-148.2880
5700.000000	100.552	-147.5869
5800.000000	100.521	-146.8155
5900.000000	100.497	-145.9789
6000.000000	100.489	-145.0780
6080.000000	100.497	-144.3141
6150.000000	100.514	-143.6537
6220.000000	100.540	-142.9882
6300.000000	100.577	-142.2575
6400.000000	100.632	-141.3495
6500.000000	100.706	-140.5224
6600.000000	100.806	-139.8002
6700.000000	100.932	-139.2511
6800.000000	101.077	-138.8948
6900.000000	101.234	-138.7803
7000.000000	101.397	-138.8954
7100.000000	101.558	-139.2098
7200.000000	101.720	-139.6651
7300.000000	101.889	-140.2440
7400.000000	102.078	-140.9738
7500.000000	102.307	-141.9131
7620.000000	102.653	-143.6301
7750.000000	103.089	-146.8526
7880.000000	103.480	-152.0191
8000.000000	103.651	-158.6018
8120.000000	103.504	-166.2859
8250.000000	102.916	-174.7116
8380.000000	101.923	178.0183
8500.000000	100.757	172.9958
8620.000000	99.466	169.7782
8750.000000	98.028	168.1761
8850.000000	96.939	168.0469
9000.000000	95.377	169.3411
9120.000000	94.202	171.3539
9250.000000	93.006	174.3316
9380.000000	91.888	177.9472
9500.000000	90.919	-178.2401
9620.000000	90.003	-173.9767
9750.000000	89.066	-168.9208
9880.000000	88.183	-163.4029
10000.000000	87.414	-157.8063
10150.000000	86.522	-150.0972
10300.000000	85.729	-141.3390
10440.000000	85.125	-132.0168
10600.000000	84.715	-119.9113
10750.000000	84.756	-107.7016
10900.000000	85.298	-96.2845
11060.000000	86.299	-87.0816
11200.000000	87.269	-82.4648
11380.000000	88.273	-80.3271
11500.000000	88.690	-80.1003
11720.000000	88.970	-79.7505
11800.000000	88.964	-79.2417
12060.000000	88.793	-75.7330
12200.000000	88.696	-72.7999
12410.000000	88.622	-67.5090
12500.000000	88.627	-64.9855
12650.000000	88.687	-60.5756
12800.000000	88.818	-56.0495
13150.000000	89.421	-45.2745
13200.000000	89.543	-43.7456
13400.000000	90.127	-37.7847
13600.000000	90.876	-32.1601
13800.000000	91.805	-27.1114
14000.000000	92.934	-22.9162
14300.000000	95.047	-19.2459
14500.000000	96.746	-19.6542
14750.000000	98.991	-25.5647
15000.000000	100.766	-38.6136
15250.000000	101.323	-56.3306
15500.000000	100.482	-72.8086
15750.000000	98.811	-83.8114
16000.000000	97.044	-89.3584
16250.000000	95.602	-91.6435
16500.000000	94.460	-92.6781
16750.000000	93.419	-93.4415
17000.000000	92.288	-94.0668
17250.000000	90.936	-93.4431
17500.000000	89.438	-89.7377
17750.000000	88.195	-82.5628
18000.000000	87.509	-74.6846
18250.000000	87.122	-68.6945
18500.000000	86.731	-64.0345
18750.000000	86.232	-59.5462
19000.000000	85.661	-54.6645
19250.000000	85.078	-49.0071
19500.000000	84.533	-42.5474
19750.000000	84.087	-35.2361
20000.000000	83.843	-26.5423
