20.000000	98.184	-113.1107
20.299999	98.273	-113.9119
20.600000	98.360	-114.6840
20.900000	98.445	-115.4294
21.200001	98.530	-116.1699
21.400000	98.586	-116.6629
21.799999	98.698	-117.6475
22.000000	98.752	-118.1430
22.400000	98.852	-119.1558
22.700001	98.922	-119.8975
23.000000	98.986	-120.6088
23.299999	99.049	-121.2981
23.600000	99.113	-121.9562
24.000000	99.202	-122.8166
24.299999	99.271	-123.4908
24.700001	99.358	-124.4236
25.000000	99.414	-125.1293
25.400000	99.475	-126.0414
25.799999	99.529	-126.8467
26.200001	99.588	-127.5549
26.500000	99.642	-128.0649
26.900000	99.724	-128.7806
27.200001	99.786	-129.3776
27.600000	99.858	-130.2343
28.000000	99.913	-131.0847
28.500000	99.965	-132.0404
29.000000	100.024	-132.8626
29.500000	100.098	-133.6876
30.000000	100.174	-134.6032
30.400000	100.223	-135.3873
30.700001	100.253	-135.9655
31.100000	100.285	-136.6926
31.500000	100.317	-137.3724
32.000000	100.361	-138.1853
32.500000	100.407	-139.0157
33.000000	100.448	-139.8444
33.500000	100.483	-140.6421
34.000000	100.519	-141.3940
34.500000	100.559	-142.1366
35.000000	100.599	-142.8886
35.500000	100.635	-143.6464
36.000000	100.667	-144.3810
36.500000	100.698	-145.0891
37.000000	100.730	-145.7825
37.500000	100.761	-146.4852
38.200001	100.798	-147.4768
38.700001	100.818	-148.1720
39.500000	100.841	-149.2292
40.000000	100.854	-149.8541
40.599998	100.869	-150.5813
41.200001	100.886	-151.2905
41.799999	100.902	-152.0010
42.500000	100.917	-152.8250
43.099998	100.926	-153.5013
43.700001	100.937	-154.1533
44.400002	100.951	-154.9044
45.000000	100.962	-155.5396
45.500000	100.969	-156.0519
46.200001	100.981	-156.7386
46.799999	100.993	-157.3169
47.500000	101.005	-157.9808
48.200001	101.017	-158.6214
48.700001	101.026	-159.0715
49.400002	101.036	-159.7047
50.000000	101.040	-160.2424
50.799999	101.040	-160.9460
51.500000	101.038	-161.5700
52.200001	101.030	-162.2094
53.000000	101.016	-162.9250
53.799999	101.001	-163.6006
54.500000	100.991	-164.1887
55.200001	100.982	-164.8003
56.000000	100.965	-165.5034
57.000000	100.937	-166.3302
58.000000	100.910	-167.1014
59.000000	100.884	-167.8331
60.000000	100.858	-168.5508
60.799999	100.835	-169.1180
61.500000	100.812	-169.5960
62.200001	100.789	-170.0565
63.000000	100.765	-170.5678
64.000000	100.742	-171.2014
65.000000	100.722	-171.8503
66.000000	100.697	-172.4889
67.000000	100.671	-173.0942
68.000000	100.645	-173.6647
69.000000	100.622	-174.2251
70.000000	100.598	-174.7873
71.000000	100.569	-175.3342
72.000000	100.540	-175.8548
73.000000	100.511	-176.3618
74.000000	100.482	-176.8560
75.000000	100.452	-177.3455
76.199997	100.415	-177.9175
77.500000	100.374	-178.5041
78.800003	100.332	-179.0654
80.000000	100.293	-179.5665
81.199997	100.251	179.9392
82.500000	100.202	179.4131
83.800003	100.151	178.9117
85.000000	100.105	178.4676
86.199997	100.058	178.0294
87.500000	100.007	177.5840
88.500000	99.969	177.2574
90.000000	99.914	176.7780
91.199997	99.870	176.3902
92.500000	99.820	175.9742
93.800003	99.768	175.5898
95.000000	99.722	175.2471
96.199997	99.676	174.9111
97.500000	99.626	174.5631
98.800003	99.576	174.2298
100.000000	99.529	173.9283
101.500000	99.470	173.5741
103.000000	99.411	173.2296
104.400002	99.357	172.9136
106.000000	99.296	172.5544
107.500000	99.236	172.2254
109.000000	99.177	171.9136
110.599998	99.113	171.5925
112.000000	99.057	171.3253
113.800003	98.985	170.9994
115.000000	98.936	170.7895
117.199997	98.848	170.4146
118.000000	98.816	170.2881
120.599998	98.711	169.9046
122.000000	98.655	169.7111
124.099998	98.572	169.4333
125.000000	98.538	169.3195
126.500000	98.485	169.1423
128.000000	98.436	168.9814
131.500000	98.325	168.6529
132.000000	98.309	168.6169
134.000000	98.245	168.5036
136.000000	98.183	168.4255
138.000000	98.123	168.3782
140.000000	98.068	168.3681
143.000000	98.001	168.3741
145.000000	97.963	168.3828
147.500000	97.923	168.3830
150.000000	97.888	168.3520
152.500000	97.858	168.2959
155.000000	97.832	168.1882
157.500000	97.806	168.0209
160.000000	97.769	167.8087
162.500000	97.716	167.5912
165.000000	97.654	167.3838
167.500000	97.586	167.2033
170.000000	97.516	167.0490
172.500000	97.446	166.9185
175.000000	97.374	166.8089
177.500000	97.303	166.7167
180.000000	97.231	166.6527
182.500000	97.161	166.6044
185.000000	97.092	166.5868
187.500000	97.025	166.5861
190.000000	96.960	166.5946
192.500000	96.897	166.6066
195.000000	96.837	166.6273
197.500000	96.778	166.6495
200.000000	96.721	166.6826
203.000000	96.655	166.7075
206.000000	96.591	166.7561
209.000000	96.529	166.8244
212.000000	96.470	166.9066
214.000000	96.431	166.9662
218.000000	96.360	167.0967
220.000000	96.326	167.1582
224.000000	96.259	167.2703
227.000000	96.208	167.3439
230.000000	96.156	167.4249
233.000000	96.105	167.5309
236.000000	96.055	167.6454
240.000000	95.992	167.8028
243.000000	95.948	167.9346
247.000000	95.888	168.1070
250.000000	95.843	168.2249
254.000000	95.780	168.3744
258.000000	95.717	168.5244
262.000000	95.653	168.6812
265.000000	95.604	168.8046
269.000000	95.540	168.9703
272.000000	95.493	169.0982
276.000000	95.432	169.2719
280.000000	95.371	169.4547
285.000000	95.297	169.6911
290.000000	95.225	169.9392
295.000000	95.155	170.1876
300.000000	95.086	170.4455
304.000000	95.033	170.6639
307.000000	94.994	170.8198
311.000000	94.944	171.0346
315.000000	94.898	171.2529
320.000000	94.848	171.5273
325.000000	94.803	171.8121
330.000000	94.761	172.0960
335.000000	94.719	172.3787
340.000000	94.679	172.6691
345.000000	94.640	172.9596
350.000000	94.603	173.2532
355.000000	94.567	173.5476
360.000000	94.532	173.8395
365.000000	94.497	174.1406
370.000000	94.463	174.4491
375.000000	94.432	174.7507
382.000000	94.389	175.1763
387.000000	94.360	175.4844
395.000000	94.314	175.9774
400.000000	94.286	176.2701
406.000000	94.254	176.6470
412.000000	94.223	177.0194
418.000000	94.192	177.3879
425.000000	94.159	177.8210
431.000000	94.131	178.1870
437.000000	94.104	178.5615
444.000000	94.074	178.9967
450.000000	94.049	179.3727
455.000000	94.029	179.6770
462.000000	94.002	-179.8907
468.000000	93.980	-179.5181
475.000000	93.955	-179.0805
482.000000	93.931	-178.6465
487.000000	93.915	-178.3323
494.000000	93.893	-177.8979
500.000000	93.877	-177.5334
508.000000	93.859	-177.0275
515.000000	93.846	-176.5964
522.000000	93.833	-176.1568
530.000000	93.819	-175.6593
538.000000	93.806	-175.1621
545.000000	93.796	-174.7217
552.000000	93.786	-174.2836
560.000000	93.776	-173.7811
570.000000	93.765	-173.1608
580.000000	93.755	-172.5312
590.000000	93.747	-171.9016
600.000000	93.741	-171.2690
608.000000	93.737	-170.7661
615.000000	93.734	-170.3219
622.000000	93.732	-169.8858
630.000000	93.734	-169.3762
640.000000	93.741	-168.7399
650.000000	93.754	-168.1042
660.000000	93.768	-167.4578
670.000000	93.783	-166.8257
680.000000	93.800	-166.1802
690.000000	93.819	-165.5336
700.000000	93.838	-164.8824
710.000000	93.859	-164.2318
720.000000	93.882	-163.5795
730.000000	93.907	-162.9178
740.000000	93.932	-162.2664
750.000000	93.960	-161.6151
762.000000	93.996	-160.8214
775.000000	94.038	-159.9683
788.000000	94.082	-159.1061
800.000000	94.122	-158.3136
812.000000	94.159	-157.5243
825.000000	94.199	-156.6652
838.000000	94.243	-155.8126
850.000000	94.286	-155.0379
862.000000	94.333	-154.2629
875.000000	94.389	-153.4286
885.000000	94.435	-152.7940
900.000000	94.508	-151.8513
912.000000	94.570	-151.1154
925.000000	94.640	-150.3328
938.000000	94.716	-149.5548
950.000000	94.789	-148.8675
962.000000	94.865	-148.2034
975.000000	94.950	-147.4996
988.000000	95.036	-146.8130
1000.000000	95.109	-146.1980
1015.000000	95.186	-145.4785
1030.000000	95.256	-144.8038
1044.000000	95.322	-144.2034
1060.000000	95.400	-143.5728
1075.000000	95.475	-143.0115
1090.000000	95.551	-142.5015
1106.000000	95.632	-142.0109
1120.000000	95.703	-141.6127
1138.000000	95.793	-141.1611
1150.000000	95.853	-140.8665
1172.000000	95.958	-140.4052
1180.000000	95.996	-140.2529
1206.000000	96.114	-139.8193
1220.000000	96.176	-139.6046
1241.000000	96.269	-139.3199
1250.000000	96.313	-139.2030
1265.000000	96.393	-139.0327
1280.000000	96.478	-138.8708
1315.000000	96.671	-138.5223
1320.000000	96.698	-138.4781
1340.000000	96.802	-138.2965
1360.000000	96.903	-138.1355
1380.000000	97.000	-137.9712
1400.000000	97.095	-137.8123
1430.000000	97.232	-137.5686
1450.000000	97.321	-137.4118
1475.000000	97.430	-137.2175
1500.000000	97.537	-137.0253
1525.000000	97.642	-136.8376
1550.000000	97.746	-136.6390
1575.000000	97.849	-136.4713
1600.000000	97.954	-136.2776
1625.000000	98.063	-136.1093
1650.000000	98.174	-135.9381
1675.000000	98.285	-135.7817
1700.000000	98.396	-135.6302
1725.000000	98.506	-135.4903
1750.000000	98.616	-135.3520
1775.000000	98.726	-135.2341
1800.000000	98.837	-135.1175
1825.000000	98.948	-135.0084
1850.000000	99.061	-134.9395
1875.000000	99.173	-134.8800
1900.000000	99.283	-134.8502
1925.000000	99.393	-134.8442
1950.000000	99.500	-134.8498
1975.000000	99.606	-134.8770
2000.000000	99.710	-134.9241
2030.000000	99.835	-134.9912
2060.000000	99.959	-135.0789
2090.000000	100.080	-135.1717
2120.000000	100.199	-135.3048
2140.000000	100.276	-135.4021
2180.000000	100.429	-135.6183
2200.000000	100.503	-135.7485
2240.000000	100.648	-136.0110
2270.000000	100.753	-136.2415
2300.000000	100.854	-136.4807
2330.000000	100.953	-136.7326
2360.000000	101.047	-137.0145
2400.000000	101.167	-137.4028
2430.000000	101.253	-137.7021
2470.000000	101.360	-138.1250
2500.000000	101.437	-138.4664
2540.000000	101.532	-138.9185
2580.000000	101.619	-139.3879
2620.000000	101.698	-139.8641
2650.000000	101.751	-140.2239
2690.000000	101.816	-140.6963
2720.000000	101.859	-141.0565
2760.000000	101.909	-141.5191
2800.000000	101.951	-141.9576
2850.000000	101.992	-142.4662
2900.000000	102.023	-142.9004
2950.000000	102.050	-143.2414
3000.000000	102.079	-143.4712
3040.000000	102.112	-143.6147
3070.000000	102.144	-143.7272
3110.000000	102.195	-143.9227
3150.000000	102.251	-144.2046
3200.000000	102.320	-144.6596
3250.000000	102.374	-145.1455
3300.000000	102.413	-145.6248
3350.000000	102.440	-146.0557
3400.000000	102.462	-146.4275
3450.000000	102.480	-146.7717
3500.000000	102.493	-147.1046
3550.000000	102.501	-147.3913
3600.000000	102.504	-147.6566
3650.000000	102.502	-147.8753
3700.000000	102.497	-148.0534
3750.000000	102.491	-148.1983
3820.000000	102.485	-148.3128
3870.000000	102.482	-148.3783
3950.000000	102.476	-148.4361
4000.000000	102.465	-148.4551
4060.000000	102.437	-148.4620
4120.000000	102.401	-148.4651
4180.000000	102.367	-148.4552
4250.000000	102.331	-148.4683
4310.000000	102.301	-148.5119
4370.000000	102.267	-148.5830
4440.000000	102.219	-148.7217
4500.000000	102.167	-148.8131
4550.000000	102.116	-148.8676
4620.000000	102.040	-148.8581
4680.000000	101.976	-148.7840
4750.000000	101.909	-148.6335
4820.000000	101.853	-148.4823
4870.000000	101.817	-148.4070
4940.000000	101.768	-148.3367
5000.000000	101.725	-148.3343
5080.000000	101.662	-148.3428
5150.000000	101.598	-148.3672
5220.000000	101.522	-148.3702
5300.000000	101.421	-148.3330
5380.000000	101.306	-148.1887
5450.000000	101.197	-147.9605
5520.000000	101.085	-147.6096
5600.000000	100.961	-147.0833
5700.000000	100.819	-146.2588
5800.000000	100.693	-145.2931
5900.000000	100.584	-144.2391
6000.000000	100.491	-143.0989
6080.000000	100.429	-142.1166
6150.000000	100.386	-141.2295
6220.000000	100.354	-140.3003
6300.000000	100.326	-139.2306
6400.000000	100.304	-137.8524
6500.000000	100.304	-136.5045
6600.000000	100.330	-135.1989
6700.000000	100.383	-133.9778
6800.000000	100.460	-132.8360
6900.000000	100.560	-131.8078
7000.000000	100.681	-130.8710
7100.000000	100.827	-130.0031
7200.000000	101.009	-129.1951
7300.000000	101.240	-128.5145
7400.000000	101.535	-128.0899
7500.000000	101.905	-128.0823
7620.000000	102.447	-129.0359
7750.000000	103.098	-131.9219
7880.000000	103.673	-137.2148
8000.000000	103.959	-144.2038
8120.000000	103.860	-152.3662
8250.000000	103.252	-161.0959
8380.000000	102.201	-168.2282
8500.000000	100.987	-172.7133
8620.000000	99.680	-175.1165
8750.000000	98.272	-175.7122
8850.000000	97.234	-175.0691
9000.000000	95.785	-172.6953
9120.000000	94.723	-169.9111
9250.000000	93.664	-166.1903
9380.000000	92.692	-161.9149
9500.000000	91.864	-157.5608
9620.000000	91.096	-152.7987
9750.000000	90.326	-147.2411
9880.000000	89.618	-141.2705
10000.000000	89.018	-135.3098
10150.000000	88.347	-127.2150
10300.000000	87.784	-118.1568
10440.000000	87.402	-108.6509
10600.000000	87.249	-96.4159
10750.000000	87.530	-84.0639
10900.000000	88.320	-72.3942
11060.000000	89.612	-62.7835
11200.000000	90.864	-57.7834
11380.000000	92.278	-55.2293
11500.000000	92.998	-54.7957
11720.000000	93.916	-54.2072
11800.000000	94.176	-53.6670
12060.000000	95.024	-50.4239
12200.000000	95.599	-47.9914
12410.000000	96.753	-44.2648
12500.000000	97.385	-42.8928
12650.000000	98.663	-41.4857
12800.000000	100.232	-42.1057
13150.000000	104.157	-58.6664
13200.000000	104.546	-63.0973
13400.000000	105.081	-83.8769
13600.000000	103.841	-103.0891
13800.000000	101.514	-114.7305
14000.000000	99.048	-118.5721
14300.000000	96.108	-115.7185
14500.000000	94.710	-111.1730
14750.000000	93.463	-104.3837
15000.000000	92.654	-97.1921
15250.000000	92.207	-90.0727
15500.000000	92.103	-83.3962
15750.000000	92.348	-77.7350
16000.000000	92.989	-73.8319
16250.000000	94.006	-72.8141
16500.000000	95.125	-75.9109
16750.000000	95.935	-83.4548
17000.000000	96.038	-94.1819
17250.000000	95.226	-105.1224
17500.000000	93.585	-113.0856
17750.000000	91.482	-115.8160
18000.000000	89.461	-113.3778
18250.000000	87.861	-108.3913
18500.000000	86.625	-102.6422
18750.000000	85.599	-96.7192
19000.000000	84.715	-90.7615
19250.000000	83.936	-84.6547
19500.000000	83.237	-78.4569
19750.000000	82.637	-71.9920
20000.000000	82.280	-64.2522
