20.000000	97.147	-109.1670
20.299999	97.245	-109.9577
20.600000	97.342	-110.7287
20.900000	97.435	-111.4842
21.200001	97.527	-112.2415
21.400000	97.586	-112.7440
21.799999	97.699	-113.7280
22.000000	97.754	-114.2088
22.400000	97.859	-115.1682
22.700001	97.936	-115.8656
23.000000	98.012	-116.5489
23.299999	98.086	-117.2377
23.600000	98.159	-117.9192
24.000000	98.252	-118.8149
24.299999	98.318	-119.4887
24.700001	98.403	-120.3652
25.000000	98.465	-121.0036
25.400000	98.545	-121.8513
25.799999	98.624	-122.6808
26.200001	98.700	-123.5061
26.500000	98.755	-124.1235
26.900000	98.825	-124.9318
27.200001	98.875	-125.5289
27.600000	98.940	-126.3078
28.000000	99.004	-127.0654
28.500000	99.081	-128.0026
29.000000	99.154	-128.9248
29.500000	99.223	-129.8398
30.000000	99.288	-130.7279
30.400000	99.338	-131.4244
30.700001	99.375	-131.9365
31.100000	99.424	-132.6124
31.500000	99.471	-133.2895
32.000000	99.527	-134.1246
32.500000	99.580	-134.9570
33.000000	99.630	-135.7700
33.500000	99.676	-136.5687
34.000000	99.720	-137.3441
34.500000	99.762	-138.1062
35.000000	99.803	-138.8542
35.500000	99.843	-139.5975
36.000000	99.880	-140.3295
36.500000	99.915	-141.0489
37.000000	99.948	-141.7504
37.500000	99.980	-142.4450
38.200001	100.023	-143.4097
38.700001	100.050	-144.0918
39.500000	100.088	-145.1510
40.000000	100.110	-145.7912
40.599998	100.135	-146.5491
41.200001	100.158	-147.2875
41.799999	100.178	-148.0075
42.500000	100.198	-148.8253
43.099998	100.212	-149.5037
43.700001	100.223	-150.1574
44.400002	100.233	-150.8767
45.000000	100.242	-151.4571
45.500000	100.249	-151.9202
46.200001	100.260	-152.5310
46.799999	100.273	-153.0204
47.500000	100.296	-153.5719
48.200001	100.326	-154.1413
48.700001	100.349	-154.5719
49.400002	100.380	-155.2033
50.000000	100.402	-155.7605
50.799999	100.422	-156.5221
51.500000	100.432	-157.1890
52.200001	100.437	-157.8387
53.000000	100.442	-158.5788
53.799999	100.442	-159.3264
54.500000	100.435	-159.9590
55.200001	100.427	-160.5619
56.000000	100.418	-161.2399
57.000000	100.402	-162.0746
58.000000	100.386	-162.8752
59.000000	100.368	-163.6634
60.000000	100.348	-164.4265
60.799999	100.333	-165.0173
61.500000	100.318	-165.5311
62.200001	100.302	-166.0360
63.000000	100.284	-166.5898
64.000000	100.266	-167.2542
65.000000	100.251	-167.9030
66.000000	100.235	-168.5300
67.000000	100.220	-169.1493
68.000000	100.203	-169.7629
69.000000	100.183	-170.3571
70.000000	100.162	-170.9313
71.000000	100.140	-171.4976
72.000000	100.117	-172.0365
73.000000	100.094	-172.5651
74.000000	100.070	-173.0901
75.000000	100.045	-173.5932
76.199997	100.016	-174.1817
77.500000	99.984	-174.8133
78.800003	99.948	-175.4237
80.000000	99.913	-175.9550
81.199997	99.876	-176.4692
82.500000	99.834	-177.0096
83.800003	99.792	-177.5301
85.000000	99.754	-177.9957
86.199997	99.715	-178.4593
87.500000	99.671	-178.9459
88.500000	99.638	-179.3136
90.000000	99.587	-179.8503
91.199997	99.546	179.7327
92.500000	99.502	179.2901
93.800003	99.456	178.8664
95.000000	99.414	178.4899
96.199997	99.372	178.1254
97.500000	99.325	177.7420
98.800003	99.278	177.3670
100.000000	99.233	177.0259
101.500000	99.176	176.6198
103.000000	99.117	176.2289
104.400002	99.062	175.8821
106.000000	98.999	175.5027
107.500000	98.939	175.1608
109.000000	98.878	174.8408
110.599998	98.813	174.5200
112.000000	98.756	174.2606
113.800003	98.683	173.9616
115.000000	98.637	173.7786
117.199997	98.559	173.4493
118.000000	98.532	173.3285
120.599998	98.442	172.9180
122.000000	98.393	172.7156
124.099998	98.322	172.4150
125.000000	98.292	172.2872
126.500000	98.245	172.0791
128.000000	98.199	171.8853
131.500000	98.088	171.5140
132.000000	98.072	171.4723
134.000000	98.008	171.3346
136.000000	97.947	171.2514
138.000000	97.891	171.2168
140.000000	97.847	171.2063
143.000000	97.793	171.1454
145.000000	97.756	171.0835
147.500000	97.708	171.0417
150.000000	97.668	171.0392
152.500000	97.640	171.0246
155.000000	97.617	170.9477
157.500000	97.590	170.8379
160.000000	97.557	170.7349
162.500000	97.520	170.6577
165.000000	97.489	170.5461
167.500000	97.459	170.3490
170.000000	97.422	170.0757
172.500000	97.373	169.7782
175.000000	97.312	169.5027
177.500000	97.245	169.2667
180.000000	97.174	169.0852
182.500000	97.101	168.9455
185.000000	97.029	168.8553
187.500000	96.960	168.7975
190.000000	96.895	168.7629
192.500000	96.833	168.7399
195.000000	96.774	168.7216
197.500000	96.718	168.6943
200.000000	96.663	168.6708
203.000000	96.599	168.6189
206.000000	96.533	168.5885
209.000000	96.467	168.5893
212.000000	96.401	168.6237
214.000000	96.357	168.6642
218.000000	96.274	168.7912
220.000000	96.235	168.8755
224.000000	96.166	169.0688
227.000000	96.122	169.2090
230.000000	96.084	169.3299
233.000000	96.049	169.4226
236.000000	96.014	169.4763
240.000000	95.964	169.5133
243.000000	95.924	169.5439
247.000000	95.867	169.5945
250.000000	95.820	169.6423
254.000000	95.753	169.7170
258.000000	95.684	169.8120
262.000000	95.616	169.9246
265.000000	95.566	170.0166
269.000000	95.499	170.1502
272.000000	95.450	170.2594
276.000000	95.386	170.4076
280.000000	95.323	170.5616
285.000000	95.246	170.7702
290.000000	95.173	170.9919
295.000000	95.100	171.2135
300.000000	95.030	171.4437
304.000000	94.975	171.6422
307.000000	94.936	171.7846
311.000000	94.885	171.9826
315.000000	94.838	172.1831
320.000000	94.787	172.4372
325.000000	94.742	172.7060
330.000000	94.698	172.9698
335.000000	94.657	173.2318
340.000000	94.617	173.5039
345.000000	94.578	173.7763
350.000000	94.541	174.0556
355.000000	94.504	174.3362
360.000000	94.469	174.6203
365.000000	94.435	174.8977
370.000000	94.402	175.1806
375.000000	94.369	175.4577
382.000000	94.324	175.8552
387.000000	94.294	176.1471
395.000000	94.247	176.6180
400.000000	94.219	176.8950
406.000000	94.186	177.2539
412.000000	94.153	177.6102
418.000000	94.122	177.9634
425.000000	94.087	178.3802
431.000000	94.059	178.7310
437.000000	94.031	179.0916
444.000000	94.000	179.5116
450.000000	93.975	179.8748
455.000000	93.954	-179.8299
462.000000	93.925	-179.4122
468.000000	93.902	-179.0481
475.000000	93.877	-178.6213
482.000000	93.852	-178.2004
487.000000	93.835	-177.8938
494.000000	93.812	-177.4728
500.000000	93.795	-177.1202
508.000000	93.776	-176.6274
515.000000	93.762	-176.2039
522.000000	93.748	-175.7705
530.000000	93.733	-175.2836
538.000000	93.720	-174.7965
545.000000	93.709	-174.3647
552.000000	93.699	-173.9352
560.000000	93.688	-173.4396
570.000000	93.675	-172.8293
580.000000	93.665	-172.2139
590.000000	93.655	-171.5918
600.000000	93.648	-170.9709
608.000000	93.643	-170.4777
615.000000	93.640	-170.0380
622.000000	93.637	-169.6039
630.000000	93.638	-169.0987
640.000000	93.645	-168.4701
650.000000	93.656	-167.8437
660.000000	93.670	-167.2046
670.000000	93.684	-166.5733
680.000000	93.700	-165.9311
690.000000	93.718	-165.2936
700.000000	93.736	-164.6496
710.000000	93.757	-164.0058
720.000000	93.778	-163.3598
730.000000	93.802	-162.7036
740.000000	93.827	-162.0546
750.000000	93.854	-161.4065
762.000000	93.889	-160.6143
775.000000	93.929	-159.7675
788.000000	93.973	-158.9104
800.000000	94.012	-158.1211
812.000000	94.048	-157.3319
825.000000	94.087	-156.4732
838.000000	94.129	-155.6170
850.000000	94.173	-154.8344
862.000000	94.219	-154.0579
875.000000	94.273	-153.2256
885.000000	94.318	-152.5942
900.000000	94.389	-151.6514
912.000000	94.450	-150.9123
925.000000	94.521	-150.1245
938.000000	94.595	-149.3398
950.000000	94.668	-148.6475
962.000000	94.743	-147.9749
975.000000	94.827	-147.2626
988.000000	94.913	-146.5743
1000.000000	94.986	-145.9554
1015.000000	95.062	-145.2303
1030.000000	95.132	-144.5497
1044.000000	95.197	-143.9435
1060.000000	95.275	-143.3029
1075.000000	95.350	-142.7332
1090.000000	95.427	-142.2149
1106.000000	95.509	-141.7142
1120.000000	95.581	-141.3081
1138.000000	95.672	-140.8455
1150.000000	95.732	-140.5420
1172.000000	95.839	-140.0675
1180.000000	95.877	-139.9104
1206.000000	95.997	-139.4623
1220.000000	96.060	-139.2414
1241.000000	96.155	-138.9454
1250.000000	96.200	-138.8233
1265.000000	96.281	-138.6448
1280.000000	96.367	-138.4748
1315.000000	96.564	-138.1081
1320.000000	96.591	-138.0621
1340.000000	96.698	-137.8743
1360.000000	96.801	-137.7012
1380.000000	96.901	-137.5251
1400.000000	96.999	-137.3572
1430.000000	97.140	-137.0999
1450.000000	97.232	-136.9342
1475.000000	97.344	-136.7313
1500.000000	97.455	-136.5302
1525.000000	97.564	-136.3348
1550.000000	97.672	-136.1297
1575.000000	97.779	-135.9557
1600.000000	97.889	-135.7562
1625.000000	98.003	-135.5833
1650.000000	98.118	-135.4056
1675.000000	98.233	-135.2430
1700.000000	98.349	-135.0874
1725.000000	98.464	-134.9457
1750.000000	98.579	-134.8077
1775.000000	98.694	-134.6928
1800.000000	98.809	-134.5823
1825.000000	98.923	-134.4790
1850.000000	99.038	-134.4083
1875.000000	99.152	-134.3362
1900.000000	99.265	-134.2841
1925.000000	99.378	-134.2486
1950.000000	99.491	-134.2214
1975.000000	99.604	-134.2195
2000.000000	99.716	-134.2390
2030.000000	99.852	-134.2747
2060.000000	99.988	-134.3358
2090.000000	100.122	-134.4071
2120.000000	100.255	-134.5240
2140.000000	100.343	-134.6139
2180.000000	100.517	-134.8239
2200.000000	100.603	-134.9556
2240.000000	100.770	-135.2323
2270.000000	100.893	-135.4822
2300.000000	101.014	-135.7504
2330.000000	101.131	-136.0398
2360.000000	101.245	-136.3680
2400.000000	101.393	-136.8328
2430.000000	101.499	-137.2025
2470.000000	101.634	-137.7391
2500.000000	101.730	-138.1793
2540.000000	101.852	-138.7795
2580.000000	101.964	-139.4146
2620.000000	102.068	-140.0768
2650.000000	102.139	-140.5891
2690.000000	102.226	-141.2814
2720.000000	102.285	-141.8199
2760.000000	102.355	-142.5384
2800.000000	102.415	-143.2557
2850.000000	102.476	-144.1551
2900.000000	102.521	-145.0349
2950.000000	102.553	-145.8870
3000.000000	102.572	-146.6839
3040.000000	102.579	-147.2882
3070.000000	102.583	-147.7217
3110.000000	102.585	-148.2773
3150.000000	102.587	-148.8247
3200.000000	102.591	-149.5007
3250.000000	102.587	-150.1425
3300.000000	102.572	-150.7592
3350.000000	102.546	-151.3181
3400.000000	102.512	-151.7960
3450.000000	102.472	-152.2048
3500.000000	102.427	-152.5546
3550.000000	102.379	-152.8130
3600.000000	102.329	-153.0115
3650.000000	102.278	-153.1334
3700.000000	102.227	-153.1921
3750.000000	102.179	-153.2019
3820.000000	102.120	-153.1139
3870.000000	102.081	-153.0274
3950.000000	102.022	-152.8282
4000.000000	101.978	-152.6743
4060.000000	101.911	-152.4548
4120.000000	101.838	-152.2076
4180.000000	101.766	-151.9163
4250.000000	101.689	-151.5424
4310.000000	101.627	-151.1931
4370.000000	101.570	-150.8163
4440.000000	101.509	-150.3784
4500.000000	101.462	-149.9659
4550.000000	101.426	-149.6238
4620.000000	101.381	-149.1272
4680.000000	101.346	-148.7012
4750.000000	101.311	-148.1931
4820.000000	101.281	-147.6851
4870.000000	101.263	-147.3263
4940.000000	101.244	-146.8087
5000.000000	101.234	-146.3826
5080.000000	101.233	-145.8002
5150.000000	101.239	-145.3103
5220.000000	101.250	-144.8230
5300.000000	101.269	-144.2885
5380.000000	101.295	-143.7631
5450.000000	101.321	-143.3292
5520.000000	101.350	-142.9052
5600.000000	101.390	-142.4525
5700.000000	101.447	-141.9206
5800.000000	101.513	-141.4249
5900.000000	101.587	-140.9973
6000.000000	101.671	-140.6353
6080.000000	101.745	-140.3893
6150.000000	101.815	-140.2348
6220.000000	101.888	-140.1206
6300.000000	101.973	-140.0837
6400.000000	102.076	-140.1618
6500.000000	102.177	-140.4739
6600.000000	102.269	-141.0408
6700.000000	102.336	-141.8660
6800.000000	102.359	-142.8349
6900.000000	102.330	-143.8073
7000.000000	102.259	-144.5600
7100.000000	102.174	-144.9233
7200.000000	102.122	-144.8560
7300.000000	102.146	-144.5361
7400.000000	102.272	-144.2871
7500.000000	102.503	-144.4286
7620.000000	102.892	-145.5824
7750.000000	103.377	-148.6135
7880.000000	103.796	-153.8354
8000.000000	103.970	-160.5619
8120.000000	103.805	-168.4025
8250.000000	103.176	-176.9219
8380.000000	102.131	175.8774
8500.000000	100.923	171.0850
8620.000000	99.611	168.2113
8750.000000	98.181	167.0054
8850.000000	97.118	167.1397
9000.000000	95.618	168.7050
9120.000000	94.508	170.8076
9250.000000	93.394	173.7551
9380.000000	92.366	177.2058
9500.000000	91.487	-179.2753
9620.000000	90.667	-175.4552
9750.000000	89.841	-171.0731
9880.000000	89.074	-166.4814
10000.000000	88.413	-162.0427
10150.000000	87.646	-156.3119
10300.000000	86.937	-150.3428
10440.000000	86.319	-144.5544
10600.000000	85.658	-137.6288
10750.000000	85.081	-130.7763
10900.000000	84.542	-123.5203
11060.000000	84.017	-115.0799
11200.000000	83.625	-106.9487
11380.000000	83.286	-95.0975
11500.000000	83.247	-86.2274
11720.000000	83.826	-69.1165
11800.000000	84.280	-63.3654
12060.000000	86.294	-50.4661
12200.000000	87.354	-47.5370
12410.000000	88.520	-46.1962
12500.000000	88.853	-45.9124
12650.000000	89.246	-45.1220
12800.000000	89.523	-43.6511
13150.000000	90.160	-37.5267
13200.000000	90.275	-36.4462
13400.000000	90.830	-31.9211
13600.000000	91.561	-27.3351
13800.000000	92.494	-23.0899
14000.000000	93.652	-19.5935
14300.000000	95.877	-17.0505
14500.000000	97.697	-18.5824
14750.000000	100.065	-26.8141
15000.000000	101.735	-43.0411
15250.000000	101.860	-63.1915
15500.000000	100.466	-79.8993
15750.000000	98.399	-89.4785
16000.000000	96.468	-93.3439
16250.000000	94.990	-94.3649
16500.000000	93.856	-94.3642
16750.000000	92.886	-94.1008
17000.000000	91.950	-94.0174
17250.000000	90.914	-93.9951
17500.000000	89.643	-93.1854
17750.000000	88.155	-89.7879
18000.000000	86.829	-82.6366
18250.000000	86.019	-74.2568
18500.000000	85.549	-67.4397
18750.000000	85.075	-61.9663
19000.000000	84.486	-56.5266
19250.000000	83.848	-50.0916
19500.000000	83.275	-42.5767
19750.000000	82.847	-34.1973
20000.000000	82.631	-24.7593
