20.000000	84.665	-84.5276
20.299999	84.798	-85.1342
20.600000	84.923	-85.6882
20.900000	85.045	-86.1750
21.200001	85.169	-86.6148
21.400000	85.255	-86.8910
21.799999	85.433	-87.4353
22.000000	85.524	-87.7223
22.400000	85.700	-88.3640
22.700001	85.822	-88.8655
23.000000	85.933	-89.3528
23.299999	86.036	-89.8143
23.600000	86.136	-90.2259
24.000000	86.273	-90.7265
24.299999	86.379	-91.1230
24.700001	86.517	-91.7078
25.000000	86.613	-92.1828
25.400000	86.723	-92.8246
25.799999	86.820	-93.3786
26.200001	86.923	-93.8362
26.500000	87.012	-94.1654
26.900000	87.147	-94.6790
27.200001	87.250	-95.1693
27.600000	87.371	-95.9330
28.000000	87.466	-96.6876
28.500000	87.565	-97.4074
29.000000	87.700	-97.8762
29.500000	87.895	-98.4874
30.000000	88.094	-99.5859
30.400000	88.194	-100.7323
30.700001	88.216	-101.5347
31.100000	88.188	-102.2137
31.500000	88.151	-102.2243
32.000000	88.213	-101.4693
32.500000	88.450	-100.7624
33.000000	88.772	-100.9532
33.500000	89.034	-102.0562
34.000000	89.163	-103.4160
34.500000	89.200	-104.4066
35.000000	89.230	-104.8646
35.500000	89.305	-105.0877
36.000000	89.413	-105.4068
36.500000	89.518	-105.9035
37.000000	89.607	-106.4631
37.500000	89.687	-106.9951
38.200001	89.802	-107.6911
38.700001	89.888	-108.1964
39.500000	90.027	-109.0429
40.000000	90.110	-109.5898
40.599998	90.203	-110.2276
41.200001	90.292	-110.7881
41.799999	90.387	-111.3014
42.500000	90.495	-111.9027
43.099998	90.576	-112.3485
43.700001	90.664	-112.6726
44.400002	90.796	-113.0632
45.000000	90.915	-113.5909
45.500000	90.994	-114.1376
46.200001	91.074	-114.8718
46.799999	91.129	-115.4089
47.500000	91.185	-115.9525
48.200001	91.235	-116.3541
48.700001	91.280	-116.5454
49.400002	91.364	-116.7870
50.000000	91.448	-117.0439
50.799999	91.566	-117.4742
51.500000	91.673	-117.9885
52.200001	91.765	-118.6336
53.000000	91.843	-119.3261
53.799999	91.925	-119.9088
54.500000	92.003	-120.4660
55.200001	92.071	-121.0719
56.000000	92.136	-121.7212
57.000000	92.214	-122.4423
58.000000	92.297	-123.1198
59.000000	92.379	-123.8570
60.000000	92.443	-124.5792
60.799999	92.491	-125.0725
61.500000	92.538	-125.4831
62.200001	92.587	-125.9078
63.000000	92.645	-126.4183
64.000000	92.714	-127.0638
65.000000	92.783	-127.6696
66.000000	92.854	-128.2590
67.000000	92.923	-128.8599
68.000000	92.988	-129.4496
69.000000	93.051	-130.0295
70.000000	93.111	-130.5925
71.000000	93.169	-131.1391
72.000000	93.226	-131.6743
73.000000	93.280	-132.1997
74.000000	93.333	-132.7155
75.000000	93.383	-133.2307
76.199997	93.440	-133.8517
77.500000	93.497	-134.5035
78.800003	93.553	-135.1277
80.000000	93.604	-135.6979
81.199997	93.651	-136.2716
82.500000	93.697	-136.8676
83.800003	93.740	-137.4486
85.000000	93.777	-137.9767
86.199997	93.812	-138.4957
87.500000	93.849	-139.0516
88.500000	93.876	-139.4733
90.000000	93.919	-140.0771
91.199997	93.954	-140.5612
92.500000	93.989	-141.0939
93.800003	94.019	-141.6091
95.000000	94.043	-142.0727
96.199997	94.066	-142.5356
97.500000	94.088	-143.0348
98.800003	94.108	-143.5108
100.000000	94.127	-143.9314
101.500000	94.150	-144.4473
103.000000	94.167	-144.9481
104.400002	94.181	-145.3906
106.000000	94.195	-145.8932
107.500000	94.207	-146.3612
109.000000	94.220	-146.8035
110.599998	94.236	-147.2617
112.000000	94.251	-147.6494
113.800003	94.269	-148.1314
115.000000	94.281	-148.4592
117.199997	94.300	-149.0947
118.000000	94.305	-149.3349
120.599998	94.314	-150.0849
122.000000	94.319	-150.4547
124.099998	94.325	-151.0083
125.000000	94.327	-151.2346
126.500000	94.332	-151.5856
128.000000	94.342	-151.9198
131.500000	94.359	-152.7268
132.000000	94.360	-152.8360
134.000000	94.360	-153.2382
136.000000	94.357	-153.5771
138.000000	94.355	-153.8633
140.000000	94.357	-154.0854
143.000000	94.373	-154.3465
145.000000	94.396	-154.5217
147.500000	94.431	-154.8079
150.000000	94.463	-155.1071
152.500000	94.495	-155.3813
155.000000	94.531	-155.6763
157.500000	94.567	-156.0047
160.000000	94.597	-156.3427
162.500000	94.619	-156.6713
165.000000	94.641	-157.0246
167.500000	94.664	-157.4372
170.000000	94.681	-157.9130
172.500000	94.686	-158.4214
175.000000	94.680	-158.9211
177.500000	94.665	-159.3907
180.000000	94.644	-159.8091
182.500000	94.618	-160.1828
185.000000	94.590	-160.4992
187.500000	94.564	-160.7775
190.000000	94.540	-161.0221
192.500000	94.519	-161.2328
195.000000	94.501	-161.4202
197.500000	94.487	-161.6070
200.000000	94.477	-161.7871
203.000000	94.472	-162.0357
206.000000	94.467	-162.3062
209.000000	94.458	-162.5916
212.000000	94.443	-162.8743
214.000000	94.431	-163.0523
218.000000	94.402	-163.3528
220.000000	94.387	-163.4723
224.000000	94.361	-163.6537
227.000000	94.345	-163.7622
230.000000	94.335	-163.8648
233.000000	94.329	-163.9783
236.000000	94.325	-164.1200
240.000000	94.318	-164.3368
243.000000	94.312	-164.5054
247.000000	94.299	-164.7321
250.000000	94.284	-164.8971
254.000000	94.256	-165.1095
258.000000	94.224	-165.2967
262.000000	94.191	-165.4580
265.000000	94.167	-165.5636
269.000000	94.134	-165.6918
272.000000	94.110	-165.7776
276.000000	94.078	-165.8845
280.000000	94.046	-165.9784
285.000000	94.007	-166.0811
290.000000	93.968	-166.1645
295.000000	93.930	-166.2340
300.000000	93.891	-166.2911
304.000000	93.861	-166.3188
307.000000	93.839	-166.3436
311.000000	93.811	-166.3638
315.000000	93.787	-166.3758
320.000000	93.765	-166.3804
325.000000	93.745	-166.3733
330.000000	93.727	-166.3676
335.000000	93.710	-166.3526
340.000000	93.693	-166.3193
345.000000	93.676	-166.2820
350.000000	93.660	-166.2376
355.000000	93.645	-166.1835
360.000000	93.630	-166.1208
365.000000	93.614	-166.0556
370.000000	93.599	-165.9854
375.000000	93.585	-165.9082
382.000000	93.565	-165.7834
387.000000	93.551	-165.6898
395.000000	93.530	-165.5254
400.000000	93.517	-165.4351
406.000000	93.503	-165.2951
412.000000	93.489	-165.1530
418.000000	93.474	-165.0107
425.000000	93.458	-164.8330
431.000000	93.444	-164.6801
437.000000	93.432	-164.5126
444.000000	93.417	-164.3150
450.000000	93.405	-164.1404
455.000000	93.396	-164.0001
462.000000	93.383	-163.7926
468.000000	93.372	-163.6036
475.000000	93.360	-163.3769
482.000000	93.349	-163.1525
487.000000	93.341	-162.9818
494.000000	93.332	-162.7472
500.000000	93.325	-162.5503
508.000000	93.319	-162.2600
515.000000	93.315	-162.0143
522.000000	93.312	-161.7525
530.000000	93.309	-161.4539
538.000000	93.307	-161.1511
545.000000	93.305	-160.8806
552.000000	93.304	-160.6081
560.000000	93.303	-160.2849
570.000000	93.303	-159.8857
580.000000	93.305	-159.4757
590.000000	93.307	-159.0493
600.000000	93.310	-158.6160
608.000000	93.313	-158.2694
615.000000	93.316	-157.9600
622.000000	93.320	-157.6561
630.000000	93.328	-157.2951
640.000000	93.344	-156.8379
650.000000	93.364	-156.3762
660.000000	93.386	-155.9014
670.000000	93.407	-155.4301
680.000000	93.431	-154.9409
690.000000	93.455	-154.4514
700.000000	93.480	-153.9535
710.000000	93.507	-153.4525
720.000000	93.535	-152.9475
730.000000	93.564	-152.4299
740.000000	93.596	-151.9116
750.000000	93.629	-151.3922
762.000000	93.670	-150.7509
775.000000	93.718	-150.0599
788.000000	93.767	-149.3566
800.000000	93.812	-148.7069
812.000000	93.854	-148.0535
825.000000	93.898	-147.3344
838.000000	93.946	-146.6203
850.000000	93.993	-145.9669
862.000000	94.045	-145.3128
875.000000	94.104	-144.6077
885.000000	94.153	-144.0688
900.000000	94.229	-143.2652
912.000000	94.295	-142.6373
925.000000	94.369	-141.9662
938.000000	94.447	-141.2965
950.000000	94.523	-140.7094
962.000000	94.601	-140.1428
975.000000	94.690	-139.5378
988.000000	94.778	-138.9457
1000.000000	94.854	-138.4133
1015.000000	94.933	-137.7961
1030.000000	95.006	-137.2249
1044.000000	95.074	-136.7169
1060.000000	95.155	-136.1842
1075.000000	95.233	-135.7142
1090.000000	95.312	-135.2935
1106.000000	95.396	-134.8904
1120.000000	95.470	-134.5656
1138.000000	95.564	-134.2090
1150.000000	95.626	-133.9765
1172.000000	95.737	-133.6272
1180.000000	95.776	-133.5126
1206.000000	95.900	-133.1986
1220.000000	95.964	-133.0502
1241.000000	96.063	-132.8615
1250.000000	96.108	-132.7830
1265.000000	96.192	-132.6743
1280.000000	96.280	-132.5725
1315.000000	96.481	-132.3705
1320.000000	96.509	-132.3472
1340.000000	96.618	-132.2443
1360.000000	96.723	-132.1562
1380.000000	96.826	-132.0648
1400.000000	96.925	-131.9794
1430.000000	97.069	-131.8395
1450.000000	97.163	-131.7485
1475.000000	97.278	-131.6383
1500.000000	97.390	-131.5258
1525.000000	97.501	-131.4157
1550.000000	97.611	-131.2968
1575.000000	97.721	-131.2056
1600.000000	97.832	-131.0827
1625.000000	97.946	-130.9844
1650.000000	98.063	-130.8830
1675.000000	98.180	-130.7946
1700.000000	98.297	-130.7078
1725.000000	98.413	-130.6335
1750.000000	98.530	-130.5623
1775.000000	98.646	-130.5135
1800.000000	98.762	-130.4661
1825.000000	98.877	-130.4236
1850.000000	98.993	-130.4148
1875.000000	99.108	-130.4034
1900.000000	99.223	-130.4094
1925.000000	99.337	-130.4305
1950.000000	99.451	-130.4599
1975.000000	99.565	-130.5120
2000.000000	99.679	-130.5843
2030.000000	99.815	-130.6818
2060.000000	99.952	-130.8029
2090.000000	100.087	-130.9341
2120.000000	100.221	-131.1102
2140.000000	100.310	-131.2376
2180.000000	100.484	-131.5185
2200.000000	100.570	-131.6857
2240.000000	100.739	-132.0337
2270.000000	100.864	-132.3356
2300.000000	100.985	-132.6537
2330.000000	101.103	-132.9918
2360.000000	101.218	-133.3699
2400.000000	101.366	-133.9007
2430.000000	101.473	-134.3158
2470.000000	101.608	-134.9104
2500.000000	101.704	-135.3941
2540.000000	101.826	-136.0517
2580.000000	101.940	-136.7405
2620.000000	102.044	-137.4544
2650.000000	102.115	-138.0044
2690.000000	102.203	-138.7478
2720.000000	102.262	-139.3242
2760.000000	102.333	-140.0912
2800.000000	102.393	-140.8555
2850.000000	102.454	-141.8125
2900.000000	102.500	-142.7491
2950.000000	102.532	-143.6540
3000.000000	102.551	-144.5018
3040.000000	102.560	-145.1493
3070.000000	102.564	-145.6164
3110.000000	102.567	-146.2185
3150.000000	102.569	-146.8124
3200.000000	102.572	-147.5464
3250.000000	102.568	-148.2421
3300.000000	102.552	-148.9045
3350.000000	102.527	-149.5028
3400.000000	102.493	-150.0216
3450.000000	102.454	-150.4765
3500.000000	102.410	-150.8733
3550.000000	102.363	-151.1813
3600.000000	102.314	-151.4373
3650.000000	102.263	-151.6248
3700.000000	102.212	-151.7535
3750.000000	102.160	-151.8356
3820.000000	102.090	-151.8286
3870.000000	102.044	-151.7711
3950.000000	101.975	-151.5781
4000.000000	101.928	-151.4195
4060.000000	101.860	-151.2008
4120.000000	101.787	-150.9651
4180.000000	101.717	-150.6930
4250.000000	101.639	-150.3448
4310.000000	101.578	-150.0181
4370.000000	101.521	-149.6656
4440.000000	101.460	-149.2610
4500.000000	101.412	-148.8757
4550.000000	101.375	-148.5542
4620.000000	101.329	-148.0870
4680.000000	101.294	-147.6914
4750.000000	101.258	-147.2153
4820.000000	101.227	-146.7323
4870.000000	101.207	-146.3906
4940.000000	101.186	-145.8981
5000.000000	101.174	-145.4901
5080.000000	101.170	-144.9239
5150.000000	101.174	-144.4421
5220.000000	101.184	-143.9613
5300.000000	101.203	-143.4327
5380.000000	101.228	-142.9119
5450.000000	101.253	-142.4803
5520.000000	101.283	-142.0567
5600.000000	101.324	-141.6040
5700.000000	101.384	-141.0702
5800.000000	101.452	-140.5697
5900.000000	101.531	-140.1344
6000.000000	101.622	-139.7654
6080.000000	101.705	-139.5220
6150.000000	101.783	-139.3827
6220.000000	101.866	-139.2995
6300.000000	101.960	-139.3206
6400.000000	102.072	-139.5017
6500.000000	102.175	-139.9229
6600.000000	102.263	-140.5752
6700.000000	102.326	-141.4556
6800.000000	102.349	-142.4652
6900.000000	102.323	-143.4876
7000.000000	102.254	-144.3156
7100.000000	102.168	-144.7823
7200.000000	102.108	-144.8279
7300.000000	102.118	-144.5927
7400.000000	102.226	-144.3744
7500.000000	102.441	-144.4951
7620.000000	102.818	-145.5907
7750.000000	103.297	-148.5456
7880.000000	103.713	-153.6684
8000.000000	103.893	-160.2900
8120.000000	103.746	-168.0560
8250.000000	103.143	-176.5776
8380.000000	102.121	176.1326
8500.000000	100.927	171.2147
8620.000000	99.621	168.2076
8750.000000	98.191	166.8700
8850.000000	97.125	166.9164
9000.000000	95.618	168.3778
9120.000000	94.503	170.4171
9250.000000	93.383	173.3046
9380.000000	92.349	176.6974
9500.000000	91.464	-179.8344
9620.000000	90.640	-176.0613
9750.000000	89.808	-171.7220
9880.000000	89.035	-167.1731
10000.000000	88.370	-162.7659
10150.000000	87.596	-157.0752
10300.000000	86.880	-151.1286
10440.000000	86.257	-145.3555
10600.000000	85.589	-138.4454
10750.000000	85.004	-131.5975
10900.000000	84.458	-124.3516
11060.000000	83.927	-115.9115
11200.000000	83.529	-107.7797
11380.000000	83.188	-95.9454
11500.000000	83.151	-87.0967
11720.000000	83.739	-70.0406
11800.000000	84.196	-64.3303
12060.000000	86.209	-51.6317
12200.000000	87.262	-48.8074
12410.000000	88.407	-47.5702
12500.000000	88.730	-47.3139
12650.000000	89.105	-46.5511
12800.000000	89.366	-45.0940
13150.000000	89.965	-38.9971
13200.000000	90.074	-37.9185
13400.000000	90.603	-33.3911
13600.000000	91.302	-28.7688
13800.000000	92.197	-24.4458
14000.000000	93.311	-20.8130
14300.000000	95.451	-17.8352
14500.000000	97.218	-18.7663
14750.000000	99.591	-25.8178
15000.000000	101.422	-40.8665
15250.000000	101.818	-60.8012
15500.000000	100.636	-78.4397
15750.000000	98.634	-89.2664
16000.000000	96.665	-94.0640
16250.000000	95.123	-95.6314
16500.000000	93.928	-95.9401
16750.000000	92.904	-95.8790
17000.000000	91.917	-95.9245
17250.000000	90.830	-95.9278
17500.000000	89.514	-95.0363
17750.000000	88.005	-91.4472
18000.000000	86.667	-84.1085
18250.000000	85.862	-75.6729
18500.000000	85.389	-68.8970
18750.000000	84.904	-63.5008
19000.000000	84.305	-58.1016
19250.000000	83.658	-51.7049
19500.000000	83.068	-44.2473
19750.000000	82.615	-35.9016
20000.000000	82.379	-26.4543
