20.000000	108.763
20.144928	108.790
20.290907	108.818
20.437943	108.846
20.586044	108.874
20.735220	108.901
20.885475	108.929
21.036821	108.956
21.189262	108.983
21.342808	109.009
21.497467	109.036
21.653246	109.062
21.810154	109.088
21.968201	109.114
22.127390	109.140
22.287735	109.167
22.449242	109.193
22.611917	109.220
22.775772	109.247
22.940815	109.274
23.107054	109.301
23.274498	109.328
23.443153	109.355
23.613033	109.383
23.784142	109.410
23.956491	109.438
24.130091	109.465
24.304947	109.493
24.481071	109.522
24.658470	109.550
24.837156	109.579
25.017136	109.608
25.198421	109.636
25.381020	109.665
25.564941	109.694
25.750195	109.723
25.936790	109.751
26.124741	109.779
26.314051	109.807
26.504732	109.835
26.696796	109.863
26.890253	109.891
27.085112	109.919
27.281382	109.947
27.479073	109.976
27.678198	110.006
27.878765	110.035
28.080786	110.065
28.284271	110.094
28.489231	110.123
28.695675	110.152
28.903616	110.181
29.113064	110.209
29.324028	110.238
29.536524	110.267
29.750557	110.296
29.966141	110.326
30.183289	110.356
30.402010	110.386
30.622314	110.416
30.844217	110.445
31.067726	110.474
31.292856	110.502
31.519617	110.530
31.748020	110.558
31.978081	110.585
32.209808	110.614
32.443211	110.643
32.678310	110.673
32.915108	110.703
33.153625	110.734
33.393871	110.764
33.635857	110.794
33.879597	110.824
34.125103	110.853
34.372387	110.882
34.621464	110.912
34.872345	110.942
35.125042	110.972
35.379574	111.001
35.635948	111.031
35.894180	111.059
36.154285	111.086
36.416275	111.111
36.680161	111.136
36.945961	111.162
37.213688	111.188
37.483353	111.215
37.754974	111.244
38.028561	111.275
38.304131	111.305
38.581699	111.334
38.861279	111.362
39.142883	111.388
39.426529	111.412
39.712231	111.437
40.000000	111.462
40.289856	111.487
40.581814	111.512
40.875885	111.537
41.172089	111.559
41.470440	111.580
41.770950	111.599
42.073643	111.617
42.378525	111.635
42.685616	111.654
42.994934	111.673
43.306492	111.693
43.620308	111.713
43.936401	111.730
44.254780	111.746
44.575470	111.759
44.898483	111.772
45.223835	111.785
45.551544	111.800
45.881630	111.815
46.214108	111.830
46.548996	111.846
46.886307	111.861
47.226067	111.876
47.568283	111.892
47.912983	111.908
48.260181	111.924
48.609894	111.938
48.962143	111.950
49.316940	111.959
49.674313	111.964
50.034271	111.966
50.396843	111.965
50.762039	111.963
51.129883	111.962
51.500389	111.960
51.873581	111.958
52.249481	111.953
52.628101	111.947
53.009464	111.939
53.393593	111.932
53.780506	111.924
54.170223	111.916
54.562763	111.907
54.958145	111.897
55.356396	111.885
55.757530	111.873
56.161572	111.860
56.568542	111.849
56.978462	111.838
57.391350	111.826
57.807232	111.812
58.226128	111.796
58.648056	111.777
59.073048	111.757
59.501114	111.738
59.932281	111.721
60.366577	111.705
60.804020	111.688
61.244629	111.670
61.688435	111.649
62.135452	111.628
62.585712	111.609
63.039234	111.593
63.496040	111.579
63.956161	111.563
64.419617	111.546
64.886421	111.530
65.356621	111.516
65.830215	111.503
66.307251	111.487
66.787743	111.466
67.271713	111.441
67.759193	111.414
68.250206	111.390
68.744774	111.369
69.242928	111.350
69.744690	111.330
70.250084	111.309
70.759148	111.288
71.271896	111.269
71.788361	111.252
72.308571	111.234
72.832550	111.211
73.360321	111.183
73.891922	111.153
74.427376	111.127
74.966705	111.105
75.509949	111.083
76.057121	111.060
76.608261	111.035
77.163399	111.013
77.722557	110.992
78.285767	110.969
78.853058	110.942
79.424461	110.911
80.000000	110.877
80.579712	110.843
81.163628	110.809
81.751770	110.777
82.344177	110.747
82.940880	110.717
83.541901	110.688
84.147285	110.660
84.757050	110.632
85.371231	110.602
85.989868	110.570
86.612984	110.538
87.240616	110.508
87.872803	110.479
88.509560	110.447
89.150940	110.414
89.796967	110.382
90.447670	110.353
91.103088	110.324
91.763260	110.293
92.428215	110.260
93.097992	110.224
93.772614	110.185
94.452133	110.143
95.136566	110.104
95.825966	110.064
96.520363	110.020
97.219788	109.974
97.924286	109.930
98.633881	109.890
99.348625	109.850
100.068542	109.805
100.793686	109.758
101.524078	109.711
102.259766	109.664
103.000778	109.616
103.747162	109.569
104.498962	109.523
105.256203	109.477
106.018929	109.433
106.787186	109.389
107.561012	109.345
108.340446	109.299
109.125526	109.249
109.916290	109.197
110.712791	109.145
111.515060	109.092
112.323143	109.033
113.137085	108.974
113.956924	108.918
114.782700	108.864
115.614464	108.806
116.452255	108.746
117.296112	108.686
118.146095	108.628
119.002228	108.565
119.864563	108.500
120.733154	108.434
121.608040	108.369
122.489258	108.303
123.376869	108.237
124.270905	108.173
125.171425	108.110
126.078468	108.047
126.992081	107.986
127.912323	107.926
128.839233	107.866
129.772842	107.807
130.713242	107.742
131.660431	107.671
132.614502	107.597
133.575485	107.528
134.543427	107.462
135.518387	107.397
136.500412	107.330
137.489548	107.260
138.485855	107.187
139.489380	107.112
140.500168	107.037
141.518295	106.961
142.543793	106.883
143.576721	106.804
144.617142	106.727
145.665100	106.649
146.720642	106.572
147.783844	106.492
148.854752	106.409
149.933411	106.326
151.019897	106.245
152.114243	106.164
153.216522	106.081
154.326797	105.995
155.445114	105.909
156.571533	105.826
157.706116	105.748
158.848923	105.670
160.000000	105.589
161.159424	105.501
162.327255	105.408
163.503540	105.309
164.688354	105.210
165.881760	105.112
167.083801	105.017
168.294571	104.926
169.514099	104.839
170.742462	104.756
171.979736	104.674
173.225967	104.590
174.481232	104.503
175.745605	104.412
177.019119	104.322
178.301880	104.235
179.593933	104.148
180.895340	104.054
182.206177	103.952
183.526520	103.847
184.856430	103.743
186.195984	103.640
187.545227	103.537
188.904266	103.431
190.273132	103.321
191.651932	103.210
193.040726	103.099
194.439575	102.990
195.848572	102.886
197.267761	102.784
198.697250	102.683
200.137085	102.580
201.587372	102.472
203.048157	102.360
204.519531	102.249
206.001556	102.140
207.494324	102.034
208.997925	101.928
210.512405	101.820
212.037857	101.708
213.574371	101.593
215.122025	101.474
216.680893	101.350
218.251053	101.220
219.832581	101.085
221.425583	100.951
223.030121	100.820
224.646286	100.700
226.274170	100.601
227.913849	100.534
229.565399	100.512
231.228928	100.535
232.904510	100.584
234.592224	100.634
236.292191	100.666
238.004456	100.668
239.729126	100.637
241.466309	100.579
243.216080	100.500
244.978516	100.407
246.753738	100.303
248.541809	100.190
250.342850	100.070
252.156937	99.945
253.984161	99.822
255.824646	99.704
257.678467	99.591
259.545685	99.483
261.426483	99.380
263.320862	99.285
265.229004	99.201
267.150970	99.125
269.086853	99.050
271.036774	98.976
273.000824	98.904
274.979095	98.833
276.971710	98.762
278.978760	98.691
281.000336	98.618
283.036591	98.542
285.087585	98.464
287.153442	98.385
289.234283	98.304
291.330200	98.221
293.441284	98.138
295.567688	98.056
297.709503	97.977
299.866821	97.896
302.039795	97.807
304.228485	97.717
306.433044	97.633
308.653595	97.554
310.890228	97.474
313.143066	97.394
315.412231	97.317
317.697845	97.241
320.000000	97.163
322.318848	97.087
324.654510	97.020
327.007080	96.961
329.376709	96.899
331.763519	96.832
334.167603	96.766
336.589142	96.702
339.028198	96.637
341.484924	96.578
343.959473	96.525
346.451935	96.472
348.962463	96.414
351.491211	96.355
354.038239	96.298
356.603760	96.240
359.187866	96.184
361.790680	96.131
364.412354	96.081
367.053040	96.026
369.712860	95.972
372.391968	95.918
375.090454	95.863
377.808533	95.811
380.546265	95.769
383.303864	95.730
386.081451	95.684
388.879150	95.635
391.697144	95.590
394.535522	95.549
397.394501	95.507
400.274170	95.461
403.174744	95.408
406.096313	95.353
409.039062	95.298
412.003113	95.248
414.988647	95.200
417.995850	95.153
421.024811	95.108
424.075714	95.061
427.148743	95.005
430.244049	94.941
433.361786	94.875
436.502106	94.814
439.665161	94.759
442.851166	94.708
446.060242	94.657
449.292572	94.608
452.548340	94.561
455.827698	94.514
459.130798	94.465
462.457855	94.421
465.809021	94.378
469.184448	94.329
472.584381	94.277
476.008911	94.229
479.458252	94.184
482.932617	94.139
486.432159	94.091
489.957031	94.045
493.507477	94.007
497.083618	93.973
500.685699	93.931
504.313873	93.886
507.968323	93.844
511.649292	93.804
515.356934	93.770
519.091370	93.742
522.852966	93.712
526.641724	93.673
530.458008	93.626
534.301941	93.578
538.173706	93.538
542.073547	93.504
546.001648	93.471
549.958191	93.435
553.943420	93.399
557.957520	93.363
562.000671	93.327
566.073181	93.291
570.175171	93.255
574.306885	93.221
578.468567	93.184
582.660400	93.146
586.882568	93.109
591.135376	93.075
595.419006	93.040
599.733643	92.999
604.079590	92.959
608.456970	92.925
612.866089	92.893
617.307190	92.854
621.780457	92.809
626.286133	92.764
630.824463	92.727
635.395691	92.700
640.000000	92.673
644.637695	92.639
649.309021	92.605
654.014160	92.578
658.753418	92.554
663.527039	92.531
668.335205	92.505
673.178284	92.474
678.056396	92.435
682.969849	92.394
687.918945	92.359
692.903870	92.324
697.924927	92.283
702.982422	92.251
708.076477	92.237
713.207520	92.228
718.375732	92.211
723.581360	92.186
728.824707	92.162
734.106079	92.138
739.425720	92.102
744.783936	92.056
750.180908	92.011
755.617065	91.981
761.092529	91.964
766.607727	91.949
772.162903	91.925
777.758301	91.901
783.394287	91.885
789.071045	91.872
794.789001	91.853
800.548340	91.823
806.349487	91.780
812.192627	91.735
818.078125	91.699
824.006226	91.667
829.977295	91.637
835.991699	91.612
842.049622	91.590
848.151428	91.569
854.297485	91.541
860.488098	91.507
866.723572	91.471
873.004211	91.435
879.330322	91.400
885.702332	91.368
892.120483	91.338
898.585144	91.311
905.096680	91.280
911.655396	91.250
918.261597	91.224
924.915710	91.198
931.618042	91.171
938.368896	91.146
945.168762	91.119
952.017822	91.090
958.916504	91.058
965.865234	91.024
972.864319	90.997
979.914062	90.974
987.014954	90.945
994.167236	90.914
1001.371399	90.886
1008.627747	90.858
1015.936646	90.829
1023.298584	90.798
1030.713867	90.766
1038.182739	90.735
1045.705933	90.711
1053.283447	90.690
1060.916016	90.676
1068.603882	90.664
1076.347412	90.652
1084.147095	90.639
1092.003296	90.630
1099.916382	90.634
1107.886841	90.652
1115.915039	90.670
1124.001343	90.687
1132.146362	90.706
1140.350342	90.728
1148.613770	90.753
1156.937134	90.783
1165.320801	90.824
1173.765137	90.872
1182.270752	90.928
1190.838013	90.985
1199.467285	91.037
1208.159180	91.087
1216.913940	91.142
1225.732178	91.199
1234.614380	91.256
1243.560913	91.311
1252.572266	91.371
1261.648926	91.443
1270.791382	91.517
1280.000000	91.586
1289.275391	91.653
1298.618042	91.718
1308.028320	91.778
1317.506836	91.834
1327.054077	91.890
1336.670410	91.941
1346.356567	91.990
1356.112793	92.040
1365.939697	92.087
1375.837891	92.126
1385.807739	92.154
1395.849854	92.177
1405.964844	92.198
1416.152954	92.223
1426.415039	92.251
1436.751465	92.276
1447.162720	92.299
1457.649414	92.315
1468.212158	92.326
1478.851440	92.335
1489.567871	92.342
1500.361816	92.350
1511.234131	92.362
1522.185059	92.375
1533.215454	92.391
1544.325806	92.405
1555.516602	92.410
1566.788574	92.413
1578.142090	92.421
1589.578003	92.426
1601.096680	92.429
1612.698975	92.439
1624.385254	92.449
1636.156250	92.452
1648.012451	92.458
1659.954590	92.467
1671.983398	92.472
1684.099243	92.476
1696.302856	92.493
1708.594971	92.514
1720.976196	92.526
1733.447144	92.539
1746.008423	92.556
1758.660645	92.576
1771.404663	92.607
1784.240967	92.658
1797.170288	92.722
1810.193359	92.784
1823.310791	92.832
1836.523193	92.868
1849.831421	92.901
1863.236084	92.933
1876.737793	92.965
1890.337524	92.995
1904.035645	93.022
1917.833008	93.051
1931.730469	93.081
1945.728638	93.111
1959.828125	93.146
1974.029907	93.184
1988.334473	93.213
2002.742798	93.237
2017.255493	93.270
2031.873291	93.308
2046.597168	93.336
2061.427734	93.364
2076.365479	93.400
2091.411865	93.441
2106.566895	93.482
2121.832031	93.523
2137.207764	93.561
2152.694824	93.592
2168.294189	93.617
2184.006592	93.649
2199.832764	93.690
2215.773682	93.731
2231.830078	93.776
2248.002686	93.813
2264.292725	93.842
2280.700684	93.877
2297.227539	93.907
2313.874268	93.929
2330.641602	93.953
2347.530273	93.980
2364.541504	94.008
2381.676025	94.035
2398.934570	94.069
2416.318359	94.099
2433.827881	94.121
2451.464355	94.141
2469.228760	94.160
2487.121826	94.174
2505.144531	94.182
2523.297852	94.187
2541.582764	94.195
2560.000000	94.203
2578.550781	94.211
2597.236084	94.223
2616.056641	94.238
2635.013672	94.261
2654.108154	94.301
2673.340820	94.363
2692.713135	94.445
2712.225586	94.531
2731.879395	94.611
2751.675781	94.684
2771.615479	94.741
2791.699707	94.773
2811.929688	94.795
2832.305908	94.809
2852.830078	94.811
2873.502930	94.798
2894.325439	94.785
2915.298828	94.775
2936.424316	94.769
2957.702881	94.769
2979.135742	94.771
3000.723633	94.775
3022.468262	94.784
3044.370117	94.791
3066.430908	94.797
3088.651611	94.805
3111.033203	94.823
3133.577148	94.861
3156.284180	94.902
3179.156006	94.921
3202.193359	94.933
3225.397949	94.948
3248.770508	94.961
3272.312500	94.965
3296.024902	94.967
3319.909180	94.973
3343.966797	94.972
3368.198486	94.965
3392.605713	94.954
3417.189941	94.943
3441.952393	94.929
3466.894287	94.920
3492.016846	94.916
3517.321289	94.912
3542.809326	94.907
3568.481934	94.899
3594.340576	94.891
3620.386719	94.895
3646.621582	94.904
3673.046387	94.913
3699.662842	94.924
3726.472168	94.940
3753.475586	94.965
3780.675049	94.991
3808.071289	95.016
3835.666016	95.045
3863.460938	95.077
3891.457275	95.112
3919.656250	95.148
3948.059814	95.186
3976.668945	95.229
4005.485596	95.264
4034.510986	95.292
4063.746582	95.326
4093.194336	95.358
4122.855469	95.385
4152.730957	95.413
4182.823730	95.444
4213.133789	95.480
4243.664062	95.530
4274.415527	95.597
4305.389648	95.672
4336.588379	95.752
4368.013184	95.842
4399.665527	95.944
4431.547363	96.061
4463.660156	96.190
4496.005371	96.317
4528.585449	96.444
4561.401367	96.577
4594.455078	96.719
4627.748535	96.867
4661.283203	97.013
4695.060547	97.159
4729.083008	97.308
4763.352051	97.456
4797.869141	97.602
4832.636719	97.743
4867.655762	97.874
4902.928711	98.002
4938.457520	98.121
4974.243652	98.226
5010.289062	98.312
5046.595703	98.374
5083.165527	98.418
5120.000000	98.440
5157.101562	98.432
5194.472168	98.388
5232.113281	98.311
5270.027344	98.201
5308.216309	98.064
5346.681641	97.904
5385.426270	97.721
5424.451172	97.521
5463.758789	97.297
5503.351562	97.048
5543.230957	96.787
5583.399414	96.524
5623.859375	96.252
5664.611816	95.978
5705.660156	95.697
5747.005859	95.410
5788.650879	95.130
5830.597656	94.856
5872.848633	94.584
5915.405762	94.314
5958.271484	94.052
6001.447266	93.798
6044.936523	93.556
6088.740234	93.329
6132.861816	93.109
6177.303223	92.897
6222.066406	92.693
6267.154297	92.499
6312.568359	92.315
6358.312012	92.138
6404.386719	91.971
6450.795898	91.817
6497.541016	91.679
6544.625000	91.557
6592.049805	91.448
6639.818359	91.355
6687.933594	91.278
6736.396973	91.213
6785.211426	91.160
6834.379883	91.125
6883.904785	91.119
6933.788574	91.138
6984.033691	91.168
7034.642578	91.227
7085.618652	91.320
7136.963867	91.435
7188.681152	91.573
7240.773438	91.734
7293.243164	91.918
7346.092773	92.146
7399.325684	92.412
7452.944336	92.699
7506.951172	93.019
7561.350098	93.381
7616.142578	93.785
7671.332031	94.219
7726.921875	94.675
7782.914551	95.133
7839.312500	95.558
7896.119629	95.915
7953.337891	96.163
8010.971191	96.250
8069.021973	96.131
8127.493164	95.793
8186.388672	95.245
8245.710938	94.524
8305.461914	93.683
8365.647461	92.763
8426.267578	91.793
8487.328125	90.813
8548.831055	89.847
8610.779297	88.902
8673.176758	87.980
8736.026367	87.088
8799.331055	86.243
8863.094727	85.460
8927.320312	84.754
8992.010742	84.136
9057.170898	83.596
9122.802734	83.085
9188.910156	82.549
9255.497070	81.975
9322.566406	81.380
9390.121094	80.790
9458.166016	80.225
9526.704102	79.684
9595.738281	79.166
9665.273438	78.657
9735.311523	78.170
9805.857422	77.715
9876.915039	77.278
9948.487305	76.844
10020.578125	76.423
10093.191406	76.026
10166.331055	75.652
10240.000000	75.294
10314.203125	74.944
10388.944336	74.611
10464.226562	74.294
10540.054688	73.990
10616.432617	73.696
10693.363281	73.405
10770.852539	73.120
10848.902344	72.853
10927.517578	72.612
11006.703125	72.395
11086.461914	72.194
11166.798828	71.999
11247.718750	71.814
11329.223633	71.642
11411.320312	71.483
11494.011719	71.339
11577.301758	71.211
11661.195312	71.099
11745.697266	71.004
11830.811523	70.917
11916.542969	70.830
12002.894531	70.765
12089.873047	70.715
12177.480469	70.677
12265.723633	70.665
12354.606445	70.680
12444.132812	70.717
12534.308594	70.779
12625.136719	70.863
12716.624023	70.952
12808.773438	71.049
12901.591797	71.163
12995.082031	71.296
13089.250000	71.450
13184.099609	71.638
13279.636719	71.865
13375.867188	72.125
13472.793945	72.418
13570.422852	72.763
13668.759766	73.161
13767.809570	73.608
13867.577148	74.097
13968.067383	74.645
14069.285156	75.284
14171.237305	76.018
14273.927734	76.851
14377.362305	77.797
14481.546875	78.892
14586.486328	80.166
14692.185547	81.598
14798.651367	83.092
14905.888672	84.412
15013.902344	85.227
15122.700195	85.275
15232.285156	84.524
15342.664062	83.190
15453.843750	81.592
15565.829102	79.990
15678.625000	78.524
15792.239258	77.223
15906.675781	76.099
16021.942383	75.150
16138.043945	74.347
16254.986328	73.660
16372.777344	73.092
16491.421875	72.630
16610.923828	72.254
16731.294922	71.945
16852.535156	71.694
16974.656250	71.512
17097.662109	71.408
17221.558594	71.369
17346.353516	71.391
17472.052734	71.482
17598.662109	71.652
17726.189453	71.919
17854.640625	72.297
17984.021484	72.765
18114.341797	73.317
18245.605469	73.960
18377.820312	74.674
18510.994141	75.376
18645.132812	75.947
18780.242188	76.239
18916.332031	76.101
19053.408203	75.433
19191.476562	74.281
19330.546875	72.796
19470.623047	71.140
19611.714844	69.449
19753.830078	67.820
19896.974609	66.425
