20.000000	101.657	-144.8110
20.144928	101.667	-145.3090
20.290907	101.676	-145.8134
20.437943	101.683	-146.3215
20.586044	101.689	-146.8265
20.735220	101.692	-147.3307
20.885475	101.694	-147.8278
21.036821	101.695	-148.3152
21.189262	101.695	-148.7943
21.342808	101.695	-149.2633
21.497467	101.695	-149.7224
21.653246	101.696	-150.1777
21.810154	101.697	-150.6281
21.968201	101.699	-151.0793
22.127390	101.701	-151.5356
22.287735	101.704	-151.9964
22.449242	101.706	-152.4656
22.611917	101.707	-152.9422
22.775772	101.707	-153.4214
22.940815	101.704	-153.9051
23.107054	101.699	-154.3831
23.274498	101.692	-154.8545
23.443153	101.683	-155.3139
23.613033	101.673	-155.7558
23.784142	101.663	-156.1823
23.956491	101.653	-156.5906
24.130091	101.645	-156.9845
24.304947	101.639	-157.3705
24.481071	101.636	-157.7498
24.658470	101.635	-158.1356
24.837156	101.637	-158.5267
25.017136	101.639	-158.9340
25.198421	101.642	-159.3563
25.381020	101.645	-159.7954
25.564941	101.646	-160.2507
25.750195	101.646	-160.7151
25.936790	101.643	-161.1884
26.124741	101.637	-161.6599
26.314051	101.630	-162.1298
26.504732	101.620	-162.5902
26.696796	101.610	-163.0419
26.890253	101.598	-163.4830
27.085112	101.587	-163.9149
27.281382	101.576	-164.3401
27.479073	101.565	-164.7606
27.678198	101.555	-165.1793
27.878765	101.544	-165.5971
28.080786	101.533	-166.0154
28.284271	101.522	-166.4330
28.489231	101.510	-166.8497
28.695675	101.498	-167.2634
28.903616	101.485	-167.6738
29.113064	101.472	-168.0795
29.324028	101.458	-168.4808
29.536524	101.444	-168.8779
29.750557	101.430	-169.2715
29.966141	101.416	-169.6618
30.183289	101.401	-170.0493
30.402010	101.387	-170.4340
30.622314	101.372	-170.8157
30.844217	101.357	-171.1951
31.067726	101.342	-171.5722
31.292856	101.328	-171.9492
31.519617	101.313	-172.3272
31.748020	101.299	-172.7079
31.978081	101.284	-173.0917
32.209808	101.268	-173.4782
32.443211	101.251	-173.8650
32.678310	101.233	-174.2483
32.915108	101.213	-174.6255
33.153625	101.192	-174.9927
33.393871	101.172	-175.3505
33.635857	101.151	-175.6990
33.879597	101.132	-176.0437
34.125103	101.114	-176.3886
34.372387	101.096	-176.7378
34.621464	101.078	-177.0942
34.872345	101.059	-177.4560
35.125042	101.039	-177.8213
35.379574	101.018	-178.1840
35.635948	100.995	-178.5409
35.894180	100.972	-178.8901
36.154285	100.950	-179.2320
36.416275	100.927	-179.5711
36.680161	100.905	-179.9101
36.945961	100.884	179.7476
37.213688	100.861	179.4021
37.483353	100.837	179.0567
37.754974	100.813	178.7148
38.028561	100.787	178.3808
38.304131	100.761	178.0553
38.581699	100.736	177.7356
38.861279	100.711	177.4182
39.142883	100.687	177.0983
39.426529	100.663	176.7737
39.712231	100.637	176.4465
40.000000	100.611	176.1201
40.289856	100.584	175.7990
40.581814	100.556	175.4860
40.875885	100.529	175.1791
41.172089	100.502	174.8739
41.470440	100.476	174.5663
41.770950	100.448	174.2537
42.073643	100.420	173.9373
42.378525	100.389	173.6236
42.685616	100.357	173.3189
42.994934	100.325	173.0276
43.306492	100.292	172.7507
43.620308	100.260	172.4853
43.936401	100.229	172.2265
44.254780	100.200	171.9697
44.575470	100.170	171.7132
44.898483	100.142	171.4574
45.223835	100.113	171.2036
45.551544	100.085	170.9534
45.881630	100.057	170.7082
46.214108	100.029	170.4688
46.548996	100.003	170.2354
46.886307	99.978	170.0063
47.226067	99.954	169.7759
47.568283	99.932	169.5358
47.912983	99.911	169.2787
48.260181	99.888	169.0033
48.609894	99.863	168.7173
48.962143	99.834	168.4344
49.316940	99.803	168.1675
49.674313	99.771	167.9200
50.034271	99.739	167.6830
50.396843	99.708	167.4402
50.762039	99.675	167.1791
51.129883	99.640	166.9005
51.500389	99.601	166.6189
51.873581	99.559	166.3535
52.249481	99.516	166.1148
52.628101	99.475	165.8978
53.009464	99.437	165.6857
53.393593	99.402	165.4614
53.780506	99.367	165.2183
54.170223	99.330	164.9626
54.562763	99.292	164.7063
54.958145	99.252	164.4583
55.356396	99.212	164.2211
55.757530	99.172	163.9932
56.161572	99.132	163.7739
56.568542	99.092	163.5656
56.978462	99.053	163.3702
57.391350	99.016	163.1838
57.807232	98.982	162.9949
58.226128	98.948	162.7882
58.648056	98.913	162.5557
59.073048	98.874	162.3034
59.501114	98.829	162.0534
59.932281	98.780	161.8333
60.366577	98.729	161.6591
60.804020	98.680	161.5232
61.244629	98.636	161.3987
61.688435	98.595	161.2568
62.135452	98.556	161.0846
62.585712	98.516	160.8900
63.039234	98.475	160.6913
63.496040	98.433	160.5013
63.956161	98.393	160.3231
64.419617	98.354	160.1535
64.886421	98.316	159.9876
65.356621	98.280	159.8208
65.830215	98.244	159.6482
66.307251	98.208	159.4698
66.787743	98.170	159.2938
67.271713	98.132	159.1315
67.759193	98.094	158.9856
68.250206	98.058	158.8460
68.744774	98.022	158.7000
69.242928	97.986	158.5445
69.744690	97.948	158.3865
70.250084	97.909	158.2326
70.759148	97.869	158.0826
71.271896	97.829	157.9341
71.788361	97.788	157.7882
72.308571	97.747	157.6469
72.832550	97.706	157.5092
73.360321	97.666	157.3732
73.891922	97.626	157.2401
74.427376	97.587	157.1103
74.966705	97.549	156.9811
75.509949	97.512	156.8508
76.057121	97.474	156.7241
76.608261	97.436	156.6068
77.163399	97.399	156.4951
77.722557	97.362	156.3797
78.285767	97.323	156.2587
78.853058	97.283	156.1401
79.424461	97.240	156.0307
80.000000	97.197	155.9305
80.579712	97.154	155.8350
81.163628	97.111	155.7369
81.751770	97.068	155.6277
82.344177	97.026	155.5057
82.940880	96.982	155.3798
83.541901	96.937	155.2619
84.147285	96.893	155.1598
84.757050	96.849	155.0774
85.371231	96.808	155.0155
85.989868	96.769	154.9667
86.612984	96.732	154.9082
87.240616	96.693	154.8191
87.872803	96.648	154.7186
88.509560	96.597	154.6838
89.150940	96.550	154.7543
89.796967	96.516	154.8355
90.447670	96.491	154.7747
91.103088	96.456	154.5659
91.763260	96.405	154.3597
92.428215	96.349	154.2471
93.097992	96.296	154.1788
93.772614	96.246	154.0963
94.452133	96.198	154.0164
95.136566	96.153	153.9504
95.825966	96.111	153.8765
96.520363	96.069	153.7967
97.219788	96.025	153.7318
97.924286	95.982	153.6818
98.633881	95.938	153.6401
99.348625	95.893	153.6123
100.068542	95.849	153.5941
100.793686	95.804	153.5698
101.524078	95.758	153.5348
102.259766	95.712	153.4952
103.000778	95.665	153.4545
103.747162	95.619	153.4132
104.498962	95.572	153.3699
105.256203	95.524	153.3237
106.018929	95.476	153.2820
106.787186	95.427	153.2573
107.561012	95.378	153.2499
108.340446	95.330	153.2455
109.125526	95.282	153.2363
109.916290	95.234	153.2291
110.712791	95.185	153.2278
111.515060	95.136	153.2252
112.323143	95.087	153.2194
113.137085	95.038	153.2165
113.956924	94.990	153.2137
114.782700	94.942	153.2041
115.614464	94.893	153.1949
116.452255	94.843	153.1941
117.296112	94.793	153.2019
118.146095	94.744	153.2187
119.002228	94.693	153.2253
119.864563	94.639	153.2166
120.733154	94.580	153.2442
121.608040	94.520	153.3257
122.489258	94.462	153.4144
123.376869	94.404	153.4947
124.270905	94.347	153.5823
125.171425	94.290	153.6807
126.078468	94.236	153.7869
126.992081	94.184	153.9032
127.912323	94.132	154.0445
128.839233	94.081	154.2180
129.772842	94.032	154.4061
130.713242	93.984	154.5941
131.660431	93.932	154.7911
132.614502	93.878	155.0132
133.575485	93.821	155.2762
134.543427	93.763	155.5952
135.518387	93.707	155.9848
136.500412	93.655	156.4628
137.489548	93.614	157.0452
138.485855	93.589	157.7452
139.489380	93.591	158.5308
140.500168	93.623	159.3082
141.518295	93.684	159.9869
142.543793	93.769	160.4955
143.576721	93.869	160.7607
144.617142	93.970	160.7524
145.665100	94.059	160.4890
146.720642	94.123	160.0513
147.783844	94.161	159.6123
148.854752	94.180	159.2204
149.933411	94.185	158.8423
151.019897	94.177	158.4930
152.114243	94.156	158.1683
153.216522	94.124	157.9084
154.326797	94.089	157.7363
155.445114	94.055	157.6058
156.571533	94.022	157.4860
157.706116	93.989	157.4018
158.848923	93.958	157.3522
160.000000	93.927	157.2585
161.159424	93.891	157.1584
162.327255	93.855	157.0667
163.503540	93.817	156.9420
164.688354	93.779	156.8789
165.881760	93.745	156.8644
167.083801	93.712	156.8003
168.294571	93.671	156.7520
169.514099	93.624	156.7686
170.742462	93.575	156.8398
171.979736	93.529	156.9040
173.225967	93.483	156.9144
174.481232	93.439	156.9325
175.745605	93.397	156.9445
177.019119	93.357	156.9630
178.301880	93.318	157.0068
179.593933	93.280	157.0677
180.895340	93.243	157.1361
182.206177	93.206	157.1910
183.526520	93.169	157.2265
184.856430	93.132	157.2539
186.195984	93.095	157.2731
187.545227	93.056	157.3031
188.904266	93.017	157.3523
190.273132	92.978	157.4094
191.651932	92.938	157.4732
193.040726	92.899	157.5379
194.439575	92.859	157.5983
195.848572	92.818	157.6644
197.267761	92.778	157.7323
198.697250	92.737	157.8072
200.137085	92.698	157.8911
201.587372	92.660	157.9769
203.048157	92.624	158.0609
204.519531	92.588	158.1482
206.001556	92.553	158.2471
207.494324	92.519	158.3491
208.997925	92.484	158.4473
210.512405	92.450	158.5454
212.037857	92.416	158.6493
213.574371	92.382	158.7618
215.122025	92.348	158.8836
216.680893	92.314	159.0086
218.251053	92.281	159.1349
219.832581	92.248	159.2569
221.425583	92.215	159.3776
223.030121	92.183	159.4979
224.646286	92.150	159.6232
226.274170	92.118	159.7571
227.913849	92.085	159.8952
229.565399	92.053	160.0347
231.228928	92.022	160.1727
232.904510	91.990	160.3140
234.592224	91.959	160.4625
236.292191	91.928	160.6209
238.004456	91.898	160.7913
239.729126	91.870	160.9609
241.466309	91.842	161.1143
243.216080	91.815	161.2748
244.978516	91.789	161.4478
246.753738	91.765	161.6158
248.541809	91.742	161.7732
250.342850	91.719	161.9197
252.156937	91.694	162.0544
253.984161	91.666	162.1835
255.824646	91.638	162.3128
257.678467	91.608	162.4401
259.545685	91.578	162.5694
261.426483	91.548	162.7044
263.320862	91.518	162.8394
265.229004	91.487	162.9735
267.150970	91.456	163.1136
269.086853	91.425	163.2650
271.036774	91.394	163.4178
273.000824	91.363	163.5635
274.979095	91.333	163.7081
276.971710	91.302	163.8614
278.978760	91.272	164.0270
281.000336	91.242	164.1959
283.036591	91.211	164.3622
285.087585	91.181	164.5283
287.153442	91.151	164.6940
289.234283	91.123	164.8634
291.330200	91.095	165.0301
293.441284	91.066	165.1979
295.567688	91.037	165.3666
297.709503	91.008	165.5388
299.866821	90.980	165.7118
302.039795	90.953	165.8837
304.228485	90.925	166.0585
306.433044	90.898	166.2334
308.653595	90.871	166.4113
310.890228	90.845	166.5933
313.143066	90.819	166.7789
315.412231	90.794	166.9608
317.697845	90.773	167.1325
320.000000	90.753	167.3085
322.318848	90.735	167.4977
324.654510	90.717	167.6906
327.007080	90.699	167.8809
329.376709	90.680	168.0694
331.763519	90.662	168.2569
334.167603	90.644	168.4478
336.589142	90.627	168.6396
339.028198	90.610	168.8304
341.484924	90.594	169.0220
343.959473	90.577	169.2165
346.451935	90.560	169.4164
348.962463	90.543	169.6111
351.491211	90.526	169.8018
354.038239	90.510	169.9993
356.603760	90.494	170.2030
359.187866	90.478	170.4056
361.790680	90.462	170.6011
364.412354	90.447	170.8014
367.053040	90.432	171.0080
369.712860	90.417	171.2158
372.391968	90.402	171.4187
375.090454	90.387	171.6233
377.808533	90.372	171.8350
380.546265	90.358	172.0469
383.303864	90.343	172.2571
386.081451	90.330	172.4708
388.879150	90.317	172.6888
391.697144	90.304	172.9036
394.535522	90.291	173.1168
397.394501	90.278	173.3337
400.274170	90.265	173.5477
403.174744	90.252	173.7594
406.096313	90.239	173.9743
409.039062	90.225	174.1940
412.003113	90.212	174.4183
414.988647	90.200	174.6391
417.995850	90.188	174.8555
421.024811	90.176	175.0808
424.075714	90.164	175.3126
427.148743	90.154	175.5444
430.244049	90.143	175.7726
433.361786	90.132	176.0018
436.502106	90.121	176.2324
439.665161	90.110	176.4692
442.851166	90.100	176.7065
446.060242	90.089	176.9350
449.292572	90.079	177.1724
452.548340	90.068	177.4122
455.827698	90.058	177.6472
459.130798	90.049	177.8823
462.457855	90.041	178.1204
465.809021	90.032	178.3616
469.184448	90.023	178.6064
472.584381	90.014	178.8520
476.008911	90.005	179.0983
479.458252	89.997	179.3402
482.932617	89.989	179.5802
486.432159	89.982	179.8266
489.957031	89.974	-179.9223
493.507477	89.967	-179.6730
497.083618	89.960	-179.4239
500.685699	89.954	-179.1680
504.313873	89.948	-178.9094
507.968323	89.944	-178.6519
511.649292	89.940	-178.3938
515.356934	89.937	-178.1360
519.091370	89.933	-177.8760
522.852966	89.931	-177.6146
526.641724	89.928	-177.3485
530.458008	89.926	-177.0803
534.301941	89.925	-176.8163
538.173706	89.923	-176.5513
542.073547	89.921	-176.2815
546.001648	89.920	-176.0072
549.958191	89.917	-175.7382
553.943420	89.916	-175.4706
557.957520	89.915	-175.1910
562.000671	89.915	-174.9115
566.073181	89.916	-174.6368
570.175171	89.916	-174.3555
574.306885	89.916	-174.0705
578.468567	89.916	-173.7888
582.660400	89.918	-173.5094
586.882568	89.919	-173.2207
591.135376	89.920	-172.9276
595.419006	89.922	-172.6385
599.733643	89.924	-172.3445
604.079590	89.927	-172.0461
608.456970	89.930	-171.7528
612.866089	89.933	-171.4549
617.307190	89.936	-171.1514
621.780457	89.940	-170.8505
626.286133	89.944	-170.5512
630.824463	89.951	-170.2467
635.395691	89.960	-169.9376
640.000000	89.971	-169.6257
644.637695	89.983	-169.3178
649.309021	89.994	-169.0029
654.014160	90.006	-168.6813
658.753418	90.018	-168.3644
663.527039	90.031	-168.0517
668.335205	90.044	-167.7306
673.178284	90.059	-167.4024
678.056396	90.073	-167.0770
682.969849	90.088	-166.7473
687.918945	90.104	-166.4157
692.903870	90.119	-166.0821
697.924927	90.135	-165.7489
702.982422	90.152	-165.4159
708.076477	90.169	-165.0829
713.207520	90.188	-164.7468
718.375732	90.207	-164.4068
723.581360	90.227	-164.0624
728.824707	90.247	-163.7173
734.106079	90.267	-163.3739
739.425720	90.288	-163.0284
744.783936	90.310	-162.6787
750.180908	90.333	-162.3330
755.617065	90.356	-161.9866
761.092529	90.380	-161.6396
766.607727	90.404	-161.2906
772.162903	90.430	-160.9440
777.758301	90.455	-160.6005
783.394287	90.481	-160.2556
789.071045	90.507	-159.9109
794.789001	90.533	-159.5678
800.548340	90.558	-159.2206
806.349487	90.580	-158.8757
812.192627	90.601	-158.5375
818.078125	90.621	-158.1973
824.006226	90.641	-157.8577
829.977295	90.660	-157.5230
835.991699	90.678	-157.1885
842.049622	90.696	-156.8419
848.151428	90.713	-156.4793
854.297485	90.730	-156.1084
860.488098	90.746	-155.7230
866.723572	90.762	-155.3150
873.004211	90.780	-154.8900
879.330322	90.800	-154.4477
885.702332	90.823	-153.9910
892.120483	90.848	-153.5222
898.585144	90.877	-153.0410
905.096680	90.909	-152.5567
911.655396	90.945	-152.0735
918.261597	90.985	-151.5939
924.915710	91.028	-151.1211
931.618042	91.073	-150.6530
938.368896	91.121	-150.1962
945.168762	91.171	-149.7480
952.017822	91.223	-149.3086
958.916504	91.276	-148.8760
965.865234	91.331	-148.4531
972.864319	91.388	-148.0436
979.914062	91.447	-147.6425
987.014954	91.506	-147.2482
994.167236	91.563	-146.8604
1001.371399	91.616	-146.4878
1008.627747	91.663	-146.1306
1015.936646	91.707	-145.7774
1023.298584	91.751	-145.4287
1030.713867	91.795	-145.0933
1038.182739	91.841	-144.7661
1045.705933	91.887	-144.4489
1053.283447	91.933	-144.1474
1060.916016	91.981	-143.8532
1068.603882	92.029	-143.5650
1076.347412	92.077	-143.2919
1084.147095	92.126	-143.0306
1092.003296	92.175	-142.7752
1099.916382	92.225	-142.5264
1107.886841	92.275	-142.2921
1115.915039	92.326	-142.0724
1124.001343	92.376	-141.8576
1132.146362	92.427	-141.6517
1140.350342	92.477	-141.4581
1148.613770	92.527	-141.2770
1156.937134	92.578	-141.1030
1165.320801	92.628	-140.9375
1173.765137	92.679	-140.7820
1182.270752	92.729	-140.6359
1190.838013	92.779	-140.4952
1199.467285	92.828	-140.3590
1208.159180	92.877	-140.2305
1216.913940	92.925	-140.1105
1225.732178	92.974	-139.9959
1234.614380	93.022	-139.8877
1243.560913	93.073	-139.7866
1252.572266	93.129	-139.6935
1261.648926	93.190	-139.6013
1270.791382	93.254	-139.5151
1280.000000	93.319	-139.4342
1289.275391	93.384	-139.3585
1298.618042	93.448	-139.2873
1308.028320	93.512	-139.2169
1317.506836	93.575	-139.1468
1327.054077	93.638	-139.0786
1336.670410	93.701	-139.0168
1346.356567	93.763	-138.9590
1356.112793	93.825	-138.9004
1365.939697	93.887	-138.8423
1375.837891	93.949	-138.7874
1385.807739	94.011	-138.7360
1395.849854	94.072	-138.6857
1405.964844	94.134	-138.6387
1416.152954	94.196	-138.5894
1426.415039	94.257	-138.5400
1436.751465	94.319	-138.4919
1447.162720	94.381	-138.4473
1457.649414	94.443	-138.4039
1468.212158	94.505	-138.3590
1478.851440	94.567	-138.3153
1489.567871	94.629	-138.2773
1500.361816	94.692	-138.2411
1511.234131	94.754	-138.2017
1522.185059	94.817	-138.1640
1533.215454	94.880	-138.1308
1544.325806	94.943	-138.0997
1555.516602	95.007	-138.0673
1566.788574	95.071	-138.0383
1578.142090	95.136	-138.0111
1589.578003	95.202	-137.9837
1601.096680	95.269	-137.9629
1612.698975	95.339	-137.9442
1624.385254	95.410	-137.9240
1636.156250	95.481	-137.9056
1648.012451	95.554	-137.8878
1659.954590	95.627	-137.8739
1671.983398	95.701	-137.8642
1684.099243	95.776	-137.8580
1696.302856	95.852	-137.8572
1708.594971	95.930	-137.8659
1720.976196	96.008	-137.8835
1733.447144	96.086	-137.9105
1746.008423	96.165	-137.9480
1758.660645	96.243	-137.9953
1771.404663	96.322	-138.0480
1784.240967	96.400	-138.1058
1797.170288	96.479	-138.1703
1810.193359	96.558	-138.2398
1823.310791	96.638	-138.3161
1836.523193	96.718	-138.4013
1849.831421	96.798	-138.4927
1863.236084	96.879	-138.5897
1876.737793	96.960	-138.6954
1890.337524	97.041	-138.8120
1904.035645	97.123	-138.9393
1917.833008	97.204	-139.0738
1931.730469	97.286	-139.2191
1945.728638	97.368	-139.3761
1959.828125	97.449	-139.5396
1974.029907	97.531	-139.7144
1988.334473	97.613	-139.9012
2002.742798	97.696	-140.0988
2017.255493	97.779	-140.3073
2031.873291	97.862	-140.5259
2046.597168	97.945	-140.7579
2061.427734	98.028	-141.0046
2076.365479	98.110	-141.2629
2091.411865	98.191	-141.5315
2106.566895	98.273	-141.8099
2121.832031	98.354	-142.1013
2137.207764	98.434	-142.4057
2152.694824	98.514	-142.7211
2168.294189	98.593	-143.0498
2184.006592	98.671	-143.3929
2199.832764	98.748	-143.7477
2215.773682	98.823	-144.1152
2231.830078	98.898	-144.4963
2248.002686	98.971	-144.8898
2264.292725	99.043	-145.2947
2280.700684	99.113	-145.7123
2297.227539	99.183	-146.1398
2313.874268	99.250	-146.5751
2330.641602	99.315	-147.0220
2347.530273	99.379	-147.4798
2364.541504	99.441	-147.9457
2381.676025	99.501	-148.4199
2398.934570	99.560	-148.9042
2416.318359	99.616	-149.3968
2433.827881	99.670	-149.8966
2451.464355	99.722	-150.4014
2469.228760	99.772	-150.9103
2487.121826	99.820	-151.4261
2505.144531	99.864	-151.9465
2523.297852	99.907	-152.4705
2541.582764	99.946	-152.9961
2560.000000	99.984	-153.5241
2578.550781	100.018	-154.0518
2597.236084	100.050	-154.5800
2616.056641	100.080	-155.1087
2635.013672	100.108	-155.6349
2654.108154	100.132	-156.1559
2673.340820	100.155	-156.6779
2692.713135	100.175	-157.1979
2712.225586	100.191	-157.7127
2731.879395	100.205	-158.2230
2751.675781	100.217	-158.7287
2771.615479	100.225	-159.2259
2791.699707	100.231	-159.7138
2811.929688	100.234	-160.1905
2832.305908	100.233	-160.6501
2852.830078	100.230	-161.0866
2873.502930	100.225	-161.4959
2894.325439	100.221	-161.8807
2915.298828	100.216	-162.2453
2936.424316	100.212	-162.5969
2957.702881	100.209	-162.9402
2979.135742	100.205	-163.2780
3000.723633	100.202	-163.6087
3022.468262	100.198	-163.9310
3044.370117	100.194	-164.2461
3066.430908	100.189	-164.5500
3088.651611	100.184	-164.8360
3111.033203	100.180	-165.1138
3133.577148	100.177	-165.3827
3156.284180	100.177	-165.6389
3179.156006	100.179	-165.8834
3202.193359	100.183	-166.1128
3225.397949	100.189	-166.3288
3248.770508	100.195	-166.5358
3272.312500	100.202	-166.7294
3296.024902	100.209	-166.9049
3319.909180	100.217	-167.0604
3343.966797	100.225	-167.1959
3368.198486	100.234	-167.3105
3392.605713	100.244	-167.3891
3417.189941	100.257	-167.4246
3441.952393	100.275	-167.4125
3466.894287	100.300	-167.3489
3492.016846	100.336	-167.2315
3517.321289	100.387	-167.0784
3542.809326	100.458	-166.9301
3568.481934	100.547	-166.8369
3594.340576	100.651	-166.8513
3620.386719	100.764	-167.0042
3646.621582	100.877	-167.3004
3673.046387	100.985	-167.7105
3699.662842	101.084	-168.1925
3726.472168	101.176	-168.7175
3753.475586	101.261	-169.2663
3780.675049	101.342	-169.8303
3808.071289	101.420	-170.4076
3835.666016	101.498	-171.0081
3863.460938	101.576	-171.6458
3891.457275	101.653	-172.3331
3919.656250	101.728	-173.0766
3948.059814	101.798	-173.8766
3976.668945	101.860	-174.7321
4005.485596	101.910	-175.6365
4034.510986	101.945	-176.5808
4063.746582	101.968	-177.5670
4093.194336	101.977	-178.5934
4122.855469	101.970	-179.6419
4152.730957	101.947	179.3314
4182.823730	101.909	178.3976
4213.133789	101.866	177.6376
4243.664062	101.836	177.0741
4274.415527	101.833	176.6045
4305.389648	101.860	176.0630
4336.588379	101.909	175.3368
4368.013184	101.965	174.3990
4399.665527	102.018	173.2530
4431.547363	102.059	171.9118
4463.660156	102.081	170.4081
4496.005371	102.078	168.7875
4528.585449	102.049	167.0938
4561.401367	101.994	165.3561
4594.455078	101.912	163.5991
4627.748535	101.805	161.8462
4661.283203	101.671	160.1176
4695.060547	101.512	158.4331
4729.083008	101.327	156.8143
4763.352051	101.120	155.2784
4797.869141	100.890	153.8479
4832.636719	100.640	152.5435
4867.655762	100.373	151.3857
4902.928711	100.092	150.3937
4938.457520	99.802	149.5831
4974.243652	99.509	148.9578
5010.289062	99.220	148.5101
5046.595703	98.940	148.2212
5083.165527	98.672	148.0496
5120.000000	98.415	147.9349
5157.101562	98.165	147.8577
5194.472168	97.916	147.8375
5232.113281	97.671	147.8878
5270.027344	97.428	148.0094
5308.216309	97.188	148.2038
5346.681641	96.953	148.4632
5385.426270	96.722	148.7784
5424.451172	96.495	149.1504
5463.758789	96.271	149.5789
5503.351562	96.051	150.0642
5543.230957	95.834	150.6066
5583.399414	95.621	151.2078
5623.859375	95.411	151.8647
5664.611816	95.205	152.5773
5705.660156	95.003	153.3558
5747.005859	94.806	154.2018
5788.650879	94.615	155.1180
5830.597656	94.433	156.1007
5872.848633	94.260	157.1420
5915.405762	94.097	158.2333
5958.271484	93.945	159.3697
6001.447266	93.804	160.5452
6044.936523	93.673	161.7573
6088.740234	93.553	163.0002
6132.861816	93.444	164.2662
6177.303223	93.344	165.5599
6222.066406	93.255	166.8824
6267.154297	93.173	168.2300
6312.568359	93.098	169.6068
6358.312012	93.029	171.0090
6404.386719	92.969	172.4395
6450.795898	92.920	173.8986
6497.541016	92.882	175.3765
6544.625000	92.857	176.8668
6592.049805	92.844	178.3684
6639.818359	92.844	179.8867
6687.933594	92.858	-178.5777
6736.396973	92.887	-177.0275
6785.211426	92.933	-175.4637
6834.379883	92.998	-173.8903
6883.904785	93.083	-172.3110
6933.788574	93.191	-170.7300
6984.033691	93.324	-169.1580
7034.642578	93.483	-167.6098
7085.618652	93.671	-166.1001
7136.963867	93.890	-164.6443
7188.681152	94.142	-163.2638
7240.773438	94.428	-161.9853
7293.243164	94.752	-160.8346
7346.092773	95.115	-159.8574
7399.325684	95.518	-159.0950
7452.944336	95.963	-158.5946
7506.951172	96.451	-158.4297
7561.350098	96.979	-158.7032
7616.142578	97.542	-159.5067
7671.332031	98.129	-160.9442
7726.921875	98.724	-163.1418
7782.914551	99.302	-166.2160
7839.312500	99.829	-170.2269
7896.119629	100.268	-175.1721
7953.337891	100.578	179.0571
8010.971191	100.726	172.6959
8069.021973	100.693	166.0847
8127.493164	100.477	159.5928
8186.388672	100.093	153.5508
8245.710938	99.570	148.1960
8305.461914	98.943	143.6511
8365.647461	98.245	139.9399
8426.267578	97.507	137.0167
8487.328125	96.750	134.8159
8548.831055	95.993	133.2531
8610.779297	95.246	132.2435
8673.176758	94.520	131.7154
8736.026367	93.818	131.5986
8799.331055	93.144	131.8298
8863.094727	92.499	132.3618
8927.320312	91.883	133.1574
8992.010742	91.296	134.1906
9057.170898	90.737	135.4202
9122.802734	90.205	136.8212
9188.910156	89.698	138.3790
9255.497070	89.215	140.0791
9322.566406	88.754	141.9165
9390.121094	88.315	143.8743
9458.166016	87.900	145.9412
9526.704102	87.507	148.1146
9595.738281	87.138	150.3820
9665.273438	86.794	152.7258
9735.311523	86.475	155.1290
9805.857422	86.180	157.5773
9876.915039	85.907	160.0700
9948.487305	85.654	162.6082
10020.578125	85.422	165.1963
10093.191406	85.210	167.8341
10166.331055	85.018	170.5149
10240.000000	84.845	173.2427
10314.203125	84.691	176.0349
10388.944336	84.564	178.8993
10464.226562	84.467	-178.2209
10540.054688	84.397	-175.4528
10616.432617	84.340	-172.7976
10693.363281	84.291	-170.1339
10770.852539	84.258	-167.3927
10848.902344	84.245	-164.5906
10927.517578	84.257	-161.7616
11006.703125	84.293	-158.9281
11086.461914	84.354	-156.0946
11166.798828	84.439	-153.2692
11247.718750	84.550	-150.4643
11329.223633	84.686	-147.6875
11411.320312	84.849	-144.9451
11494.011719	85.043	-142.2529
11577.301758	85.269	-139.6218
11661.195312	85.530	-137.0667
11745.697266	85.826	-134.5970
11830.811523	86.159	-132.2340
11916.542969	86.529	-130.0166
12002.894531	86.938	-127.9637
12089.873047	87.385	-126.1032
12177.480469	87.871	-124.4884
12265.723633	88.399	-123.1764
12354.606445	88.965	-122.2319
12444.132812	89.569	-121.7223
12534.308594	90.205	-121.7419
12625.136719	90.861	-122.3927
12716.624023	91.520	-123.7709
12808.773438	92.155	-125.9564
12901.591797	92.734	-128.9990
12995.082031	93.218	-132.8605
13089.250000	93.573	-137.3737
13184.099609	93.776	-142.2610
13279.636719	93.818	-147.1817
13375.867188	93.712	-151.7856
13472.793945	93.487	-155.7912
13570.422852	93.180	-159.0414
13668.759766	92.830	-161.4957
13767.809570	92.474	-163.1955
13867.577148	92.139	-164.2364
13968.067383	91.847	-164.7482
14069.285156	91.612	-164.8633
14171.237305	91.447	-164.7035
14273.927734	91.363	-164.3833
14377.362305	91.373	-164.0150
14481.546875	91.487	-163.7565
14586.486328	91.713	-163.8275
14692.185547	92.047	-164.4930
14798.651367	92.472	-166.0774
14905.888672	92.947	-168.9569
15013.902344	93.406	-173.5030
15122.700195	93.749	-179.9381
15232.285156	93.862	171.8979
15342.664062	93.646	162.6916
15453.843750	93.059	153.5554
15565.829102	92.129	145.6268
15678.625000	90.944	139.6269
15792.239258	89.616	135.7403
15906.675781	88.253	133.7594
16021.942383	86.946	133.3032
16138.043945	85.752	134.0013
16254.986328	84.687	135.5850
16372.777344	83.741	137.8370
16491.421875	82.904	140.5958
16610.923828	82.170	143.7348
16731.294922	81.532	147.1433
16852.535156	80.982	150.7630
16974.656250	80.518	154.5383
17097.662109	80.141	158.4034
17221.558594	79.852	162.3168
17346.353516	79.655	166.2248
17472.052734	79.551	170.0773
17598.662109	79.544	173.8179
17726.189453	79.642	177.3790
17854.640625	79.853	-179.3866
17984.021484	80.183	-176.6879
18114.341797	80.636	-174.7747
18245.605469	81.198	-174.0053
18377.820312	81.827	-174.8704
18510.994141	82.430	-177.9153
18645.132812	82.868	176.5586
18780.242188	82.984	168.8840
18916.332031	82.660	160.1945
19053.408203	81.870	152.1671
19191.476562	80.690	146.2304
19330.546875	79.260	143.0177
19470.623047	77.728	142.4347
19611.714844	76.211	144.0377
19753.830078	74.805	147.3898
19896.974609	73.674	152.2200
