20.000000	107.455	-178.5044
20.299999	107.442	-179.0172
20.600000	107.428	-179.5049
20.900000	107.413	-179.9655
21.200001	107.399	179.5843
21.400000	107.391	179.2900
21.799999	107.376	178.7163
22.000000	107.369	178.4297
22.400000	107.357	177.8250
22.700001	107.345	177.3639
23.000000	107.331	176.9006
23.299999	107.314	176.4289
23.600000	107.294	175.9736
24.000000	107.264	175.4053
24.299999	107.241	174.9943
24.700001	107.213	174.4753
25.000000	107.194	174.0982
25.400000	107.170	173.5798
25.799999	107.145	173.0607
26.200001	107.118	172.5401
26.500000	107.097	172.1552
26.900000	107.067	171.6643
27.200001	107.044	171.3071
27.600000	107.015	170.8428
28.000000	106.986	170.3888
28.500000	106.949	169.8213
29.000000	106.910	169.2712
29.500000	106.870	168.7350
30.000000	106.830	168.2214
30.400000	106.798	167.8150
30.700001	106.773	167.5154
31.100000	106.740	167.1214
31.500000	106.707	166.7300
32.000000	106.666	166.2591
32.500000	106.625	165.7915
33.000000	106.584	165.3345
33.500000	106.542	164.8795
34.000000	106.499	164.4373
34.500000	106.456	164.0027
35.000000	106.414	163.5806
35.500000	106.371	163.1637
36.000000	106.328	162.7562
36.500000	106.284	162.3552
37.000000	106.240	161.9660
37.500000	106.197	161.5834
38.200001	106.134	161.0641
38.700001	106.089	160.7044
39.500000	106.016	160.1578
40.000000	105.970	159.8362
40.599998	105.917	159.4624
41.200001	105.865	159.1105
41.799999	105.815	158.7752
42.500000	105.761	158.3884
43.099998	105.717	158.0463
43.700001	105.671	157.6908
44.400002	105.616	157.2771
45.000000	105.568	156.9280
45.500000	105.526	156.6380
46.200001	105.467	156.2456
46.799999	105.415	155.9275
47.500000	105.357	155.5692
48.200001	105.298	155.2217
48.700001	105.256	154.9931
49.400002	105.199	154.7046
50.000000	105.155	154.4605
50.799999	105.094	154.0858
51.500000	105.033	153.7278
52.200001	104.966	153.3922
53.000000	104.888	153.0491
53.799999	104.813	152.7147
54.500000	104.746	152.4131
55.200001	104.677	152.1216
56.000000	104.597	151.8199
57.000000	104.504	151.4504
58.000000	104.411	151.0565
59.000000	104.314	150.6907
60.000000	104.222	150.3626
60.799999	104.150	150.1042
61.500000	104.086	149.8836
62.200001	104.023	149.6779
63.000000	103.954	149.4560
64.000000	103.874	149.1781
65.000000	103.796	148.9107
66.000000	103.719	148.6597
67.000000	103.644	148.4096
68.000000	103.570	148.1692
69.000000	103.498	147.9220
70.000000	103.424	147.6839
71.000000	103.349	147.4623
72.000000	103.275	147.2569
73.000000	103.202	147.0631
74.000000	103.130	146.8715
75.000000	103.057	146.6857
76.199997	102.970	146.4717
77.500000	102.878	146.2548
78.800003	102.786	146.0484
80.000000	102.701	145.8676
81.199997	102.615	145.7001
82.500000	102.521	145.5289
83.800003	102.428	145.3646
85.000000	102.343	145.2233
86.199997	102.258	145.0871
87.500000	102.168	144.9507
88.500000	102.099	144.8475
90.000000	101.995	144.7079
91.199997	101.913	144.6097
92.500000	101.825	144.5070
93.800003	101.738	144.4146
95.000000	101.658	144.3363
96.199997	101.579	144.2641
97.500000	101.494	144.1968
98.800003	101.408	144.1373
100.000000	101.330	144.0889
101.500000	101.231	144.0481
103.000000	101.132	144.0098
104.400002	101.041	143.9981
106.000000	100.939	144.0014
107.500000	100.846	144.0054
109.000000	100.753	144.0064
110.599998	100.652	144.0109
112.000000	100.562	144.0357
113.800003	100.444	144.1212
115.000000	100.365	144.2217
117.199997	100.226	144.5438
118.000000	100.182	144.7166
120.599998	100.085	145.3751
122.000000	100.072	145.6305
124.099998	100.069	145.6146
125.000000	100.061	145.4832
126.500000	100.030	145.2071
128.000000	99.981	144.9529
131.500000	99.830	144.5957
132.000000	99.807	144.5699
134.000000	99.715	144.5130
136.000000	99.627	144.5065
138.000000	99.540	144.5294
140.000000	99.456	144.5773
143.000000	99.334	144.6765
145.000000	99.256	144.7650
147.500000	99.162	144.9046
150.000000	99.073	145.0642
152.500000	98.989	145.2295
155.000000	98.910	145.3807
157.500000	98.833	145.5152
160.000000	98.751	145.6370
162.500000	98.660	145.7686
165.000000	98.566	145.9062
167.500000	98.472	146.0545
170.000000	98.378	146.2182
172.500000	98.285	146.4003
175.000000	98.194	146.5998
177.500000	98.106	146.8122
180.000000	98.021	147.0464
182.500000	97.941	147.2837
185.000000	97.868	147.5281
187.500000	97.799	147.7534
190.000000	97.733	147.9494
192.500000	97.667	148.1170
195.000000	97.599	148.2713
197.500000	97.530	148.4191
200.000000	97.462	148.5807
203.000000	97.381	148.7647
206.000000	97.303	148.9733
209.000000	97.226	149.2006
212.000000	97.151	149.4331
214.000000	97.101	149.5895
218.000000	97.005	149.9206
220.000000	96.958	150.0914
224.000000	96.866	150.4444
227.000000	96.800	150.7133
230.000000	96.735	150.9870
233.000000	96.672	151.2644
236.000000	96.611	151.5351
240.000000	96.534	151.8918
243.000000	96.478	152.1553
247.000000	96.404	152.5007
250.000000	96.347	152.7544
254.000000	96.267	153.0850
258.000000	96.187	153.4193
262.000000	96.107	153.7660
265.000000	96.049	154.0300
269.000000	95.972	154.3749
272.000000	95.916	154.6369
276.000000	95.842	154.9893
280.000000	95.772	155.3433
285.000000	95.686	155.7890
290.000000	95.603	156.2387
295.000000	95.523	156.6779
300.000000	95.444	157.1099
304.000000	95.383	157.4612
307.000000	95.337	157.7174
311.000000	95.279	158.0650
315.000000	95.226	158.4120
320.000000	95.168	158.8420
325.000000	95.115	159.2758
330.000000	95.063	159.7020
335.000000	95.014	160.1263
340.000000	94.966	160.5549
345.000000	94.921	160.9783
350.000000	94.876	161.4028
355.000000	94.833	161.8224
360.000000	94.791	162.2371
365.000000	94.750	162.6474
370.000000	94.710	163.0599
375.000000	94.672	163.4674
382.000000	94.620	164.0447
387.000000	94.583	164.4557
395.000000	94.526	165.1085
400.000000	94.493	165.4962
406.000000	94.454	165.9870
412.000000	94.416	166.4712
418.000000	94.379	166.9495
425.000000	94.337	167.5044
431.000000	94.304	167.9716
437.000000	94.271	168.4431
444.000000	94.234	168.9888
450.000000	94.203	169.4589
455.000000	94.179	169.8416
462.000000	94.147	170.3746
468.000000	94.120	170.8315
475.000000	94.089	171.3647
482.000000	94.060	171.8860
487.000000	94.041	172.2609
494.000000	94.014	172.7774
500.000000	93.994	173.2144
508.000000	93.970	173.8166
515.000000	93.951	174.3292
522.000000	93.933	174.8467
530.000000	93.914	175.4266
538.000000	93.896	176.0027
545.000000	93.882	176.5089
552.000000	93.868	177.0116
560.000000	93.853	177.5896
570.000000	93.836	178.2975
580.000000	93.822	179.0063
590.000000	93.809	179.7159
600.000000	93.797	-179.5785
608.000000	93.789	-179.0172
615.000000	93.782	-178.5234
622.000000	93.778	-178.0418
630.000000	93.775	-177.4832
640.000000	93.778	-176.7894
650.000000	93.786	-176.1012
660.000000	93.796	-175.3988
670.000000	93.806	-174.7091
680.000000	93.819	-174.0173
690.000000	93.832	-173.3306
700.000000	93.847	-172.6403
710.000000	93.864	-171.9509
720.000000	93.882	-171.2631
730.000000	93.903	-170.5724
740.000000	93.924	-169.8878
750.000000	93.948	-169.2077
762.000000	93.978	-168.3820
775.000000	94.014	-167.5036
788.000000	94.052	-166.6180
800.000000	94.087	-165.8016
812.000000	94.119	-164.9971
825.000000	94.153	-164.1286
838.000000	94.191	-163.2711
850.000000	94.230	-162.4900
862.000000	94.273	-161.7128
875.000000	94.323	-160.8853
885.000000	94.365	-160.2618
900.000000	94.434	-159.3445
912.000000	94.495	-158.6489
925.000000	94.565	-157.9390
938.000000	94.639	-157.2893
950.000000	94.705	-156.8024
962.000000	94.755	-156.4160
975.000000	94.777	-155.9499
988.000000	94.784	-155.1945
1000.000000	94.809	-154.2780
1015.000000	94.868	-153.2014
1030.000000	94.941	-152.3332
1044.000000	95.010	-151.6579
1060.000000	95.086	-151.0021
1075.000000	95.154	-150.4457
1090.000000	95.219	-149.9500
1106.000000	95.285	-149.4700
1120.000000	95.341	-149.0765
1138.000000	95.410	-148.6272
1150.000000	95.454	-148.3291
1172.000000	95.531	-147.8506
1180.000000	95.557	-147.6892
1206.000000	95.639	-147.2147
1220.000000	95.680	-146.9709
1241.000000	95.742	-146.6283
1250.000000	95.772	-146.4809
1265.000000	95.829	-146.2495
1280.000000	95.890	-146.0097
1315.000000	96.035	-145.3911
1320.000000	96.056	-145.2958
1340.000000	96.149	-144.8904
1360.000000	96.256	-144.5394
1380.000000	96.368	-144.3069
1400.000000	96.471	-144.1925
1430.000000	96.603	-144.0902
1450.000000	96.682	-144.0314
1475.000000	96.772	-143.9659
1500.000000	96.854	-143.9164
1525.000000	96.928	-143.8811
1550.000000	96.994	-143.8408
1575.000000	97.053	-143.8307
1600.000000	97.107	-143.7822
1625.000000	97.158	-143.7395
1650.000000	97.205	-143.6732
1675.000000	97.248	-143.5964
1700.000000	97.285	-143.4955
1725.000000	97.318	-143.3796
1750.000000	97.349	-143.2435
1775.000000	97.376	-143.1194
1800.000000	97.397	-142.9976
1825.000000	97.409	-142.8727
1850.000000	97.411	-142.7570
1875.000000	97.400	-142.6018
1900.000000	97.376	-142.4164
1925.000000	97.337	-142.1797
1950.000000	97.278	-141.8578
1975.000000	97.198	-141.4246
2000.000000	97.093	-140.8134
2030.000000	96.936	-139.6854
2060.000000	96.754	-137.8740
2090.000000	96.596	-135.0228
2120.000000	96.568	-130.9570
2140.000000	96.697	-127.7214
2180.000000	97.429	-121.8093
2200.000000	97.960	-120.1737
2240.000000	98.980	-120.0170
2270.000000	99.547	-121.4402
2300.000000	99.963	-123.1512
2330.000000	100.282	-124.9178
2360.000000	100.520	-126.7642
2400.000000	100.711	-129.1194
2430.000000	100.781	-130.6243
2470.000000	100.816	-132.2116
2500.000000	100.821	-133.1243
2540.000000	100.814	-134.0105
2580.000000	100.801	-134.6118
2620.000000	100.789	-134.9572
2650.000000	100.785	-135.0569
2690.000000	100.801	-135.0065
2720.000000	100.837	-134.9220
2760.000000	100.913	-134.8901
2800.000000	100.995	-135.0619
2850.000000	101.068	-135.4697
2900.000000	101.103	-135.8425
2950.000000	101.112	-136.0645
3000.000000	101.108	-136.0874
3040.000000	101.105	-135.9664
3070.000000	101.106	-135.7943
3110.000000	101.118	-135.4716
3150.000000	101.149	-135.0933
3200.000000	101.213	-134.6251
3250.000000	101.286	-134.1734
3300.000000	101.355	-133.6386
3350.000000	101.444	-132.9004
3400.000000	101.582	-132.0722
3450.000000	101.767	-131.4330
3500.000000	101.968	-131.1275
3550.000000	102.156	-131.0556
3600.000000	102.322	-131.1148
3650.000000	102.471	-131.1940
3700.000000	102.609	-131.2625
3750.000000	102.742	-131.3161
3820.000000	102.928	-131.3215
3870.000000	103.068	-131.3253
3950.000000	103.303	-131.3686
4000.000000	103.449	-131.4630
4060.000000	103.614	-131.6628
4120.000000	103.774	-131.9766
4180.000000	103.935	-132.3959
4250.000000	104.124	-133.0524
4310.000000	104.284	-133.7639
4370.000000	104.439	-134.6153
4440.000000	104.609	-135.8310
4500.000000	104.740	-137.0232
4550.000000	104.836	-138.1461
4620.000000	104.945	-139.8846
4680.000000	105.009	-141.5280
4750.000000	105.042	-143.5720
4820.000000	105.025	-145.7111
4870.000000	104.981	-147.2642
4940.000000	104.873	-149.3912
5000.000000	104.742	-151.1514
5080.000000	104.519	-153.3015
5150.000000	104.281	-154.9890
5220.000000	104.006	-156.4479
5300.000000	103.653	-157.8170
5380.000000	103.262	-158.8185
5450.000000	102.893	-159.3916
5520.000000	102.497	-159.6475
5600.000000	102.002	-159.4872
5700.000000	101.300	-158.0710
5800.000000	100.639	-153.5130
5900.000000	100.744	-146.1342
6000.000000	101.481	-144.5942
6080.000000	101.663	-146.7004
6150.000000	101.536	-148.0311
6220.000000	101.315	-148.3655
6300.000000	101.062	-147.8964
6400.000000	100.794	-146.5754
6500.000000	100.591	-144.8865
6600.000000	100.453	-143.0042
6700.000000	100.376	-141.0378
6800.000000	100.356	-139.0206
6900.000000	100.397	-137.0176
7000.000000	100.503	-135.0605
7100.000000	100.684	-133.2273
7200.000000	100.947	-131.6307
7300.000000	101.293	-130.4495
7400.000000	101.715	-129.8824
7500.000000	102.201	-130.0803
7620.000000	102.838	-131.6063
7750.000000	103.528	-135.2513
7880.000000	104.088	-141.2158
8000.000000	104.332	-148.6653
8120.000000	104.180	-157.1121
8250.000000	103.516	-165.9609
8380.000000	102.422	-173.0751
8500.000000	101.185	-177.4835
8620.000000	99.874	-179.8050
8750.000000	98.480	179.6414
8850.000000	97.465	-179.7455
9000.000000	96.058	-177.5520
9120.000000	95.029	-175.0221
9250.000000	94.001	-171.6403
9380.000000	93.059	-167.7171
9500.000000	92.267	-163.6960
9620.000000	91.552	-159.3303
9750.000000	90.863	-154.3506
9880.000000	90.253	-149.2131
10000.000000	89.754	-144.3306
10150.000000	89.215	-138.1557
10300.000000	88.761	-131.8713
10440.000000	88.406	-125.9327
10600.000000	88.078	-119.0726
10750.000000	87.843	-112.5681
10900.000000	87.679	-106.0737
11060.000000	87.580	-99.0991
11200.000000	87.558	-93.0268
11380.000000	87.621	-85.2457
11500.000000	87.720	-80.0616
11720.000000	88.026	-70.6779
11800.000000	88.179	-67.3046
12060.000000	88.838	-56.5812
12200.000000	89.305	-50.9618
12410.000000	90.170	-42.8738
12500.000000	90.608	-39.5411
12650.000000	91.438	-34.2567
12800.000000	92.412	-29.4420
13150.000000	95.396	-21.1774
13200.000000	95.918	-20.5769
13400.000000	98.231	-20.7048
13600.000000	100.674	-26.6026
13800.000000	102.633	-39.5129
14000.000000	103.398	-57.0450
14300.000000	102.102	-79.7469
14500.000000	100.496	-87.4080
14750.000000	98.754	-90.1712
15000.000000	97.671	-89.7352
15250.000000	97.084	-89.2867
15500.000000	96.795	-89.5897
15750.000000	96.809	-91.8079
16000.000000	96.860	-97.9484
16250.000000	96.393	-107.0892
16500.000000	95.108	-115.4427
16750.000000	93.238	-119.7322
17000.000000	91.243	-119.3716
17250.000000	89.440	-115.4082
17500.000000	87.944	-109.1884
17750.000000	86.765	-101.6535
18000.000000	85.903	-93.2002
18250.000000	85.382	-84.4060
18500.000000	85.237	-75.9597
18750.000000	85.437	-69.0429
19000.000000	85.823	-64.7100
19250.000000	86.157	-62.9856
19500.000000	86.233	-63.2118
19750.000000	85.992	-63.8603
20000.000000	85.697	-61.5092
