20.000000	104.616	176.8885
20.299999	104.615	176.6755
20.600000	104.611	176.4918
20.900000	104.607	176.3463
21.200001	104.603	176.2110
21.400000	104.603	176.1245
21.799999	104.604	175.9606
22.000000	104.605	175.8751
22.400000	104.607	175.6618
22.700001	104.605	175.5054
23.000000	104.601	175.3597
23.299999	104.595	175.2095
23.600000	104.589	175.0720
24.000000	104.581	174.8995
24.299999	104.576	174.7470
24.700001	104.569	174.5411
25.000000	104.561	174.3905
25.400000	104.548	174.1689
25.799999	104.535	173.9719
26.200001	104.522	173.7920
26.500000	104.513	173.6629
26.900000	104.504	173.4988
27.200001	104.499	173.3592
27.600000	104.493	173.1575
28.000000	104.486	172.9545
28.500000	104.476	172.6860
29.000000	104.463	172.4367
29.500000	104.451	172.1932
30.000000	104.439	171.9720
30.400000	104.430	171.7898
30.700001	104.422	171.6586
31.100000	104.411	171.4891
31.500000	104.400	171.3185
32.000000	104.387	171.1241
32.500000	104.375	170.9155
33.000000	104.362	170.7118
33.500000	104.347	170.5079
34.000000	104.329	170.3209
34.500000	104.312	170.1279
35.000000	104.297	169.9388
35.500000	104.283	169.7365
36.000000	104.266	169.5351
36.500000	104.247	169.3481
37.000000	104.227	169.1987
37.500000	104.209	169.0731
38.200001	104.190	168.9360
38.700001	104.180	168.8597
39.500000	104.181	168.7721
40.000000	104.195	168.6831
40.599998	104.217	168.4676
41.200001	104.232	168.1693
41.799999	104.235	167.8383
42.500000	104.229	167.4465
43.099998	104.215	167.1147
43.700001	104.193	166.8054
44.400002	104.160	166.5107
45.000000	104.134	166.3115
45.500000	104.114	166.1636
46.200001	104.087	165.9895
46.799999	104.067	165.8914
47.500000	104.058	165.8193
48.200001	104.071	165.6951
48.700001	104.088	165.5037
49.400002	104.101	165.0958
50.000000	104.091	164.7094
50.799999	104.058	164.2889
51.500000	104.029	163.9793
52.200001	104.003	163.6633
53.000000	103.967	163.3145
53.799999	103.930	163.0014
54.500000	103.901	162.7513
55.200001	103.874	162.4916
56.000000	103.840	162.1881
57.000000	103.796	161.8242
58.000000	103.751	161.4724
59.000000	103.704	161.1361
60.000000	103.659	160.8051
60.799999	103.626	160.5442
61.500000	103.597	160.3069
62.200001	103.567	160.0639
63.000000	103.532	159.7924
64.000000	103.494	159.4778
65.000000	103.461	159.1812
66.000000	103.426	158.8716
67.000000	103.391	158.5768
68.000000	103.355	158.3044
69.000000	103.320	158.0493
70.000000	103.290	157.8021
71.000000	103.261	157.5382
72.000000	103.232	157.2628
73.000000	103.203	156.9708
74.000000	103.170	156.6791
75.000000	103.137	156.3897
76.199997	103.097	156.0337
77.500000	103.050	155.6679
78.800003	103.003	155.3232
80.000000	102.960	155.0169
81.199997	102.914	154.7030
82.500000	102.862	154.3570
83.800003	102.809	154.0454
85.000000	102.761	153.7486
86.199997	102.712	153.4531
87.500000	102.658	153.1400
88.500000	102.616	152.9003
90.000000	102.553	152.5407
91.199997	102.503	152.2778
92.500000	102.449	151.9850
93.800003	102.393	151.6933
95.000000	102.339	151.4347
96.199997	102.284	151.1856
97.500000	102.223	150.9567
98.800003	102.165	150.7266
100.000000	102.113	150.5300
101.500000	102.047	150.2768
103.000000	101.981	150.0271
104.400002	101.920	149.7888
106.000000	101.851	149.5184
107.500000	101.785	149.2453
109.000000	101.718	148.9874
110.599998	101.644	148.7109
112.000000	101.575	148.4964
113.800003	101.485	148.2263
115.000000	101.425	148.0643
117.199997	101.311	147.7974
118.000000	101.269	147.6994
120.599998	101.130	147.4581
122.000000	101.054	147.3702
124.099998	100.942	147.3099
125.000000	100.897	147.2916
126.500000	100.826	147.3105
128.000000	100.760	147.3840
131.500000	100.627	147.7061
132.000000	100.611	147.7721
134.000000	100.557	148.0747
136.000000	100.521	148.3970
138.000000	100.499	148.7331
140.000000	100.497	149.0871
143.000000	100.543	149.5911
145.000000	100.613	149.7733
147.500000	100.728	149.6373
150.000000	100.831	149.0343
152.500000	100.891	148.1216
155.000000	100.906	147.1161
157.500000	100.883	146.0795
160.000000	100.818	145.0828
162.500000	100.712	144.2345
165.000000	100.584	143.6069
167.500000	100.459	143.2060
170.000000	100.353	142.9538
172.500000	100.273	142.7059
175.000000	100.202	142.3367
177.500000	100.120	141.8686
180.000000	100.020	141.4045
182.500000	99.910	141.0549
185.000000	99.801	140.8183
187.500000	99.701	140.6465
190.000000	99.614	140.5170
192.500000	99.537	140.3428
195.000000	99.464	140.1279
197.500000	99.388	139.8482
200.000000	99.308	139.5647
203.000000	99.209	139.2536
206.000000	99.108	138.9755
209.000000	99.005	138.7458
212.000000	98.903	138.5455
214.000000	98.837	138.4146
218.000000	98.711	138.1785
220.000000	98.649	138.0577
224.000000	98.524	137.8367
227.000000	98.430	137.6963
230.000000	98.335	137.5638
233.000000	98.242	137.4420
236.000000	98.150	137.3235
240.000000	98.029	137.1992
243.000000	97.938	137.1205
247.000000	97.819	137.0113
250.000000	97.730	136.9437
254.000000	97.608	136.8553
258.000000	97.485	136.7927
262.000000	97.364	136.7325
265.000000	97.273	136.7040
269.000000	97.154	136.6542
272.000000	97.066	136.6411
276.000000	96.950	136.6130
280.000000	96.834	136.6019
285.000000	96.693	136.5934
290.000000	96.553	136.6053
295.000000	96.415	136.6130
300.000000	96.279	136.6553
304.000000	96.173	136.6794
307.000000	96.093	136.7098
311.000000	95.989	136.7468
315.000000	95.889	136.7987
320.000000	95.772	136.8718
325.000000	95.661	136.9412
330.000000	95.552	137.0266
335.000000	95.443	137.1149
340.000000	95.337	137.2195
345.000000	95.232	137.3386
350.000000	95.127	137.4557
355.000000	95.024	137.5785
360.000000	94.921	137.7165
365.000000	94.821	137.8518
370.000000	94.722	138.0041
375.000000	94.624	138.1649
382.000000	94.490	138.3825
387.000000	94.394	138.5513
395.000000	94.243	138.8307
400.000000	94.150	139.0203
406.000000	94.039	139.2397
412.000000	93.929	139.4904
418.000000	93.821	139.7345
425.000000	93.698	140.0136
431.000000	93.595	140.2866
437.000000	93.492	140.5367
444.000000	93.373	140.8588
450.000000	93.272	141.1294
455.000000	93.189	141.3713
462.000000	93.076	141.7180
468.000000	92.979	142.0253
475.000000	92.868	142.3892
482.000000	92.758	142.7342
487.000000	92.681	143.0112
494.000000	92.574	143.3847
500.000000	92.486	143.7091
508.000000	92.373	144.1648
515.000000	92.276	144.5619
522.000000	92.180	144.9572
530.000000	92.072	145.4419
538.000000	91.965	145.9136
545.000000	91.875	146.3332
552.000000	91.786	146.7949
560.000000	91.686	147.2834
570.000000	91.563	147.9172
580.000000	91.441	148.5782
590.000000	91.323	149.2483
600.000000	91.208	149.9218
608.000000	91.118	150.4827
615.000000	91.041	150.9583
622.000000	90.966	151.4517
630.000000	90.883	152.0150
640.000000	90.787	152.7476
650.000000	90.696	153.4938
660.000000	90.609	154.2355
670.000000	90.523	154.9877
680.000000	90.440	155.7520
690.000000	90.360	156.5207
700.000000	90.284	157.3006
710.000000	90.210	158.1002
720.000000	90.138	158.9008
730.000000	90.069	159.7267
740.000000	90.003	160.5535
750.000000	89.939	161.3738
762.000000	89.867	162.3883
775.000000	89.792	163.4884
788.000000	89.724	164.6065
800.000000	89.662	165.6405
812.000000	89.599	166.6799
825.000000	89.531	167.8294
838.000000	89.466	168.9691
850.000000	89.413	170.0251
862.000000	89.365	171.0898
875.000000	89.319	172.2417
885.000000	89.288	173.1200
900.000000	89.246	174.4489
912.000000	89.218	175.4964
925.000000	89.194	176.6144
938.000000	89.176	177.7331
950.000000	89.162	178.7607
962.000000	89.154	179.7601
975.000000	89.148	-179.1648
988.000000	89.144	-178.1233
1000.000000	89.135	-177.1700
1015.000000	89.113	-176.0083
1030.000000	89.083	-174.8780
1044.000000	89.057	-173.8468
1060.000000	89.031	-172.7178
1075.000000	89.010	-171.6877
1090.000000	88.991	-170.6669
1106.000000	88.973	-169.6208
1120.000000	88.959	-168.7379
1138.000000	88.943	-167.6341
1150.000000	88.932	-166.9092
1172.000000	88.913	-165.6201
1180.000000	88.907	-165.1798
1206.000000	88.885	-163.6959
1220.000000	88.872	-162.9219
1241.000000	88.858	-161.7604
1250.000000	88.857	-161.2428
1265.000000	88.868	-160.3727
1280.000000	88.892	-159.5022
1315.000000	88.967	-157.6267
1320.000000	88.976	-157.3707
1340.000000	89.010	-156.3573
1360.000000	89.041	-155.3136
1380.000000	89.075	-154.2226
1400.000000	89.115	-153.1208
1430.000000	89.187	-151.4753
1450.000000	89.242	-150.4016
1475.000000	89.317	-149.0751
1500.000000	89.405	-147.7456
1525.000000	89.510	-146.4627
1550.000000	89.632	-145.3175
1575.000000	89.761	-144.4187
1600.000000	89.869	-143.7813
1625.000000	89.925	-143.2199
1650.000000	89.945	-142.4080
1675.000000	89.976	-141.2783
1700.000000	90.038	-140.0844
1725.000000	90.121	-138.9055
1750.000000	90.214	-137.8196
1775.000000	90.312	-136.7992
1800.000000	90.408	-135.8369
1825.000000	90.504	-134.9116
1850.000000	90.596	-134.0312
1875.000000	90.685	-133.1804
1900.000000	90.769	-132.3384
1925.000000	90.848	-131.5263
1950.000000	90.920	-130.7134
1975.000000	90.984	-129.8976
2000.000000	91.040	-129.0697
2030.000000	91.095	-127.9940
2060.000000	91.130	-126.8095
2090.000000	91.145	-125.4090
2120.000000	91.150	-123.5808
2140.000000	91.172	-121.9482
2180.000000	91.396	-117.8544
2200.000000	91.654	-115.9122
2240.000000	92.286	-114.2256
2270.000000	92.603	-114.3008
2300.000000	92.795	-114.1328
2330.000000	92.966	-113.6208
2360.000000	93.130	-113.0839
2400.000000	93.319	-112.2800
2430.000000	93.447	-111.4763
2470.000000	93.643	-110.0384
2500.000000	93.839	-108.8231
2540.000000	94.154	-107.5500
2580.000000	94.459	-106.7991
2620.000000	94.712	-106.2183
2650.000000	94.878	-105.6816
2690.000000	95.087	-104.8041
2720.000000	95.247	-103.9862
2760.000000	95.487	-102.7369
2800.000000	95.781	-101.3871
2850.000000	96.209	-100.1338
2900.000000	96.623	-99.3876
2950.000000	97.002	-98.7277
3000.000000	97.376	-97.9588
3040.000000	97.684	-97.5518
3070.000000	97.917	-97.1875
3110.000000	98.232	-96.7910
3150.000000	98.552	-96.4331
3200.000000	98.965	-96.0387
3250.000000	99.387	-95.7560
3300.000000	99.816	-95.5650
3350.000000	100.250	-95.5004
3400.000000	100.686	-95.5842
3450.000000	101.124	-95.7510
3500.000000	101.564	-96.0621
3550.000000	102.006	-96.5436
3600.000000	102.444	-97.1632
3650.000000	102.873	-97.9521
3700.000000	103.300	-98.8251
3750.000000	103.739	-99.7871
3820.000000	104.372	-101.7196
3870.000000	104.794	-103.6222
3950.000000	105.344	-107.2452
4000.000000	105.597	-109.6414
4060.000000	105.812	-112.4778
4120.000000	105.953	-115.1420
4180.000000	106.039	-117.6626
4250.000000	106.086	-120.3076
4310.000000	106.094	-122.2733
4370.000000	106.081	-124.0468
4440.000000	106.044	-125.8174
4500.000000	105.999	-127.0835
4550.000000	105.956	-127.9469
4620.000000	105.896	-128.9002
4680.000000	105.850	-129.4850
4750.000000	105.809	-129.8891
4820.000000	105.787	-130.0888
4870.000000	105.787	-130.0688
4940.000000	105.812	-129.9068
5000.000000	105.859	-129.6618
5080.000000	105.965	-129.2045
5150.000000	106.097	-128.6502
5220.000000	106.270	-128.0592
5300.000000	106.520	-127.3438
5380.000000	106.825	-126.6289
5450.000000	107.139	-126.0977
5520.000000	107.497	-125.6525
5600.000000	107.961	-125.2902
5700.000000	108.626	-125.1577
5800.000000	109.394	-125.4950
5900.000000	110.279	-126.5617
6000.000000	111.278	-129.0145
6080.000000	112.140	-131.3440
6150.000000	112.916	-134.7083
6220.000000	113.676	-139.1237
6300.000000	114.459	-145.5618
6400.000000	115.172	-155.5719
6500.000000	115.456	-166.8647
6600.000000	115.266	-178.1772
6700.000000	114.669	171.8076
6800.000000	113.815	163.8365
6900.000000	112.859	158.0287
7000.000000	111.920	154.0407
7100.000000	111.068	151.5026
7200.000000	110.340	149.9221
7300.000000	109.743	148.8742
7400.000000	109.265	148.0833
7500.000000	108.888	147.3335
7620.000000	108.556	146.3069
7750.000000	108.323	144.7624
7880.000000	108.185	142.3897
8000.000000	108.091	139.2901
8120.000000	107.968	135.1610
8250.000000	107.719	129.6418
8380.000000	107.268	123.4031
8500.000000	106.629	117.5093
8620.000000	105.775	112.0364
8750.000000	104.645	107.0834
8850.000000	103.667	104.2191
9000.000000	102.087	101.6378
9120.000000	100.770	101.3598
9250.000000	99.422	103.5233
9380.000000	98.504	106.9846
9500.000000	97.908	107.9708
9620.000000	97.124	108.0372
9750.000000	96.118	109.2904
9880.000000	95.141	111.7352
10000.000000	94.320	114.6092
10150.000000	93.402	118.6582
10300.000000	92.591	122.9974
10440.000000	91.916	127.2393
10600.000000	91.231	132.2755
10750.000000	90.666	137.1157
10900.000000	90.171	142.0858
11060.000000	89.718	147.4865
11200.000000	89.384	152.2316
11380.000000	89.037	158.4379
11500.000000	88.856	162.6493
11720.000000	88.635	170.3387
11800.000000	88.589	173.1070
12060.000000	88.580	-177.7858
12200.000000	88.666	-172.8455
12410.000000	88.922	-165.6223
12500.000000	89.081	-162.5623
12650.000000	89.420	-157.4982
12800.000000	89.861	-152.5707
13150.000000	91.400	-141.9390
13200.000000	91.694	-140.5725
13400.000000	93.118	-135.7728
13600.000000	95.040	-133.1499
13800.000000	97.500	-135.0068
14000.000000	100.095	-144.8834
14300.000000	102.070	-175.6932
14500.000000	101.046	161.8391
14750.000000	97.894	144.3682
15000.000000	94.437	139.7924
15250.000000	91.671	142.6297
15500.000000	89.628	148.5544
15750.000000	88.117	155.7884
16000.000000	87.040	163.5865
16250.000000	86.380	171.6918
16500.000000	86.044	179.8970
16750.000000	85.959	-171.9249
17000.000000	86.113	-163.8928
17250.000000	86.510	-156.1480
17500.000000	87.168	-148.9756
17750.000000	88.115	-142.7639
18000.000000	89.378	-138.0872
18250.000000	90.939	-136.1712
18500.000000	92.632	-138.5658
18750.000000	94.068	-146.2015
19000.000000	94.753	-157.9622
19250.000000	94.427	-170.3165
19500.000000	93.283	-179.4305
19750.000000	91.870	176.4661
20000.000000	90.936	176.1399
