20.000000	105.428	-174.1376
20.144928	105.428	-174.3181
20.290907	105.429	-174.5003
20.437943	105.431	-174.6837
20.586044	105.432	-174.8710
20.735220	105.434	-175.0618
20.885475	105.436	-175.2555
21.036821	105.437	-175.4548
21.189262	105.438	-175.6650
21.342808	105.439	-175.8749
21.497467	105.438	-176.0854
21.653246	105.437	-176.2941
21.810154	105.436	-176.5006
21.968201	105.434	-176.7051
22.127390	105.432	-176.9162
22.287735	105.429	-177.1275
22.449242	105.426	-177.3364
22.611917	105.422	-177.5430
22.775772	105.419	-177.7473
22.940815	105.414	-177.9493
23.107054	105.410	-178.1553
23.274498	105.405	-178.3624
23.443153	105.400	-178.5657
23.613033	105.394	-178.7646
23.784142	105.388	-178.9594
23.956491	105.382	-179.1497
24.130091	105.377	-179.3444
24.304947	105.371	-179.5394
24.481071	105.366	-179.7314
24.658470	105.361	-179.9223
24.837156	105.356	179.8880
25.017136	105.351	179.6978
25.198421	105.345	179.5006
25.381020	105.340	179.3042
25.564941	105.334	179.1087
25.750195	105.327	178.9155
25.936790	105.321	178.7242
26.124741	105.315	178.5315
26.314051	105.308	178.3388
26.504732	105.302	178.1482
26.696796	105.296	177.9593
26.890253	105.290	177.7705
27.085112	105.284	177.5788
27.281382	105.278	177.3819
27.479073	105.272	177.1844
27.678198	105.265	176.9864
27.878765	105.258	176.7891
28.080786	105.250	176.5914
28.284271	105.242	176.3934
28.489231	105.233	176.1988
28.695675	105.224	176.0080
28.903616	105.215	175.8208
29.113064	105.206	175.6332
29.324028	105.197	175.4449
29.536524	105.188	175.2581
29.750557	105.179	175.0724
29.966141	105.170	174.8873
30.183289	105.160	174.6984
30.402010	105.151	174.5096
30.622314	105.141	174.3228
30.844217	105.131	174.1377
31.067726	105.121	173.9528
31.292856	105.111	173.7650
31.519617	105.101	173.5778
31.748020	105.092	173.3907
31.978081	105.082	173.2037
32.209808	105.072	173.0111
32.443211	105.061	172.8193
32.678310	105.051	172.6299
32.915108	105.039	172.4434
33.153625	105.028	172.2570
33.393871	105.017	172.0711
33.635857	105.006	171.8868
33.879597	104.996	171.7021
34.125103	104.985	171.5138
34.372387	104.974	171.3211
34.621464	104.963	171.1277
34.872345	104.951	170.9350
35.125042	104.938	170.7430
35.379574	104.925	170.5538
35.635948	104.912	170.3693
35.894180	104.899	170.1891
36.154285	104.887	170.0086
36.416275	104.875	169.8256
36.680161	104.863	169.6405
36.945961	104.851	169.4519
37.213688	104.839	169.2592
37.483353	104.826	169.0658
37.754974	104.812	168.8748
38.028561	104.797	168.6888
38.304131	104.782	168.5054
38.581699	104.767	168.3273
38.861279	104.753	168.1522
39.142883	104.739	167.9756
39.426529	104.725	167.7946
39.712231	104.712	167.6113
40.000000	104.698	167.4265
40.289856	104.683	167.2400
40.581814	104.667	167.0571
40.875885	104.652	166.8792
41.172089	104.637	166.7030
41.470440	104.622	166.5275
41.770950	104.607	166.3530
42.073643	104.592	166.1772
42.378525	104.577	165.9986
42.685616	104.562	165.8200
42.994934	104.547	165.6425
43.306492	104.531	165.4638
43.620308	104.515	165.2866
43.936401	104.498	165.1103
44.254780	104.482	164.9325
44.575470	104.465	164.7552
44.898483	104.447	164.5801
45.223835	104.430	164.4054
45.551544	104.412	164.2323
45.881630	104.394	164.0617
46.214108	104.376	163.8929
46.548996	104.358	163.7263
46.886307	104.340	163.5636
47.226067	104.321	163.4043
47.568283	104.304	163.2486
47.912983	104.286	163.0953
48.260181	104.270	162.9376
48.609894	104.253	162.7756
48.962143	104.237	162.6115
49.316940	104.220	162.4483
49.674313	104.202	162.2882
50.034271	104.184	162.1296
50.396843	104.165	161.9655
50.762039	104.145	161.7920
51.129883	104.124	161.6065
51.500389	104.101	161.4128
51.873581	104.075	161.2237
52.249481	104.048	161.0468
52.628101	104.022	160.8826
53.009464	103.996	160.7234
53.393593	103.971	160.5571
53.780506	103.945	160.3859
54.170223	103.918	160.2164
54.562763	103.890	160.0576
54.958145	103.864	159.9125
55.356396	103.839	159.7712
55.757530	103.817	159.6155
56.161572	103.794	159.4324
56.568542	103.768	159.2261
56.978462	103.739	159.0200
57.391350	103.707	158.8359
57.807232	103.674	158.6811
58.226128	103.644	158.5438
58.648056	103.617	158.4039
59.073048	103.591	158.2462
59.501114	103.565	158.0666
59.932281	103.536	157.8795
60.366577	103.505	157.7033
60.804020	103.473	157.5472
61.244629	103.441	157.4061
61.688435	103.412	157.2665
62.135452	103.385	157.1167
62.585712	103.358	156.9547
63.039234	103.330	156.7906
63.496040	103.304	156.6279
63.956161	103.279	156.4734
64.419617	103.254	156.3271
64.886421	103.229	156.1730
65.356621	103.203	156.0096
65.830215	103.176	155.8529
66.307251	103.149	155.7085
66.787743	103.123	155.5676
67.271713	103.099	155.4134
67.759193	103.073	155.2404
68.250206	103.045	155.0625
68.744774	103.014	154.9010
69.242928	102.982	154.7654
69.744690	102.953	154.6438
70.250084	102.925	154.5168
70.759148	102.898	154.3773
71.271896	102.870	154.2335
71.788361	102.841	154.0935
72.308571	102.812	153.9554
72.832550	102.782	153.8166
73.360321	102.753	153.6804
73.891922	102.723	153.5517
74.427376	102.693	153.4249
74.966705	102.665	153.2917
75.509949	102.636	153.1492
76.057121	102.606	153.0033
76.608261	102.574	152.8625
77.163399	102.543	152.7305
77.722557	102.512	152.5974
78.285767	102.481	152.4591
78.853058	102.449	152.3216
79.424461	102.416	152.1933
80.000000	102.383	152.0703
80.579712	102.350	151.9464
81.163628	102.315	151.8219
81.751770	102.281	151.7025
82.344177	102.247	151.5931
82.940880	102.214	151.4807
83.541901	102.181	151.3575
84.147285	102.147	151.2368
84.757050	102.112	151.1280
85.371231	102.079	151.0205
85.989868	102.047	150.9046
86.612984	102.014	150.7831
87.240616	101.981	150.6635
87.872803	101.947	150.5463
88.509560	101.913	150.4256
89.150940	101.878	150.3082
89.796967	101.843	150.1977
90.447670	101.808	150.0853
91.103088	101.772	149.9728
91.763260	101.736	149.8651
92.428215	101.699	149.7626
93.097992	101.663	149.6619
93.772614	101.625	149.5612
94.452133	101.588	149.4636
95.136566	101.551	149.3651
95.825966	101.514	149.2657
96.520363	101.477	149.1689
97.219788	101.441	149.0778
97.924286	101.405	148.9863
98.633881	101.369	148.8854
99.348625	101.333	148.7841
100.068542	101.295	148.6888
100.793686	101.257	148.5883
101.524078	101.218	148.4987
102.259766	101.179	148.4155
103.000778	101.140	148.3297
103.747162	101.102	148.2389
104.498962	101.062	148.1415
105.256203	101.022	148.0425
106.018929	100.981	147.9496
106.787186	100.940	147.8671
107.561012	100.899	147.7893
108.340446	100.859	147.7101
109.125526	100.820	147.6304
109.916290	100.780	147.5459
110.712791	100.739	147.4632
111.515060	100.698	147.3878
112.323143	100.656	147.3160
113.137085	100.614	147.2451
113.956924	100.572	147.1770
114.782700	100.531	147.1086
115.614464	100.489	147.0348
116.452255	100.446	146.9621
117.296112	100.404	146.8928
118.146095	100.362	146.8224
119.002228	100.320	146.7509
119.864563	100.277	146.6792
120.733154	100.234	146.6215
121.608040	100.191	146.5674
122.489258	100.149	146.5156
123.376869	100.107	146.4671
124.270905	100.065	146.4147
125.171425	100.025	146.3560
126.078468	99.986	146.3058
126.992081	99.949	146.2726
127.912323	99.913	146.2323
128.839233	99.877	146.1729
129.772842	99.841	146.1393
130.713242	99.806	146.1135
131.660431	99.770	146.0746
132.614502	99.733	146.0265
133.575485	99.696	145.9929
134.543427	99.659	145.9676
135.518387	99.622	145.9368
136.500412	99.586	145.8979
137.489548	99.549	145.8540
138.485855	99.511	145.8156
139.489380	99.473	145.7904
140.500168	99.436	145.7790
141.518295	99.399	145.7713
142.543793	99.363	145.7717
143.576721	99.326	145.7594
144.617142	99.288	145.7440
145.665100	99.250	145.7476
146.720642	99.212	145.7459
147.783844	99.174	145.7296
148.854752	99.136	145.7151
149.933411	99.097	145.7117
151.019897	99.059	145.7179
152.114243	99.022	145.7274
153.216522	98.986	145.7415
154.326797	98.949	145.7478
155.445114	98.912	145.7581
156.571533	98.874	145.7755
157.706116	98.837	145.7882
158.848923	98.798	145.8030
160.000000	98.758	145.8362
161.159424	98.715	145.8581
162.327255	98.671	145.8888
163.503540	98.627	145.9308
164.688354	98.583	145.9765
165.881760	98.540	146.0134
167.083801	98.497	146.0450
168.294571	98.456	146.0837
169.514099	98.414	146.1077
170.742462	98.372	146.1269
171.979736	98.329	146.1491
173.225967	98.285	146.1611
174.481232	98.241	146.1813
175.745605	98.195	146.2051
177.019119	98.150	146.2397
178.301880	98.105	146.2776
179.593933	98.061	146.3223
180.895340	98.017	146.3688
182.206177	97.973	146.4220
183.526520	97.928	146.4712
184.856430	97.883	146.5105
186.195984	97.838	146.5736
187.545227	97.793	146.6320
188.904266	97.750	146.6814
190.273132	97.707	146.7454
191.651932	97.665	146.8161
193.040726	97.623	146.8541
194.439575	97.580	146.9106
195.848572	97.537	146.9537
197.267761	97.494	146.9872
198.697250	97.451	147.0297
200.137085	97.409	147.0525
201.587372	97.367	147.1170
203.048157	97.325	147.1772
204.519531	97.283	147.2455
206.001556	97.239	147.3151
207.494324	97.196	147.3821
208.997925	97.152	147.4565
210.512405	97.109	147.5249
212.037857	97.066	147.6084
213.574371	97.024	147.6971
215.122025	96.982	147.7913
216.680893	96.940	147.8808
218.251053	96.897	147.9842
219.832581	96.855	148.0958
221.425583	96.814	148.2081
223.030121	96.774	148.3226
224.646286	96.734	148.4480
226.274170	96.695	148.5733
227.913849	96.657	148.7109
229.565399	96.618	148.8467
231.228928	96.579	148.9814
232.904510	96.542	149.1097
234.592224	96.505	149.2361
236.292191	96.470	149.3635
238.004456	96.435	149.4890
239.729126	96.401	149.6267
241.466309	96.366	149.7617
243.216080	96.332	149.8918
244.978516	96.299	150.0248
246.753738	96.266	150.1381
248.541809	96.234	150.2566
250.342850	96.201	150.3671
252.156937	96.166	150.5027
253.984161	96.130	150.5988
255.824646	96.092	150.6865
257.678467	96.053	150.7920
259.545685	96.013	150.8813
261.426483	95.973	150.9850
263.320862	95.932	151.0780
265.229004	95.890	151.1917
267.150970	95.848	151.3103
269.086853	95.806	151.4327
271.036774	95.765	151.5707
273.000824	95.723	151.7012
274.979095	95.682	151.8395
276.971710	95.642	151.9836
278.978760	95.602	152.1220
281.000336	95.563	152.2554
283.036591	95.522	152.3783
285.087585	95.481	152.5205
287.153442	95.441	152.6501
289.234283	95.400	152.7786
291.330200	95.359	152.9090
293.441284	95.318	153.0599
295.567688	95.278	153.2165
297.709503	95.237	153.3600
299.866821	95.196	153.5091
302.039795	95.154	153.6616
304.228485	95.111	153.8267
306.433044	95.069	153.9980
308.653595	95.028	154.1578
310.890228	94.987	154.3124
313.143066	94.947	154.4817
315.412231	94.909	154.6581
317.697845	94.873	154.8461
320.000000	94.837	155.0350
322.318848	94.804	155.2293
324.654510	94.772	155.4225
327.007080	94.740	155.6151
329.376709	94.708	155.8209
331.763519	94.677	156.0240
334.167603	94.646	156.2224
336.589142	94.615	156.4298
339.028198	94.584	156.6441
341.484924	94.553	156.8684
343.959473	94.523	157.0843
346.451935	94.492	157.3171
348.962463	94.463	157.5461
351.491211	94.434	157.7832
354.038239	94.407	158.0098
356.603760	94.380	158.2460
359.187866	94.355	158.4922
361.790680	94.330	158.7348
364.412354	94.306	158.9784
367.053040	94.283	159.2298
369.712860	94.261	159.4874
372.391968	94.240	159.7281
375.090454	94.220	159.9782
377.808533	94.201	160.2055
380.546265	94.182	160.4308
383.303864	94.163	160.6555
386.081451	94.144	160.8711
388.879150	94.125	161.0791
391.697144	94.106	161.2867
394.535522	94.087	161.4902
397.394501	94.067	161.7007
400.274170	94.046	161.9125
403.174744	94.024	162.1256
406.096313	94.002	162.3361
409.039062	93.980	162.5513
412.003113	93.958	162.7657
414.988647	93.935	162.9842
417.995850	93.913	163.2102
421.024811	93.891	163.4439
424.075714	93.868	163.6686
427.148743	93.845	163.8928
430.244049	93.821	164.1416
433.361786	93.799	164.3829
436.502106	93.778	164.6260
439.665161	93.756	164.8638
442.851166	93.735	165.1107
446.060242	93.714	165.3580
449.292572	93.693	165.6258
452.548340	93.672	165.8873
455.827698	93.652	166.1437
459.130798	93.631	166.3906
462.457855	93.610	166.6577
465.809021	93.590	166.9290
469.184448	93.571	167.1994
472.584381	93.552	167.4722
476.008911	93.534	167.7477
479.458252	93.516	168.0195
482.932617	93.498	168.3140
486.432159	93.481	168.5936
489.957031	93.463	168.8826
493.507477	93.447	169.1627
497.083618	93.430	169.4489
500.685699	93.415	169.7362
504.313873	93.401	170.0196
507.968323	93.387	170.3202
511.649292	93.374	170.6127
515.356934	93.362	170.9077
519.091370	93.350	171.2183
522.852966	93.339	171.5260
526.641724	93.327	171.8311
530.458008	93.316	172.1344
534.301941	93.305	172.4476
538.173706	93.295	172.7589
542.073547	93.286	173.0623
546.001648	93.276	173.3786
549.958191	93.267	173.7074
553.943420	93.259	174.0277
557.957520	93.251	174.3526
562.000671	93.244	174.6708
566.073181	93.237	175.0145
570.175171	93.230	175.3364
574.306885	93.224	175.6624
578.468567	93.218	176.0006
582.660400	93.212	176.3302
586.882568	93.207	176.6845
591.135376	93.204	177.0103
595.419006	93.200	177.3435
599.733643	93.197	177.6912
604.079590	93.194	178.0510
608.456970	93.192	178.3941
612.866089	93.191	178.7423
617.307190	93.190	179.1014
621.780457	93.189	179.4601
626.286133	93.189	179.8098
630.824463	93.191	-179.8261
635.395691	93.195	-179.4579
640.000000	93.202	-179.0876
644.637695	93.209	-178.7154
649.309021	93.217	-178.3495
654.014160	93.226	-177.9796
658.753418	93.235	-177.6082
663.527039	93.246	-177.2254
668.335205	93.256	-176.8477
673.178284	93.267	-176.4619
678.056396	93.278	-176.0748
682.969849	93.289	-175.6805
687.918945	93.301	-175.3083
692.903870	93.314	-174.9141
697.924927	93.329	-174.5343
702.982422	93.344	-174.1508
708.076477	93.359	-173.7314
713.207520	93.376	-173.3463
718.375732	93.392	-172.9371
723.581360	93.410	-172.5345
728.824707	93.428	-172.1231
734.106079	93.448	-171.7137
739.425720	93.468	-171.3050
744.783936	93.489	-170.8888
750.180908	93.511	-170.4692
755.617065	93.533	-170.0547
761.092529	93.556	-169.6360
766.607727	93.580	-169.2014
772.162903	93.606	-168.7649
777.758301	93.632	-168.3474
783.394287	93.660	-167.9119
789.071045	93.687	-167.4913
794.789001	93.715	-167.0637
800.548340	93.744	-166.6364
806.349487	93.770	-166.1915
812.192627	93.796	-165.7772
818.078125	93.822	-165.3281
824.006226	93.849	-164.8907
829.977295	93.877	-164.4592
835.991699	93.906	-164.0170
842.049622	93.936	-163.5858
848.151428	93.968	-163.1431
854.297485	94.001	-162.7126
860.488098	94.036	-162.2762
866.723572	94.071	-161.8369
873.004211	94.107	-161.4138
879.330322	94.142	-160.9942
885.702332	94.177	-160.5706
892.120483	94.212	-160.1454
898.585144	94.249	-159.7007
905.096680	94.287	-159.2523
911.655396	94.326	-158.8148
918.261597	94.366	-158.3690
924.915710	94.407	-157.9299
931.618042	94.450	-157.4803
938.368896	94.493	-157.0355
945.168762	94.536	-156.5638
952.017822	94.580	-156.1020
958.916504	94.625	-155.6374
965.865234	94.673	-155.1682
972.864319	94.723	-154.6906
979.914062	94.775	-154.1890
987.014954	94.828	-153.7151
994.167236	94.881	-153.2241
1001.371399	94.931	-152.7209
1008.627747	94.976	-152.2392
1015.936646	95.019	-151.7520
1023.298584	95.062	-151.2892
1030.713867	95.108	-150.7936
1038.182739	95.155	-150.3025
1045.705933	95.204	-149.8206
1053.283447	95.255	-149.3618
1060.916016	95.307	-148.8932
1068.603882	95.362	-148.4283
1076.347412	95.419	-147.9760
1084.147095	95.477	-147.5235
1092.003296	95.537	-147.0464
1099.916382	95.598	-146.5982
1107.886841	95.660	-146.1509
1115.915039	95.723	-145.7071
1124.001343	95.790	-145.2390
1132.146362	95.858	-144.8087
1140.350342	95.929	-144.3467
1148.613770	96.002	-143.8911
1156.937134	96.077	-143.4355
1165.320801	96.156	-142.9716
1173.765137	96.238	-142.5092
1182.270752	96.323	-142.0622
1190.838013	96.413	-141.6088
1199.467285	96.506	-141.1516
1208.159180	96.604	-140.7155
1216.913940	96.706	-140.2579
1225.732178	96.813	-139.8300
1234.614380	96.927	-139.4032
1243.560913	97.047	-138.9988
1252.572266	97.178	-138.6084
1261.648926	97.320	-138.2395
1270.791382	97.470	-137.9148
1280.000000	97.626	-137.5900
1289.275391	97.788	-137.2933
1298.618042	97.957	-137.0497
1308.028320	98.130	-136.8227
1317.506836	98.308	-136.6892
1327.054077	98.489	-136.5735
1336.670410	98.673	-136.5362
1346.356567	98.858	-136.5437
1356.112793	99.044	-136.5908
1365.939697	99.230	-136.6855
1375.837891	99.415	-136.8419
1385.807739	99.597	-137.0476
1395.849854	99.777	-137.3002
1405.964844	99.955	-137.6147
1416.152954	100.130	-137.9451
1426.415039	100.301	-138.3277
1436.751465	100.469	-138.7682
1447.162720	100.633	-139.2128
1457.649414	100.794	-139.6956
1468.212158	100.950	-140.1959
1478.851440	101.103	-140.7221
1489.567871	101.253	-141.2720
1500.361816	101.400	-141.8411
1511.234131	101.543	-142.4109
1522.185059	101.684	-143.0118
1533.215454	101.823	-143.5939
1544.325806	101.959	-144.2126
1555.516602	102.093	-144.8516
1566.788574	102.226	-145.5237
1578.142090	102.358	-146.1838
1589.578003	102.488	-146.8629
1601.096680	102.618	-147.5367
1612.698975	102.748	-148.2704
1624.385254	102.878	-149.0040
1636.156250	103.007	-149.7632
1648.012451	103.134	-150.5416
1659.954590	103.260	-151.3330
1671.983398	103.385	-152.1679
1684.099243	103.508	-153.0146
1696.302856	103.629	-153.8950
1708.594971	103.748	-154.7920
1720.976196	103.864	-155.7255
1733.447144	103.977	-156.7202
1746.008423	104.087	-157.7155
1758.660645	104.193	-158.7457
1771.404663	104.295	-159.8075
1784.240967	104.392	-160.9037
1797.170288	104.485	-162.0340
1810.193359	104.572	-163.1918
1823.310791	104.653	-164.3649
1836.523193	104.727	-165.5795
1849.831421	104.795	-166.8377
1863.236084	104.856	-168.0975
1876.737793	104.909	-169.3689
1890.337524	104.954	-170.6674
1904.035645	104.990	-171.9812
1917.833008	105.018	-173.2870
1931.730469	105.038	-174.6191
1945.728638	105.048	-175.9334
1959.828125	105.050	-177.2734
1974.029907	105.042	-178.5610
1988.334473	105.026	-179.8646
2002.742798	105.002	178.8366
2017.255493	104.970	177.5608
2031.873291	104.929	176.3218
2046.597168	104.881	175.1184
2061.427734	104.825	173.9418
2076.365479	104.762	172.8094
2091.411865	104.692	171.6883
2106.566895	104.617	170.6233
2121.832031	104.535	169.6031
2137.207764	104.448	168.6170
2152.694824	104.356	167.6717
2168.294189	104.261	166.8076
2184.006592	104.161	165.9667
2199.832764	104.059	165.1750
2215.773682	103.954	164.4275
2231.830078	103.846	163.7384
2248.002686	103.737	163.0937
2264.292725	103.627	162.4962
2280.700684	103.516	161.9456
2297.227539	103.404	161.4494
2313.874268	103.292	160.9938
2330.641602	103.181	160.5784
2347.530273	103.070	160.2106
2364.541504	102.960	159.8783
2381.676025	102.851	159.5889
2398.934570	102.744	159.3455
2416.318359	102.638	159.1205
2433.827881	102.533	158.9594
2451.464355	102.431	158.8087
2469.228760	102.331	158.7194
2487.121826	102.233	158.6545
2505.144531	102.138	158.6261
2523.297852	102.046	158.6293
2541.582764	101.957	158.6538
2560.000000	101.872	158.7218
2578.550781	101.789	158.8417
2597.236084	101.711	158.9392
2616.056641	101.636	159.0999
2635.013672	101.564	159.2509
2654.108154	101.497	159.4448
2673.340820	101.433	159.6646
2692.713135	101.373	159.8945
2712.225586	101.317	160.1553
2731.879395	101.265	160.4436
2751.675781	101.218	160.7474
2771.615479	101.175	161.0396
2791.699707	101.137	161.3912
2811.929688	101.104	161.7327
2832.305908	101.076	162.1264
2852.830078	101.053	162.4862
2873.502930	101.034	162.8707
2894.325439	101.021	163.2577
2915.298828	101.013	163.6590
2936.424316	101.009	164.0720
2957.702881	101.010	164.4843
2979.135742	101.016	164.9053
3000.723633	101.027	165.3311
3022.468262	101.043	165.7748
3044.370117	101.065	166.1885
3066.430908	101.092	166.6567
3088.651611	101.125	167.1120
3111.033203	101.164	167.5523
3133.577148	101.210	168.0227
3156.284180	101.265	168.4729
3179.156006	101.329	168.9315
3202.193359	101.402	169.3734
3225.397949	101.482	169.8327
3248.770508	101.570	170.2812
3272.312500	101.666	170.7201
3296.024902	101.769	171.1454
3319.909180	101.880	171.5547
3343.966797	101.999	171.9579
3368.198486	102.127	172.3554
3392.605713	102.264	172.7121
3417.189941	102.410	173.0620
3441.952393	102.565	173.3673
3466.894287	102.730	173.6376
3492.016846	102.905	173.8895
3517.321289	103.090	174.0835
3542.809326	103.288	174.2544
3568.481934	103.498	174.3333
3594.340576	103.721	174.3342
3620.386719	103.958	174.2402
3646.621582	104.208	174.0723
3673.046387	104.472	173.8757
3699.662842	104.747	173.5685
3726.472168	105.031	173.1845
3753.475586	105.326	172.6562
3780.675049	105.633	171.9754
3808.071289	105.950	171.1114
3835.666016	106.275	170.0905
3863.460938	106.607	168.8499
3891.457275	106.943	167.3744
3919.656250	107.279	165.6335
3948.059814	107.608	163.6091
3976.668945	107.923	161.3016
4005.485596	108.215	158.6665
4034.510986	108.472	155.7052
4063.746582	108.688	152.4519
4093.194336	108.856	148.8957
4122.855469	108.967	145.1253
4152.730957	109.013	141.1560
4182.823730	108.990	137.0979
4213.133789	108.894	133.0707
4243.664062	108.728	129.1222
4274.415527	108.497	125.3370
4305.389648	108.206	121.8169
4336.588379	107.867	118.6080
4368.013184	107.487	115.7313
4399.665527	107.079	113.1900
4431.547363	106.649	110.9905
4463.660156	106.207	109.1165
4496.005371	105.760	107.5639
4528.585449	105.313	106.3237
4561.401367	104.871	105.3235
4594.455078	104.436	104.5761
4627.748535	104.012	104.0468
4661.283203	103.601	103.7286
4695.060547	103.204	103.5591
4729.083008	102.821	103.5624
4763.352051	102.452	103.6903
4797.869141	102.097	103.9429
4832.636719	101.756	104.3162
4867.655762	101.428	104.7859
4902.928711	101.113	105.3823
4938.457520	100.813	106.0448
4974.243652	100.527	106.8022
5010.289062	100.258	107.6131
5046.595703	100.004	108.5147
5083.165527	99.765	109.4759
5120.000000	99.541	110.4969
5157.101562	99.331	111.5629
5194.472168	99.135	112.6988
5232.113281	98.952	113.8683
5270.027344	98.783	115.0813
5308.216309	98.627	116.3456
5346.681641	98.484	117.6284
5385.426270	98.353	118.9751
5424.451172	98.236	120.3547
5463.758789	98.132	121.7353
5503.351562	98.044	123.1884
5543.230957	97.971	124.6337
5583.399414	97.913	126.1153
5623.859375	97.871	127.6748
5664.611816	97.846	129.2410
5705.660156	97.840	130.8241
5747.005859	97.855	132.4364
5788.650879	97.891	134.0170
5830.597656	97.944	135.5677
5872.848633	98.010	137.0665
5915.405762	98.090	138.5837
5958.271484	98.188	140.0987
6001.447266	98.304	141.6442
6044.936523	98.441	143.1137
6088.740234	98.597	144.6119
6132.861816	98.774	146.0799
6177.303223	98.974	147.5350
6222.066406	99.200	148.9704
6267.154297	99.451	150.3701
6312.568359	99.726	151.7063
6358.312012	100.027	153.0224
6404.386719	100.357	154.2564
6450.795898	100.723	155.3833
6497.541016	101.128	156.3960
6544.625000	101.576	157.2648
6592.049805	102.069	157.9670
6639.818359	102.612	158.4107
6687.933594	103.209	158.5831
6736.396973	103.862	158.3674
6785.211426	104.573	157.6803
6834.379883	105.340	156.3558
6883.904785	106.152	154.2442
6933.788574	106.988	151.1213
6984.033691	107.810	146.7569
7034.642578	108.557	140.9170
7085.618652	109.157	133.6509
7136.963867	109.535	125.1757
7188.681152	109.639	116.0954
7240.773438	109.454	107.1175
7293.243164	109.011	98.9927
7346.092773	108.370	92.1358
7399.325684	107.607	86.7255
7452.944336	106.789	82.6767
7506.951172	105.967	79.8068
7561.350098	105.177	77.9062
7616.142578	104.439	76.7799
7671.332031	103.763	76.2720
7726.921875	103.153	76.1975
7782.914551	102.610	76.5250
7839.312500	102.131	77.0797
7896.119629	101.716	77.8511
7953.337891	101.363	78.8067
8010.971191	101.071	79.8651
8069.021973	100.838	80.9983
8127.493164	100.664	82.1474
8186.388672	100.549	83.2866
8245.710938	100.495	84.3848
8305.461914	100.501	85.4093
8365.647461	100.570	86.2700
8426.267578	100.703	86.9684
8487.328125	100.902	87.3520
8548.831055	101.169	87.4242
8610.779297	101.503	86.9505
8673.176758	101.897	85.8833
8736.026367	102.338	83.9206
8799.331055	102.797	80.9108
8863.094727	103.231	76.6541
8927.320312	103.576	71.0057
8992.010742	103.758	64.0106
9057.170898	103.710	56.0936
9122.802734	103.387	47.8219
9188.910156	102.787	39.9750
9255.497070	101.949	33.2055
9322.566406	100.937	27.8125
9390.121094	99.825	23.9257
9458.166016	98.676	21.3073
9526.704102	97.536	19.8488
9595.738281	96.436	19.2776
9665.273438	95.389	19.4742
9735.311523	94.402	20.2194
9805.857422	93.475	21.4337
9876.915039	92.606	23.0053
9948.487305	91.794	24.8709
10020.578125	91.037	27.0002
10093.191406	90.331	29.3133
10166.331055	89.672	31.8206
10240.000000	89.057	34.4141
10314.203125	88.483	37.1695
10388.944336	87.949	40.0534
10464.226562	87.452	43.0194
10540.054688	86.991	46.1192
10616.432617	86.565	49.2533
10693.363281	86.173	52.4266
10770.852539	85.814	55.7224
10848.902344	85.487	59.0458
10927.517578	85.192	62.4108
11006.703125	84.930	65.8422
11086.461914	84.699	69.2923
11166.798828	84.500	72.7919
11247.718750	84.334	76.3405
11329.223633	84.200	79.8761
11411.320312	84.099	83.4409
11494.011719	84.030	87.0547
11577.301758	83.995	90.6725
11661.195312	83.995	94.2856
11745.697266	84.032	97.8710
11830.811523	84.106	101.5052
11916.542969	84.221	105.1031
12002.894531	84.379	108.6766
12089.873047	84.582	112.2719
12177.480469	84.833	115.7903
12265.723633	85.134	119.2505
12354.606445	85.489	122.6261
12444.132812	85.903	125.8577
12534.308594	86.383	129.0464
12625.136719	86.936	132.0304
12716.624023	87.569	134.8206
12808.773438	88.290	137.2594
12901.591797	89.106	139.2433
12995.082031	90.027	140.7117
13089.250000	91.056	141.4332
13184.099609	92.185	141.0887
13279.636719	93.386	139.3662
13375.867188	94.597	135.7975
13472.793945	95.717	129.8982
13570.422852	96.621	121.8190
13668.759766	97.191	111.9996
13767.809570	97.364	101.6009
13867.577148	97.161	91.9448
13968.067383	96.679	83.9249
14069.285156	96.052	77.9071
14171.237305	95.397	73.5764
14273.927734	94.794	70.4111
14377.362305	94.274	67.9917
14481.546875	93.842	65.8936
14586.486328	93.492	63.9663
14692.185547	93.208	61.9761
14798.651367	92.966	59.6862
14905.888672	92.745	57.2094
15013.902344	92.531	54.3758
15122.700195	92.303	51.1397
15232.285156	92.025	47.3762
15342.664062	91.640	43.0282
15453.843750	91.110	38.7808
15565.829102	90.442	35.2060
15678.625000	89.700	32.8341
15792.239258	88.973	31.3787
15906.675781	88.327	30.5692
16021.942383	87.779	29.6673
16138.043945	87.285	28.3828
16254.986328	86.774	26.9201
16372.777344	86.206	25.8771
16491.421875	85.598	25.4891
16610.923828	84.999	25.9175
16731.294922	84.461	27.2119
16852.535156	84.025	29.0781
16974.656250	83.717	31.2183
17097.662109	83.555	33.4915
17221.558594	83.549	35.5617
17346.353516	83.703	37.1681
17472.052734	84.011	37.9349
17598.662109	84.451	37.5126
17726.189453	84.959	35.1367
17854.640625	85.423	30.5712
17984.021484	85.685	23.4594
18114.341797	85.593	14.5041
18245.605469	85.051	5.1054
18377.820312	84.068	-3.0797
18510.994141	82.752	-8.6907
18645.132812	81.260	-11.6893
18780.242188	79.745	-12.3337
18916.332031	78.316	-11.1153
19053.408203	77.035	-8.6294
19191.476562	75.929	-5.1561
19330.546875	75.007	-1.1967
19470.623047	74.270	3.3189
19611.714844	73.722	7.8301
19753.830078	73.368	12.2065
19896.974609	73.188	16.1164
