20.000000	105.392	-174.4787
20.144928	105.391	-174.6816
20.290907	105.391	-174.8843
20.437943	105.390	-175.0859
20.586044	105.388	-175.2849
20.735220	105.386	-175.4814
20.885475	105.384	-175.6753
21.036821	105.382	-175.8684
21.189262	105.380	-176.0679
21.342808	105.378	-176.2656
21.497467	105.376	-176.4613
21.653246	105.374	-176.6565
21.810154	105.372	-176.8512
21.968201	105.370	-177.0456
22.127390	105.367	-177.2497
22.287735	105.364	-177.4561
22.449242	105.361	-177.6614
22.611917	105.357	-177.8656
22.775772	105.353	-178.0672
22.940815	105.348	-178.2663
23.107054	105.343	-178.4688
23.274498	105.337	-178.6715
23.443153	105.332	-178.8705
23.613033	105.326	-179.0654
23.784142	105.321	-179.2571
23.956491	105.315	-179.4461
24.130091	105.310	-179.6413
24.304947	105.306	-179.8387
24.481071	105.301	179.9648
24.658470	105.296	179.7679
24.837156	105.292	179.5708
25.017136	105.287	179.3724
25.198421	105.282	179.1658
25.381020	105.276	178.9594
25.564941	105.270	178.7531
25.750195	105.264	178.5484
25.936790	105.257	178.3452
26.124741	105.249	178.1409
26.314051	105.242	177.9373
26.504732	105.234	177.7382
26.696796	105.226	177.5433
26.890253	105.218	177.3525
27.085112	105.210	177.1627
27.281382	105.202	176.9716
27.479073	105.195	176.7828
27.678198	105.188	176.5953
27.878765	105.181	176.4082
28.080786	105.174	176.2192
28.284271	105.167	176.0269
28.489231	105.159	175.8342
28.695675	105.152	175.6415
28.903616	105.144	175.4489
29.113064	105.136	175.2539
29.324028	105.127	175.0567
29.536524	105.118	174.8608
29.750557	105.109	174.6664
29.966141	105.099	174.4736
30.183289	105.089	174.2777
30.402010	105.079	174.0829
30.622314	105.068	173.8905
30.844217	105.057	173.7007
31.067726	105.046	173.5121
31.292856	105.035	173.3220
31.519617	105.024	173.1342
31.748020	105.013	172.9481
31.978081	105.002	172.7631
32.209808	104.992	172.5731
32.443211	104.981	172.3831
32.678310	104.970	172.1942
32.915108	104.959	172.0063
33.153625	104.948	171.8173
33.393871	104.936	171.6282
33.635857	104.925	171.4412
33.879597	104.914	171.2556
34.125103	104.903	171.0680
34.372387	104.892	170.8773
34.621464	104.881	170.6848
34.872345	104.869	170.4904
35.125042	104.857	170.2924
35.379574	104.844	170.0928
35.635948	104.830	169.8962
35.894180	104.816	169.7048
36.154285	104.801	169.5190
36.416275	104.786	169.3392
36.680161	104.772	169.1660
36.945961	104.759	168.9961
37.213688	104.746	168.8213
37.483353	104.734	168.6393
37.754974	104.722	168.4491
38.028561	104.708	168.2510
38.304131	104.692	168.0490
38.581699	104.675	167.8533
38.861279	104.656	167.6694
39.142883	104.636	167.4995
39.426529	104.619	167.3398
39.712231	104.602	167.1845
40.000000	104.588	167.0258
40.289856	104.574	166.8539
40.581814	104.559	166.6696
40.875885	104.542	166.4798
41.172089	104.523	166.2914
41.470440	104.503	166.1141
41.770950	104.482	165.9569
42.073643	104.462	165.8193
42.378525	104.445	165.6919
42.685616	104.430	165.5670
42.994934	104.417	165.4368
43.306492	104.406	165.2943
43.620308	104.394	165.1422
43.936401	104.383	164.9839
44.254780	104.372	164.8204
44.575470	104.361	164.6528
44.898483	104.351	164.4791
45.223835	104.340	164.2945
45.551544	104.329	164.0995
45.881630	104.316	163.8978
46.214108	104.301	163.6945
46.548996	104.285	163.4952
46.886307	104.268	163.3035
47.226067	104.251	163.1176
47.568283	104.234	162.9356
47.912983	104.217	162.7549
48.260181	104.199	162.5697
48.609894	104.181	162.3818
48.962143	104.163	162.1938
49.316940	104.143	162.0082
49.674313	104.123	161.8267
50.034271	104.101	161.6494
50.396843	104.077	161.4736
50.762039	104.053	161.2985
51.129883	104.028	161.1201
51.500389	104.003	160.9355
51.873581	103.976	160.7490
52.249481	103.949	160.5651
52.628101	103.920	160.3896
53.009464	103.891	160.2260
53.393593	103.863	160.0696
53.780506	103.837	159.9180
54.170223	103.812	159.7627
54.562763	103.787	159.5981
54.958145	103.763	159.4252
55.356396	103.737	159.2484
55.757530	103.711	159.0715
56.161572	103.683	158.8947
56.568542	103.655	158.7170
56.978462	103.627	158.5418
57.391350	103.598	158.3707
57.807232	103.568	158.2046
58.226128	103.539	158.0426
58.648056	103.509	157.8828
59.073048	103.480	157.7233
59.501114	103.451	157.5614
59.932281	103.421	157.4014
60.366577	103.391	157.2471
60.804020	103.361	157.0977
61.244629	103.332	156.9470
61.688435	103.303	156.7891
62.135452	103.274	156.6225
62.585712	103.244	156.4505
63.039234	103.215	156.2811
63.496040	103.187	156.1125
63.956161	103.160	155.9514
64.419617	103.133	155.8020
64.886421	103.106	155.6526
65.356621	103.079	155.4984
65.830215	103.052	155.3463
66.307251	103.025	155.1982
66.787743	102.998	155.0529
67.271713	102.972	154.9072
67.759193	102.947	154.7591
68.250206	102.920	154.6097
68.744774	102.893	154.4620
69.242928	102.866	154.3197
69.744690	102.839	154.1837
70.250084	102.813	154.0492
70.759148	102.787	153.9088
71.271896	102.761	153.7574
71.788361	102.734	153.5963
72.308571	102.704	153.4338
72.832550	102.674	153.2797
73.360321	102.643	153.1366
73.891922	102.612	152.9998
74.427376	102.582	152.8620
74.966705	102.553	152.7233
75.509949	102.524	152.5831
76.057121	102.495	152.4376
76.608261	102.465	152.2875
77.163399	102.434	152.1440
77.722557	102.403	152.0091
78.285767	102.373	151.8751
78.853058	102.342	151.7339
79.424461	102.310	151.5916
80.000000	102.277	151.4583
80.579712	102.242	151.3366
81.163628	102.207	151.2172
81.751770	102.173	151.0922
82.344177	102.138	150.9688
82.940880	102.103	150.8488
83.541901	102.067	150.7270
84.147285	102.032	150.6058
84.757050	101.996	150.4872
85.371231	101.960	150.3664
85.989868	101.924	150.2409
86.612984	101.888	150.1143
87.240616	101.850	149.9951
87.872803	101.813	149.8865
88.509560	101.775	149.7770
89.150940	101.737	149.6639
89.796967	101.699	149.5535
90.447670	101.660	149.4462
91.103088	101.621	149.3444
91.763260	101.581	149.2468
92.428215	101.542	149.1561
93.097992	101.503	149.0724
93.772614	101.465	148.9888
94.452133	101.427	148.9042
95.136566	101.390	148.8189
95.825966	101.353	148.7349
96.520363	101.317	148.6501
97.219788	101.281	148.5640
97.924286	101.245	148.4755
98.633881	101.209	148.3816
99.348625	101.172	148.2896
100.068542	101.135	148.1992
100.793686	101.097	148.0955
101.524078	101.057	147.9952
102.259766	101.017	147.8985
103.000778	100.975	147.8032
103.747162	100.934	147.7101
104.498962	100.891	147.6165
105.256203	100.849	147.5259
106.018929	100.806	147.4384
106.787186	100.763	147.3499
107.561012	100.719	147.2635
108.340446	100.675	147.1835
109.125526	100.631	147.1055
109.916290	100.586	147.0250
110.712791	100.541	146.9562
111.515060	100.496	146.8988
112.323143	100.450	146.8416
113.137085	100.405	146.7831
113.956924	100.359	146.7291
114.782700	100.313	146.6849
115.614464	100.267	146.6447
116.452255	100.222	146.6005
117.296112	100.175	146.5567
118.146095	100.128	146.5244
119.002228	100.081	146.5002
119.864563	100.034	146.4764
120.733154	99.987	146.4728
121.608040	99.941	146.4798
122.489258	99.897	146.4915
123.376869	99.855	146.5092
124.270905	99.814	146.5259
125.171425	99.776	146.5424
126.078468	99.742	146.5743
126.992081	99.713	146.6232
127.912323	99.688	146.6534
128.839233	99.665	146.6374
129.772842	99.642	146.6160
130.713242	99.619	146.5847
131.660431	99.595	146.5334
132.614502	99.568	146.4588
133.575485	99.539	146.3766
134.543427	99.507	146.3013
135.518387	99.474	146.2379
136.500412	99.440	146.1727
137.489548	99.404	146.0997
138.485855	99.367	146.0296
139.489380	99.327	145.9661
140.500168	99.287	145.9137
141.518295	99.245	145.8698
142.543793	99.203	145.8423
143.576721	99.159	145.8212
144.617142	99.116	145.8150
145.665100	99.073	145.8234
146.720642	99.031	145.8296
147.783844	98.988	145.8424
148.854752	98.945	145.8669
149.933411	98.903	145.9026
151.019897	98.861	145.9557
152.114243	98.821	146.0262
153.216522	98.784	146.1120
154.326797	98.749	146.2038
155.445114	98.718	146.3043
156.571533	98.690	146.3892
157.706116	98.664	146.4316
158.848923	98.636	146.4424
160.000000	98.605	146.4483
161.159424	98.569	146.4303
162.327255	98.527	146.4089
163.503540	98.481	146.3986
164.688354	98.433	146.4133
165.881760	98.383	146.4457
167.083801	98.334	146.4868
168.294571	98.285	146.5528
169.514099	98.238	146.6409
170.742462	98.194	146.7420
171.979736	98.153	146.8557
173.225967	98.114	146.9680
174.481232	98.078	147.0930
175.745605	98.045	147.2094
177.019119	98.014	147.3041
178.301880	97.986	147.3739
179.593933	97.958	147.4214
180.895340	97.930	147.4465
182.206177	97.902	147.4565
183.526520	97.871	147.4500
184.856430	97.839	147.4294
186.195984	97.804	147.4204
187.545227	97.768	147.3965
188.904266	97.729	147.3548
190.273132	97.689	147.3324
191.651932	97.647	147.3271
193.040726	97.604	147.3035
194.439575	97.559	147.3141
195.848572	97.512	147.3245
197.267761	97.463	147.3371
198.697250	97.413	147.3758
200.137085	97.365	147.4026
201.587372	97.317	147.4680
203.048157	97.271	147.5291
204.519531	97.225	147.6047
206.001556	97.180	147.6993
207.494324	97.137	147.8122
208.997925	97.096	147.9380
210.512405	97.057	148.0522
212.037857	97.018	148.1643
213.574371	96.981	148.2720
215.122025	96.945	148.3950
216.680893	96.910	148.5121
218.251053	96.876	148.6356
219.832581	96.843	148.7543
221.425583	96.811	148.8558
223.030121	96.781	148.9453
224.646286	96.750	149.0278
226.274170	96.719	149.1063
227.913849	96.686	149.1972
229.565399	96.653	149.2872
231.228928	96.619	149.3779
232.904510	96.585	149.4518
234.592224	96.552	149.5218
236.292191	96.519	149.6110
238.004456	96.487	149.6968
239.729126	96.455	149.7856
241.466309	96.423	149.8682
243.216080	96.390	149.9404
244.978516	96.356	150.0167
246.753738	96.323	150.0941
248.541809	96.289	150.1796
250.342850	96.253	150.2476
252.156937	96.216	150.3434
253.984161	96.178	150.4061
255.824646	96.139	150.4636
257.678467	96.099	150.5533
259.545685	96.059	150.6420
261.426483	96.018	150.7388
263.320862	95.976	150.8016
265.229004	95.933	150.8823
267.150970	95.890	150.9742
269.086853	95.847	151.0690
271.036774	95.803	151.1805
273.000824	95.759	151.2795
274.979095	95.715	151.3723
276.971710	95.671	151.4753
278.978760	95.628	151.5871
281.000336	95.586	151.7050
283.036591	95.544	151.8188
285.087585	95.502	151.9562
287.153442	95.459	152.0904
289.234283	95.416	152.2264
291.330200	95.373	152.3618
293.441284	95.331	152.5028
295.567688	95.289	152.6402
297.709503	95.248	152.7661
299.866821	95.206	152.9078
302.039795	95.164	153.0588
304.228485	95.122	153.2153
306.433044	95.080	153.3753
308.653595	95.038	153.5296
310.890228	94.998	153.6839
313.143066	94.958	153.8535
315.412231	94.920	154.0153
317.697845	94.884	154.1746
320.000000	94.850	154.3391
322.318848	94.817	154.5146
324.654510	94.784	154.6963
327.007080	94.753	154.8681
329.376709	94.721	155.0504
331.763519	94.690	155.2296
334.167603	94.658	155.4066
336.589142	94.626	155.5956
339.028198	94.594	155.7858
341.484924	94.563	155.9802
343.959473	94.533	156.1624
346.451935	94.502	156.3575
348.962463	94.473	156.5551
351.491211	94.443	156.7687
354.038239	94.412	156.9744
356.603760	94.382	157.1829
359.187866	94.353	157.3879
361.790680	94.323	157.5930
364.412354	94.294	157.8054
367.053040	94.264	158.0166
369.712860	94.236	158.2321
372.391968	94.208	158.4392
375.090454	94.180	158.6632
377.808533	94.153	158.8765
380.546265	94.126	159.0968
383.303864	94.098	159.3216
386.081451	94.071	159.5464
388.879150	94.045	159.7789
391.697144	94.019	160.0175
394.535522	93.993	160.2499
397.394501	93.966	160.4803
400.274170	93.940	160.7092
403.174744	93.914	160.9517
406.096313	93.890	161.1960
409.039062	93.865	161.4369
412.003113	93.841	161.6811
414.988647	93.817	161.9283
417.995850	93.793	162.1714
421.024811	93.769	162.4234
424.075714	93.745	162.6690
427.148743	93.721	162.9091
430.244049	93.697	163.1741
433.361786	93.675	163.4301
436.502106	93.653	163.6879
439.665161	93.631	163.9426
442.851166	93.609	164.2104
446.060242	93.588	164.4769
449.292572	93.567	164.7557
452.548340	93.546	165.0211
455.827698	93.524	165.2865
459.130798	93.503	165.5450
462.457855	93.483	165.8188
465.809021	93.463	166.0987
469.184448	93.444	166.3813
472.584381	93.425	166.6658
476.008911	93.406	166.9500
479.458252	93.387	167.2204
482.932617	93.369	167.5118
486.432159	93.351	167.7914
489.957031	93.334	168.0822
493.507477	93.318	168.3699
497.083618	93.302	168.6711
500.685699	93.286	168.9713
504.313873	93.272	169.2606
507.968323	93.258	169.5647
511.649292	93.245	169.8654
515.356934	93.232	170.1612
519.091370	93.221	170.4687
522.852966	93.209	170.7743
526.641724	93.198	171.0778
530.458008	93.187	171.3875
534.301941	93.176	171.7085
538.173706	93.165	172.0215
542.073547	93.155	172.3298
546.001648	93.147	172.6497
549.958191	93.139	172.9731
553.943420	93.131	173.2914
557.957520	93.123	173.6163
562.000671	93.115	173.9343
566.073181	93.107	174.2769
570.175171	93.099	174.6068
574.306885	93.092	174.9456
578.468567	93.086	175.2769
582.660400	93.080	175.5959
586.882568	93.075	175.9561
591.135376	93.070	176.2861
595.419006	93.066	176.6125
599.733643	93.063	176.9558
604.079590	93.060	177.3193
608.456970	93.057	177.6695
612.866089	93.054	178.0239
617.307190	93.052	178.3842
621.780457	93.051	178.7470
626.286133	93.051	179.1040
630.824463	93.053	179.4673
635.395691	93.057	179.8242
640.000000	93.063	-179.8180
644.637695	93.069	-179.4513
649.309021	93.076	-179.0791
654.014160	93.084	-178.7022
658.753418	93.092	-178.3299
663.527039	93.101	-177.9478
668.335205	93.111	-177.5733
673.178284	93.122	-177.1879
678.056396	93.132	-176.7972
682.969849	93.144	-176.4061
687.918945	93.156	-176.0383
692.903870	93.168	-175.6456
697.924927	93.181	-175.2511
702.982422	93.196	-174.8577
708.076477	93.212	-174.4434
713.207520	93.228	-174.0617
718.375732	93.244	-173.6504
723.581360	93.260	-173.2474
728.824707	93.278	-172.8261
734.106079	93.297	-172.4188
739.425720	93.317	-172.0175
744.783936	93.337	-171.6008
750.180908	93.358	-171.1770
755.617065	93.380	-170.7585
761.092529	93.402	-170.3463
766.607727	93.426	-169.9215
772.162903	93.450	-169.4854
777.758301	93.476	-169.0671
783.394287	93.501	-168.6371
789.071045	93.528	-168.2200
794.789001	93.555	-167.7845
800.548340	93.581	-167.3458
806.349487	93.606	-166.8964
812.192627	93.631	-166.4860
818.078125	93.657	-166.0383
824.006226	93.684	-165.6002
829.977295	93.711	-165.1647
835.991699	93.739	-164.7212
842.049622	93.770	-164.2938
848.151428	93.801	-163.8473
854.297485	93.834	-163.4122
860.488098	93.867	-162.9718
866.723572	93.901	-162.5322
873.004211	93.935	-162.1094
879.330322	93.970	-161.6874
885.702332	94.005	-161.2600
892.120483	94.040	-160.8415
898.585144	94.075	-160.4030
905.096680	94.112	-159.9598
911.655396	94.150	-159.5221
918.261597	94.188	-159.0698
924.915710	94.228	-158.6269
931.618042	94.269	-158.1760
938.368896	94.310	-157.7336
945.168762	94.352	-157.2674
952.017822	94.395	-156.8014
958.916504	94.439	-156.3299
965.865234	94.485	-155.8617
972.864319	94.534	-155.3872
979.914062	94.583	-154.8864
987.014954	94.634	-154.4094
994.167236	94.685	-153.9126
1001.371399	94.732	-153.3973
1008.627747	94.776	-152.9123
1015.936646	94.817	-152.4260
1023.298584	94.858	-151.9650
1030.713867	94.901	-151.4792
1038.182739	94.945	-151.0034
1045.705933	94.991	-150.5317
1053.283447	95.038	-150.0715
1060.916016	95.087	-149.5991
1068.603882	95.137	-149.1377
1076.347412	95.189	-148.6883
1084.147095	95.242	-148.2349
1092.003296	95.298	-147.7570
1099.916382	95.355	-147.3041
1107.886841	95.414	-146.8474
1115.915039	95.475	-146.3926
1124.001343	95.538	-145.9125
1132.146362	95.603	-145.4695
1140.350342	95.671	-144.9949
1148.613770	95.742	-144.5302
1156.937134	95.816	-144.0651
1165.320801	95.892	-143.5902
1173.765137	95.971	-143.1130
1182.270752	96.055	-142.6533
1190.838013	96.143	-142.1859
1199.467285	96.234	-141.7135
1208.159180	96.330	-141.2647
1216.913940	96.431	-140.7941
1225.732178	96.537	-140.3613
1234.614380	96.648	-139.9201
1243.560913	96.767	-139.4994
1252.572266	96.896	-139.1020
1261.648926	97.036	-138.7151
1270.791382	97.184	-138.3598
1280.000000	97.339	-138.0137
1289.275391	97.501	-137.7077
1298.618042	97.668	-137.4595
1308.028320	97.841	-137.2244
1317.506836	98.017	-137.0752
1327.054077	98.196	-136.9392
1336.670410	98.378	-136.8815
1346.356567	98.561	-136.8672
1356.112793	98.745	-136.8914
1365.939697	98.928	-136.9626
1375.837891	99.109	-137.1002
1385.807739	99.288	-137.2924
1395.849854	99.466	-137.5238
1405.964844	99.642	-137.8080
1416.152954	99.814	-138.1110
1426.415039	99.983	-138.4701
1436.751465	100.149	-138.8822
1447.162720	100.310	-139.2978
1457.649414	100.468	-139.7503
1468.212158	100.622	-140.2194
1478.851440	100.773	-140.7103
1489.567871	100.921	-141.2220
1500.361816	101.065	-141.7512
1511.234131	101.207	-142.2841
1522.185059	101.346	-142.8485
1533.215454	101.483	-143.3894
1544.325806	101.618	-143.9642
1555.516602	101.751	-144.5580
1566.788574	101.882	-145.1844
1578.142090	102.013	-145.7962
1589.578003	102.142	-146.4258
1601.096680	102.271	-147.0494
1612.698975	102.401	-147.7323
1624.385254	102.531	-148.4137
1636.156250	102.660	-149.1193
1648.012451	102.788	-149.8414
1659.954590	102.915	-150.5741
1671.983398	103.042	-151.3489
1684.099243	103.167	-152.1363
1696.302856	103.290	-152.9576
1708.594971	103.411	-153.7957
1720.976196	103.530	-154.6691
1733.447144	103.647	-155.6026
1746.008423	103.760	-156.5381
1758.660645	103.871	-157.5079
1771.404663	103.977	-158.5069
1784.240967	104.079	-159.5378
1797.170288	104.177	-160.6020
1810.193359	104.269	-161.6935
1823.310791	104.356	-162.7955
1836.523193	104.437	-163.9321
1849.831421	104.512	-165.1058
1863.236084	104.582	-166.2738
1876.737793	104.647	-167.4508
1890.337524	104.706	-168.6587
1904.035645	104.761	-169.8901
1917.833008	104.809	-171.1260
1931.730469	104.850	-172.4057
1945.728638	104.883	-173.6915
1959.828125	104.907	-175.0255
1974.029907	104.922	-176.3259
1988.334473	104.927	-177.6589
2002.742798	104.923	-178.9983
2017.255493	104.909	179.6769
2031.873291	104.885	178.3805
2046.597168	104.852	177.1131
2061.427734	104.809	175.8704
2076.365479	104.758	174.6740
2091.411865	104.700	173.4896
2106.566895	104.634	172.3640
2121.832031	104.562	171.2900
2137.207764	104.484	170.2540
2152.694824	104.403	169.2598
2168.294189	104.317	168.3458
2184.006592	104.229	167.4516
2199.832764	104.139	166.5999
2215.773682	104.045	165.7850
2231.830078	103.949	165.0158
2248.002686	103.851	164.2777
2264.292725	103.751	163.5777
2280.700684	103.648	162.9186
2297.227539	103.543	162.3105
2313.874268	103.436	161.7412
2330.641602	103.327	161.2084
2347.530273	103.217	160.7228
2364.541504	103.106	160.2758
2381.676025	102.995	159.8763
2398.934570	102.884	159.5265
2416.318359	102.774	159.1981
2433.827881	102.665	158.9388
2451.464355	102.557	158.6937
2469.228760	102.451	158.5120
2487.121826	102.347	158.3591
2505.144531	102.246	158.2467
2523.297852	102.147	158.1661
2541.582764	102.051	158.1063
2560.000000	101.958	158.0960
2578.550781	101.868	158.1434
2597.236084	101.781	158.1700
2616.056641	101.697	158.2627
2635.013672	101.616	158.3499
2654.108154	101.538	158.4857
2673.340820	101.464	158.6494
2692.713135	101.393	158.8251
2712.225586	101.326	159.0353
2731.879395	101.263	159.2780
2751.675781	101.204	159.5395
2771.615479	101.149	159.7941
2791.699707	101.099	160.1144
2811.929688	101.052	160.4325
2832.305908	101.011	160.8111
2852.830078	100.974	161.1650
2873.502930	100.943	161.5562
2894.325439	100.917	161.9612
2915.298828	100.898	162.3905
2936.424316	100.885	162.8424
2957.702881	100.880	163.3027
2979.135742	100.882	163.7732
3000.723633	100.892	164.2418
3022.468262	100.910	164.7173
3044.370117	100.935	165.1432
3066.430908	100.966	165.5999
3088.651611	101.001	166.0235
3111.033203	101.041	166.4163
3133.577148	101.084	166.8278
3156.284180	101.134	167.2144
3179.156006	101.190	167.6139
3202.193359	101.253	168.0022
3225.397949	101.321	168.4154
3248.770508	101.395	168.8282
3272.312500	101.475	169.2433
3296.024902	101.562	169.6578
3319.909180	101.656	170.0703
3343.966797	101.758	170.4899
3368.198486	101.869	170.9111
3392.605713	101.988	171.3018
3417.189941	102.116	171.6986
3441.952393	102.254	172.0610
3466.894287	102.402	172.3982
3492.016846	102.560	172.7297
3517.321289	102.728	173.0173
3542.809326	102.908	173.2955
3568.481934	103.100	173.5071
3594.340576	103.304	173.6810
3620.386719	103.521	173.7963
3646.621582	103.751	173.8505
3673.046387	103.996	173.8582
3699.662842	104.254	173.7230
3726.472168	104.525	173.5064
3753.475586	104.810	173.1651
3780.675049	105.107	172.6837
3808.071289	105.415	172.0324
3835.666016	105.733	171.2405
3863.460938	106.058	170.2476
3891.457275	106.390	169.0432
3919.656250	106.725	167.6033
3948.059814	107.058	165.9145
3976.668945	107.384	163.9778
4005.485596	107.694	161.7437
4034.510986	107.982	159.2019
4063.746582	108.241	156.3684
4093.194336	108.465	153.2106
4122.855469	108.645	149.7920
4152.730957	108.773	146.1015
4182.823730	108.841	142.2239
4213.133789	108.842	138.2590
4243.664062	108.774	134.2485
4274.415527	108.636	130.2811
4305.389648	108.432	126.4728
4336.588379	108.168	122.8929
4368.013184	107.853	119.5885
4399.665527	107.495	116.5849
4431.547363	107.104	113.9097
4463.660156	106.689	111.5620
4496.005371	106.259	109.5488
4528.585449	105.820	107.8690
4561.401367	105.379	106.4564
4594.455078	104.939	105.3246
4627.748535	104.505	104.4384
4661.283203	104.079	103.7921
4695.060547	103.663	103.3266
4729.083008	103.259	103.0662
4763.352051	102.868	102.9617
4797.869141	102.491	103.0094
4832.636719	102.129	103.1995
4867.655762	101.781	103.4995
4902.928711	101.448	103.9353
4938.457520	101.130	104.4462
4974.243652	100.827	105.0612
5010.289062	100.540	105.7384
5046.595703	100.270	106.5089
5083.165527	100.015	107.3429
5120.000000	99.773	108.2403
5157.101562	99.546	109.1862
5194.472168	99.332	110.2086
5232.113281	99.131	111.2722
5270.027344	98.944	112.3842
5308.216309	98.769	113.5526
5346.681641	98.607	114.7457
5385.426270	98.456	116.0061
5424.451172	98.319	117.3020
5463.758789	98.196	118.6080
5503.351562	98.087	119.9989
5543.230957	97.993	121.3904
5583.399414	97.914	122.8167
5623.859375	97.851	124.3212
5664.611816	97.805	125.8380
5705.660156	97.780	127.3716
5747.005859	97.776	128.9350
5788.650879	97.794	130.4630
5830.597656	97.827	131.9501
5872.848633	97.874	133.3756
5915.405762	97.934	134.8133
5958.271484	98.008	136.2482
6001.447266	98.099	137.7175
6044.936523	98.207	139.1136
6088.740234	98.332	140.5391
6132.861816	98.475	141.9321
6177.303223	98.637	143.3132
6222.066406	98.821	144.7003
6267.154297	99.029	146.0659
6312.568359	99.259	147.3535
6358.312012	99.511	148.6271
6404.386719	99.789	149.8569
6450.795898	100.096	151.0069
6497.541016	100.436	152.0653
6544.625000	100.812	153.0125
6592.049805	101.227	153.8329
6639.818359	101.684	154.4466
6687.933594	102.186	154.8618
6736.396973	102.736	154.9857
6785.211426	103.333	154.7664
6834.379883	103.979	154.0904
6883.904785	104.670	152.8759
6933.788574	105.398	150.9701
6984.033691	106.142	148.2124
7034.642578	106.874	144.3861
7085.618652	107.550	139.4326
7136.963867	108.117	133.2895
7188.681152	108.518	126.1487
7240.773438	108.708	118.3248
7293.243164	108.668	110.3756
7346.092773	108.405	102.7981
7399.325684	107.952	96.0490
7452.944336	107.360	90.3687
7506.951172	106.684	85.8321
7561.350098	105.972	82.3842
7616.142578	105.263	79.8917
7671.332031	104.582	78.2062
7726.921875	103.946	77.1288
7782.914551	103.364	76.6021
7839.312500	102.840	76.4255
7896.119629	102.375	76.5684
7953.337891	101.971	76.9794
8010.971191	101.627	77.5601
8069.021973	101.341	78.2722
8127.493164	101.116	79.0461
8186.388672	100.951	79.8482
8245.710938	100.847	80.6380
8305.461914	100.804	81.3789
8365.647461	100.823	81.9779
8426.267578	100.906	82.4315
8487.328125	101.055	82.5813
8548.831055	101.269	82.4269
8610.779297	101.547	81.7384
8673.176758	101.880	80.4724
8736.026367	102.255	78.3396
8799.331055	102.643	75.2083
8863.094727	103.001	70.9061
8927.320312	103.270	65.3172
8992.010742	103.383	58.5012
9057.170898	103.279	50.8676
9122.802734	102.918	42.9332
9188.910156	102.300	35.4103
9255.497070	101.458	28.8880
9322.566406	100.452	23.6320
9390.121094	99.346	19.7843
9458.166016	98.201	17.1384
9526.704102	97.060	15.6140
9595.738281	95.952	14.9512
9665.273438	94.891	15.0454
9735.311523	93.884	15.6968
9805.857422	92.934	16.8173
9876.915039	92.041	18.2958
9948.487305	91.202	20.0857
10020.578125	90.416	22.1505
10093.191406	89.679	24.4088
10166.331055	88.987	26.8707
10240.000000	88.339	29.4230
10314.203125	87.731	32.1381
10388.944336	87.162	34.9833
10464.226562	86.629	37.9252
10540.054688	86.131	41.0089
10616.432617	85.667	44.1272
10693.363281	85.236	47.2716
10770.852539	84.837	50.5467
10848.902344	84.470	53.8761
10927.517578	84.133	57.2425
11006.703125	83.827	60.6676
11086.461914	83.549	64.1054
11166.798828	83.302	67.6036
11247.718750	83.084	71.1610
11329.223633	82.897	74.7084
11411.320312	82.740	78.2912
11494.011719	82.614	81.9153
11577.301758	82.516	85.5535
11661.195312	82.449	89.2042
11745.697266	82.414	92.8406
11830.811523	82.412	96.5329
11916.542969	82.445	100.1870
12002.894531	82.515	103.8449
12089.873047	82.622	107.5485
12177.480469	82.769	111.1890
12265.723633	82.955	114.8035
12354.606445	83.184	118.3849
12444.132812	83.459	121.8901
12534.308594	83.785	125.4236
12625.136719	84.167	128.8382
12716.624023	84.611	132.1821
12808.773438	85.122	135.3400
12901.591797	85.706	138.2473
12995.082031	86.370	140.9239
13089.250000	87.120	143.2563
13184.099609	87.962	145.0953
13279.636719	88.900	146.3386
13375.867188	89.930	146.7307
13472.793945	91.033	145.8684
13570.422852	92.165	143.5840
13668.759766	93.248	139.4109
13767.809570	94.176	133.2202
13867.577148	94.834	125.3148
13968.067383	95.144	116.5237
14069.285156	95.097	108.2023
14171.237305	94.770	101.5005
14273.927734	94.317	97.0653
14377.362305	93.920	94.8398
14481.546875	93.724	93.8099
14586.486328	93.762	92.7311
14692.185547	93.955	90.6816
14798.651367	94.197	87.4668
14905.888672	94.426	83.4825
15013.902344	94.615	78.7209
15122.700195	94.744	73.2317
15232.285156	94.774	66.9559
15342.664062	94.651	59.7867
15453.843750	94.321	52.3134
15565.829102	93.765	45.1573
15678.625000	93.021	39.1194
15792.239258	92.172	34.2686
15906.675781	91.308	30.6128
16021.942383	90.487	27.5316
16138.043945	89.706	24.6562
16254.986328	88.919	22.0326
16372.777344	88.093	20.1216
16491.421875	87.240	19.0663
16610.923828	86.405	18.9863
16731.294922	85.637	19.9229
16852.535156	84.974	21.5681
16974.656250	84.444	23.6244
17097.662109	84.062	25.9734
17221.558594	83.834	28.2997
17346.353516	83.768	30.3945
17472.052734	83.866	31.9770
17598.662109	84.120	32.7961
17726.189453	84.504	32.1862
17854.640625	84.953	29.9060
17984.021484	85.356	25.2711
18114.341797	85.563	18.2488
18245.605469	85.423	9.4503
18377.820312	84.849	0.2454
18510.994141	83.848	-7.5695
18645.132812	82.527	-13.1813
18780.242188	81.037	-16.2090
18916.332031	79.528	-16.8618
19053.408203	78.108	-15.7508
19191.476562	76.841	-13.2786
19330.546875	75.754	-10.0514
19470.623047	74.857	-6.0284
19611.714844	74.160	-1.8601
19753.830078	73.672	2.2253
19896.974609	73.391	5.9476
