20.000000	102.336	-166.7502
20.299999	102.343	-167.2345
20.600000	102.351	-167.7052
20.900000	102.360	-168.1734
21.200001	102.368	-168.6581
21.400000	102.372	-168.9850
21.799999	102.374	-169.6220
22.000000	102.373	-169.9267
22.400000	102.369	-170.5215
22.700001	102.366	-170.9355
23.000000	102.366	-171.3329
23.299999	102.367	-171.7398
23.600000	102.369	-172.1490
24.000000	102.370	-172.6989
24.299999	102.368	-173.1238
24.700001	102.362	-173.6754
25.000000	102.356	-174.0713
25.400000	102.348	-174.5931
25.799999	102.339	-175.0921
26.200001	102.330	-175.5826
26.500000	102.323	-175.9471
26.900000	102.313	-176.4205
27.200001	102.306	-176.7713
27.600000	102.296	-177.2319
28.000000	102.285	-177.6820
28.500000	102.270	-178.2396
29.000000	102.254	-178.7772
29.500000	102.236	-179.3055
30.000000	102.218	-179.8183
30.400000	102.203	179.7736
30.700001	102.191	179.4739
31.100000	102.174	179.0834
31.500000	102.156	178.6993
32.000000	102.135	178.2401
32.500000	102.114	177.7843
33.000000	102.093	177.3390
33.500000	102.071	176.8969
34.000000	102.049	176.4683
34.500000	102.026	176.0461
35.000000	102.004	175.6356
35.500000	101.981	175.2310
36.000000	101.959	174.8366
36.500000	101.937	174.4458
37.000000	101.915	174.0609
37.500000	101.893	173.6778
38.200001	101.860	173.1572
38.700001	101.836	172.7968
39.500000	101.797	172.2363
40.000000	101.773	171.8923
40.599998	101.744	171.4801
41.200001	101.714	171.0818
41.799999	101.683	170.6951
42.500000	101.647	170.2522
43.099998	101.616	169.8802
43.700001	101.584	169.5161
44.400002	101.546	169.1048
45.000000	101.515	168.7583
45.500000	101.487	168.4734
46.200001	101.449	168.0942
46.799999	101.418	167.7809
47.500000	101.383	167.4100
48.200001	101.347	167.0396
48.700001	101.321	166.7840
49.400002	101.284	166.4234
50.000000	101.249	166.1009
50.799999	101.188	165.6906
51.500000	101.130	165.3998
52.200001	101.077	165.1615
53.000000	101.025	164.9005
53.799999	100.980	164.6231
54.500000	100.943	164.3462
55.200001	100.903	164.0367
56.000000	100.852	163.6821
57.000000	100.783	163.2867
58.000000	100.719	162.9199
59.000000	100.654	162.5357
60.000000	100.584	162.1766
60.799999	100.530	161.9313
61.500000	100.485	161.7217
62.200001	100.441	161.5061
63.000000	100.391	161.2745
64.000000	100.338	161.0139
65.000000	100.292	160.7133
66.000000	100.240	160.3888
67.000000	100.184	160.1017
68.000000	100.131	159.8356
69.000000	100.080	159.5692
70.000000	100.030	159.3031
71.000000	99.978	159.0422
72.000000	99.927	158.8083
73.000000	99.878	158.5916
74.000000	99.830	158.3779
75.000000	99.782	158.1631
76.199997	99.724	157.9091
77.500000	99.660	157.6512
78.800003	99.597	157.4011
80.000000	99.539	157.1750
81.199997	99.479	156.9579
82.500000	99.413	156.7316
83.800003	99.347	156.5193
85.000000	99.287	156.3360
86.199997	99.227	156.1572
87.500000	99.163	155.9713
88.500000	99.114	155.8291
90.000000	99.041	155.6322
91.199997	98.983	155.4868
92.500000	98.922	155.3307
93.800003	98.862	155.1792
95.000000	98.806	155.0436
96.199997	98.751	154.9147
97.500000	98.692	154.7863
98.800003	98.634	154.6585
100.000000	98.580	154.5399
101.500000	98.512	154.4121
103.000000	98.444	154.2881
104.400002	98.381	154.1754
106.000000	98.310	154.0565
107.500000	98.244	153.9495
109.000000	98.179	153.8516
110.599998	98.110	153.7571
112.000000	98.051	153.6842
113.800003	97.976	153.5975
115.000000	97.927	153.5388
117.199997	97.839	153.4257
118.000000	97.808	153.3845
120.599998	97.705	153.2594
122.000000	97.653	153.2129
124.099998	97.577	153.1431
125.000000	97.546	153.1127
126.500000	97.499	153.0617
128.000000	97.454	153.0164
131.500000	97.354	152.9261
132.000000	97.340	152.9153
134.000000	97.285	152.8792
136.000000	97.229	152.8507
138.000000	97.174	152.8277
140.000000	97.119	152.8202
143.000000	97.041	152.8230
145.000000	96.990	152.8350
147.500000	96.927	152.8559
150.000000	96.866	152.8743
152.500000	96.804	152.9004
155.000000	96.741	152.9421
157.500000	96.679	153.0181
160.000000	96.615	153.1195
162.500000	96.547	153.2400
165.000000	96.477	153.3607
167.500000	96.408	153.4825
170.000000	96.338	153.6166
172.500000	96.266	153.8001
175.000000	96.198	154.0622
177.500000	96.142	154.4035
180.000000	96.109	154.7985
182.500000	96.103	155.1240
185.000000	96.115	155.2639
187.500000	96.122	155.1771
190.000000	96.106	154.9577
192.500000	96.066	154.7306
195.000000	96.008	154.5753
197.500000	95.939	154.5094
200.000000	95.868	154.5513
203.000000	95.786	154.7178
206.000000	95.718	155.0461
209.000000	95.674	155.5061
212.000000	95.668	155.9970
214.000000	95.684	156.2535
218.000000	95.743	156.4225
220.000000	95.768	156.3281
224.000000	95.784	155.9461
227.000000	95.767	155.6299
230.000000	95.732	155.3684
233.000000	95.687	155.1768
236.000000	95.638	155.0468
240.000000	95.574	154.9662
243.000000	95.529	154.9499
247.000000	95.472	154.9568
250.000000	95.430	154.9750
254.000000	95.374	155.0007
258.000000	95.317	155.0254
262.000000	95.263	155.0599
265.000000	95.223	155.0898
269.000000	95.171	155.1283
272.000000	95.132	155.1621
276.000000	95.082	155.2078
280.000000	95.034	155.2565
285.000000	94.975	155.3261
290.000000	94.919	155.4095
295.000000	94.865	155.4863
300.000000	94.814	155.5606
304.000000	94.774	155.6242
307.000000	94.744	155.6640
311.000000	94.706	155.7250
315.000000	94.670	155.7905
320.000000	94.634	155.8937
325.000000	94.609	156.0216
330.000000	94.591	156.0950
335.000000	94.569	156.1367
340.000000	94.544	156.1935
345.000000	94.521	156.2556
350.000000	94.498	156.3232
355.000000	94.477	156.3914
360.000000	94.457	156.4571
365.000000	94.438	156.5179
370.000000	94.421	156.5793
375.000000	94.403	156.6368
382.000000	94.380	156.7224
387.000000	94.364	156.7817
395.000000	94.339	156.8772
400.000000	94.325	156.9168
406.000000	94.308	156.9865
412.000000	94.293	157.0499
418.000000	94.278	157.1078
425.000000	94.261	157.1755
431.000000	94.248	157.2260
437.000000	94.235	157.2837
444.000000	94.221	157.3472
450.000000	94.210	157.4001
455.000000	94.201	157.4341
462.000000	94.189	157.4844
468.000000	94.180	157.5299
475.000000	94.170	157.5834
482.000000	94.161	157.6276
487.000000	94.154	157.6616
494.000000	94.147	157.7030
500.000000	94.141	157.7301
508.000000	94.138	157.7831
515.000000	94.137	157.8176
522.000000	94.137	157.8620
530.000000	94.137	157.9032
538.000000	94.138	157.9420
545.000000	94.140	157.9761
552.000000	94.142	158.0070
560.000000	94.145	158.0464
570.000000	94.149	158.0833
580.000000	94.154	158.1227
590.000000	94.161	158.1665
600.000000	94.168	158.2084
608.000000	94.175	158.2346
615.000000	94.181	158.2596
622.000000	94.189	158.2773
630.000000	94.201	158.3123
640.000000	94.221	158.3531
650.000000	94.245	158.3876
660.000000	94.270	158.4345
670.000000	94.297	158.4700
680.000000	94.324	158.5173
690.000000	94.353	158.5608
700.000000	94.383	158.6106
710.000000	94.413	158.6578
720.000000	94.446	158.7069
730.000000	94.479	158.7664
740.000000	94.515	158.8217
750.000000	94.552	158.8794
762.000000	94.599	158.9634
775.000000	94.654	159.0479
788.000000	94.712	159.1477
800.000000	94.767	159.2360
812.000000	94.820	159.3241
825.000000	94.880	159.4250
838.000000	94.946	159.5157
850.000000	95.015	159.5812
862.000000	95.090	159.6285
875.000000	95.180	159.6453
885.000000	95.255	159.6249
900.000000	95.373	159.5342
912.000000	95.473	159.3909
925.000000	95.584	159.1642
938.000000	95.696	158.8709
950.000000	95.798	158.5219
962.000000	95.897	158.1148
975.000000	95.999	157.6243
988.000000	96.093	157.0916
1000.000000	96.166	156.5738
1015.000000	96.233	155.8712
1030.000000	96.284	155.1211
1044.000000	96.321	154.3956
1060.000000	96.355	153.5432
1075.000000	96.379	152.7658
1090.000000	96.399	151.9889
1106.000000	96.418	151.1524
1120.000000	96.434	150.4164
1138.000000	96.450	149.4385
1150.000000	96.459	148.7953
1172.000000	96.467	147.5616
1180.000000	96.468	147.1058
1206.000000	96.460	145.5983
1220.000000	96.449	144.7918
1241.000000	96.430	143.5852
1250.000000	96.423	143.0791
1265.000000	96.418	142.2349
1280.000000	96.416	141.4135
1315.000000	96.403	139.5690
1320.000000	96.400	139.3096
1340.000000	96.385	138.2998
1360.000000	96.364	137.3069
1380.000000	96.338	136.3506
1400.000000	96.306	135.4278
1430.000000	96.248	134.1349
1450.000000	96.203	133.3356
1475.000000	96.143	132.4172
1500.000000	96.081	131.5959
1525.000000	96.019	130.8678
1550.000000	95.960	130.2469
1575.000000	95.905	129.6892
1600.000000	95.860	129.2492
1625.000000	95.826	128.8654
1650.000000	95.805	128.5594
1675.000000	95.794	128.3068
1700.000000	95.795	128.1098
1725.000000	95.808	127.9540
1750.000000	95.835	127.8373
1775.000000	95.877	127.7246
1800.000000	95.932	127.6170
1825.000000	95.999	127.5016
1850.000000	96.077	127.3540
1875.000000	96.166	127.2154
1900.000000	96.269	127.0569
1925.000000	96.385	126.8598
1950.000000	96.512	126.6102
1975.000000	96.648	126.2854
2000.000000	96.790	125.8962
2030.000000	96.968	125.3748
2060.000000	97.155	124.7916
2090.000000	97.349	124.1594
2120.000000	97.551	123.4386
2140.000000	97.689	122.9206
2180.000000	97.976	121.7843
2200.000000	98.123	121.1525
2240.000000	98.424	119.7984
2270.000000	98.655	118.6661
2300.000000	98.889	117.4488
2330.000000	99.125	116.1386
2360.000000	99.363	114.7134
2400.000000	99.680	112.6637
2430.000000	99.917	111.0117
2470.000000	100.228	108.6344
2500.000000	100.456	106.7115
2540.000000	100.752	103.9956
2580.000000	101.034	101.0829
2620.000000	101.298	97.9820
2650.000000	101.482	95.5365
2690.000000	101.705	92.1356
2720.000000	101.854	89.4745
2760.000000	102.025	85.8161
2800.000000	102.161	82.0519
2850.000000	102.277	77.2335
2900.000000	102.331	72.3726
2950.000000	102.320	67.5553
3000.000000	102.248	62.8981
3040.000000	102.150	59.3454
3070.000000	102.058	56.8191
3110.000000	101.922	53.6668
3150.000000	101.784	50.7589
3200.000000	101.634	47.3782
3250.000000	101.506	44.0954
3300.000000	101.372	40.7538
3350.000000	101.207	37.4475
3400.000000	101.005	34.3570
3450.000000	100.780	31.5778
3500.000000	100.548	29.1315
3550.000000	100.322	27.0334
3600.000000	100.110	25.2236
3650.000000	99.917	23.7110
3700.000000	99.751	22.4888
3750.000000	99.625	21.5341
3820.000000	99.542	20.5809
3870.000000	99.563	20.0021
3950.000000	99.741	18.9037
4000.000000	99.922	17.8903
4060.000000	100.178	16.1859
4120.000000	100.455	13.8749
4180.000000	100.733	10.9883
4250.000000	101.030	6.9769
4310.000000	101.246	3.0970
4370.000000	101.420	-1.1087
4440.000000	101.558	-6.3820
4500.000000	101.612	-11.0888
4550.000000	101.607	-15.0959
4620.000000	101.523	-20.6805
4680.000000	101.384	-25.3353
4750.000000	101.157	-30.4529
4820.000000	100.885	-35.1541
4870.000000	100.680	-38.2693
4940.000000	100.393	-42.3531
5000.000000	100.145	-45.6921
5080.000000	99.810	-49.8660
5150.000000	99.511	-53.2462
5220.000000	99.214	-56.3345
5300.000000	98.886	-59.5186
5380.000000	98.580	-62.3326
5450.000000	98.341	-64.5370
5520.000000	98.135	-66.5225
5600.000000	97.949	-68.5980
5700.000000	97.804	-71.0147
5800.000000	97.761	-73.4380
5900.000000	97.814	-76.1429
6000.000000	97.939	-79.3486
6080.000000	98.065	-82.3596
6150.000000	98.172	-85.3553
6220.000000	98.259	-88.6240
6300.000000	98.317	-92.6234
6400.000000	98.308	-97.7408
6500.000000	98.223	-102.7563
6600.000000	98.093	-107.4295
6700.000000	97.955	-111.6785
6800.000000	97.843	-115.5281
6900.000000	97.765	-119.1017
7000.000000	97.743	-122.1898
7100.000000	97.853	-125.0287
7200.000000	98.089	-128.0965
7300.000000	98.442	-131.5091
7400.000000	98.919	-135.4713
7500.000000	99.526	-140.2650
7620.000000	100.407	-147.7145
7750.000000	101.453	-158.8585
7880.000000	102.341	-173.9738
8000.000000	102.704	168.8592
8120.000000	102.391	150.2814
8250.000000	101.171	131.5444
8380.000000	99.392	117.3847
8500.000000	97.700	107.7368
8620.000000	96.081	100.4693
8750.000000	94.462	94.6121
8850.000000	93.326	91.1093
9000.000000	91.804	87.0415
9120.000000	90.731	84.4781
9250.000000	89.703	82.2037
9380.000000	88.803	80.2546
9500.000000	88.073	78.6266
9620.000000	87.429	77.1437
9750.000000	86.820	75.6118
9880.000000	86.298	74.1116
10000.000000	85.887	72.7809
10150.000000	85.470	71.0983
10300.000000	85.164	69.3988
10440.000000	84.980	67.6720
10600.000000	84.877	65.3245
10750.000000	84.842	62.6529
10900.000000	84.825	59.7695
11060.000000	84.889	57.0727
11200.000000	85.099	54.6174
11380.000000	85.558	50.3331
11500.000000	85.914	46.5441
11720.000000	86.547	37.9739
11800.000000	86.761	34.4742
12060.000000	87.381	21.9616
12200.000000	87.658	14.6492
12410.000000	87.980	3.0608
12500.000000	88.079	-2.0430
12650.000000	88.187	-10.6614
12800.000000	88.220	-19.3420
13150.000000	88.034	-38.4022
13200.000000	87.994	-40.8553
13400.000000	87.880	-50.0279
13600.000000	87.840	-58.3451
13800.000000	87.995	-64.4114
14000.000000	89.089	-68.2570
14300.000000	91.879	-87.0513
14500.000000	92.993	-106.7965
14750.000000	93.733	-133.0508
15000.000000	93.815	-160.6538
15250.000000	93.088	172.1028
15500.000000	91.700	147.5825
15750.000000	89.979	126.4636
16000.000000	88.136	108.1741
16250.000000	86.208	92.8223
16500.000000	84.269	81.5161
16750.000000	82.569	73.9901
17000.000000	81.227	68.9395
17250.000000	80.298	65.8479
17500.000000	79.851	63.5616
17750.000000	79.839	60.7885
18000.000000	80.142	56.9547
18250.000000	80.634	51.8960
18500.000000	81.307	46.2185
18750.000000	82.252	39.3303
19000.000000	83.296	29.9700
19250.000000	84.298	18.8628
19500.000000	85.238	6.2861
19750.000000	86.016	-7.3301
20000.000000	86.444	-19.3179
