20.000000	102.653	4.9613
20.299999	102.652	4.5343
20.600000	102.651	4.1218
20.900000	102.649	3.7217
21.200001	102.647	3.3176
21.400000	102.645	3.0489
21.799999	102.640	2.5266
22.000000	102.636	2.2723
22.400000	102.629	1.7562
22.700001	102.622	1.3838
23.000000	102.616	1.0214
23.299999	102.610	0.6516
23.600000	102.604	0.2878
24.000000	102.595	-0.1882
24.299999	102.588	-0.5531
24.700001	102.577	-1.0296
25.000000	102.568	-1.3770
25.400000	102.555	-1.8446
25.799999	102.542	-2.2956
26.200001	102.528	-2.7389
26.500000	102.518	-3.0678
26.900000	102.503	-3.4944
27.200001	102.493	-3.8117
27.600000	102.479	-4.2297
28.000000	102.464	-4.6386
28.500000	102.445	-5.1470
29.000000	102.424	-5.6394
29.500000	102.402	-6.1262
30.000000	102.380	-6.5981
30.400000	102.362	-6.9729
30.700001	102.349	-7.2487
31.100000	102.330	-7.6115
31.500000	102.311	-7.9746
32.000000	102.288	-8.4152
32.500000	102.265	-8.8554
33.000000	102.241	-9.2843
33.500000	102.217	-9.7121
34.000000	102.193	-10.1323
34.500000	102.168	-10.5520
35.000000	102.142	-10.9623
35.500000	102.116	-11.3669
36.000000	102.090	-11.7622
36.500000	102.064	-12.1547
37.000000	102.037	-12.5405
37.500000	102.009	-12.9225
38.200001	101.970	-13.4416
38.700001	101.942	-13.8044
39.500000	101.897	-14.3746
40.000000	101.869	-14.7268
40.599998	101.835	-15.1518
41.200001	101.800	-15.5673
41.799999	101.765	-15.9730
42.500000	101.723	-16.4341
43.099998	101.686	-16.8191
43.700001	101.650	-17.2004
44.400002	101.607	-17.6380
45.000000	101.569	-18.0058
45.500000	101.537	-18.3090
46.200001	101.490	-18.7259
46.799999	101.449	-19.0775
47.500000	101.399	-19.4716
48.200001	101.347	-19.8397
48.700001	101.309	-20.0882
49.400002	101.253	-20.4159
50.000000	101.203	-20.6640
50.799999	101.135	-20.9379
51.500000	101.080	-21.1412
52.200001	101.032	-21.3301
53.000000	100.988	-21.5545
53.799999	100.955	-21.8370
54.500000	100.927	-22.1576
55.200001	100.894	-22.5218
56.000000	100.850	-22.9488
57.000000	100.789	-23.4814
58.000000	100.721	-23.9971
59.000000	100.652	-24.4876
60.000000	100.579	-24.9860
60.799999	100.514	-25.3682
61.500000	100.456	-25.6682
62.200001	100.400	-25.9457
63.000000	100.340	-26.2574
64.000000	100.272	-26.6555
65.000000	100.204	-27.0516
66.000000	100.137	-27.4256
67.000000	100.070	-27.7882
68.000000	100.004	-28.1398
69.000000	99.938	-28.4820
70.000000	99.870	-28.8071
71.000000	99.804	-29.1240
72.000000	99.736	-29.4334
73.000000	99.668	-29.7356
74.000000	99.599	-30.0257
75.000000	99.531	-30.3017
76.199997	99.449	-30.6260
77.500000	99.360	-30.9599
78.800003	99.271	-31.2777
80.000000	99.188	-31.5546
81.199997	99.103	-31.8195
82.500000	99.010	-32.0942
83.800003	98.917	-32.3551
85.000000	98.833	-32.5854
86.199997	98.747	-32.8091
87.500000	98.655	-33.0325
88.500000	98.585	-33.1994
90.000000	98.478	-33.4333
91.199997	98.394	-33.6093
92.500000	98.302	-33.7899
93.800003	98.211	-33.9537
95.000000	98.126	-34.0962
96.199997	98.042	-34.2260
97.500000	97.951	-34.3494
98.800003	97.858	-34.4552
100.000000	97.772	-34.5270
101.500000	97.666	-34.5651
103.000000	97.566	-34.5775
104.400002	97.479	-34.5811
106.000000	97.387	-34.6063
107.500000	97.302	-34.6620
109.000000	97.216	-34.7353
110.599998	97.123	-34.8184
112.000000	97.039	-34.8821
113.800003	96.930	-34.9432
115.000000	96.858	-34.9723
117.199997	96.725	-35.0036
118.000000	96.677	-35.0037
120.599998	96.523	-34.9901
122.000000	96.442	-34.9742
124.099998	96.323	-34.9325
125.000000	96.274	-34.9067
126.500000	96.197	-34.8572
128.000000	96.124	-34.7941
131.500000	95.959	-34.6177
132.000000	95.936	-34.5887
134.000000	95.844	-34.4584
136.000000	95.754	-34.3041
138.000000	95.664	-34.1315
140.000000	95.574	-33.9294
143.000000	95.444	-33.5634
145.000000	95.363	-33.2714
147.500000	95.271	-32.8700
150.000000	95.188	-32.4733
152.500000	95.110	-32.0811
155.000000	95.036	-31.6633
157.500000	94.971	-31.1843
160.000000	94.920	-30.6878
162.500000	94.881	-30.2674
165.000000	94.845	-29.9865
167.500000	94.802	-29.8123
170.000000	94.748	-29.6861
172.500000	94.685	-29.5520
175.000000	94.618	-29.3909
177.500000	94.549	-29.1979
180.000000	94.481	-28.9675
182.500000	94.415	-28.7284
185.000000	94.351	-28.4749
187.500000	94.290	-28.2124
190.000000	94.232	-27.9396
192.500000	94.176	-27.6650
195.000000	94.123	-27.3865
197.500000	94.072	-27.1161
200.000000	94.025	-26.8403
203.000000	93.973	-26.5311
206.000000	93.924	-26.2076
209.000000	93.877	-25.8794
212.000000	93.831	-25.5548
214.000000	93.802	-25.3404
218.000000	93.747	-24.8981
220.000000	93.719	-24.6763
224.000000	93.666	-24.2304
227.000000	93.627	-23.8860
230.000000	93.588	-23.5233
233.000000	93.550	-23.1397
236.000000	93.513	-22.7367
240.000000	93.470	-22.1222
243.000000	93.446	-21.5958
247.000000	93.435	-20.8340
250.000000	93.446	-20.2670
254.000000	93.482	-19.6301
258.000000	93.533	-19.2144
262.000000	93.581	-19.0084
265.000000	93.606	-18.9448
269.000000	93.624	-18.9178
272.000000	93.628	-18.9033
276.000000	93.624	-18.8714
280.000000	93.617	-18.8129
285.000000	93.607	-18.7067
290.000000	93.598	-18.6019
295.000000	93.586	-18.5216
300.000000	93.571	-18.4394
304.000000	93.557	-18.3590
307.000000	93.547	-18.3001
311.000000	93.535	-18.2070
315.000000	93.528	-18.1160
320.000000	93.527	-18.0120
325.000000	93.529	-17.9138
330.000000	93.533	-17.8300
335.000000	93.536	-17.7509
340.000000	93.538	-17.6606
345.000000	93.540	-17.5652
350.000000	93.545	-17.4688
355.000000	93.551	-17.3829
360.000000	93.558	-17.3116
365.000000	93.565	-17.2537
370.000000	93.571	-17.1945
375.000000	93.577	-17.1450
382.000000	93.585	-17.0829
387.000000	93.590	-17.0442
395.000000	93.599	-16.9815
400.000000	93.605	-16.9630
406.000000	93.612	-16.9218
412.000000	93.619	-16.8889
418.000000	93.625	-16.8645
425.000000	93.632	-16.8370
431.000000	93.638	-16.8245
437.000000	93.644	-16.8085
444.000000	93.652	-16.7961
450.000000	93.658	-16.7898
455.000000	93.663	-16.7934
462.000000	93.669	-16.7929
468.000000	93.674	-16.7938
475.000000	93.681	-16.7961
482.000000	93.688	-16.8049
487.000000	93.693	-16.8092
494.000000	93.701	-16.8257
500.000000	93.708	-16.8507
508.000000	93.720	-16.8708
515.000000	93.731	-16.9049
522.000000	93.742	-16.9308
530.000000	93.753	-16.9645
538.000000	93.763	-16.9958
545.000000	93.772	-17.0171
552.000000	93.780	-17.0407
560.000000	93.789	-17.0611
570.000000	93.800	-17.0916
580.000000	93.812	-17.1111
590.000000	93.824	-17.1165
600.000000	93.836	-17.1135
608.000000	93.847	-17.1129
615.000000	93.856	-17.1073
622.000000	93.866	-17.1083
630.000000	93.881	-17.0955
640.000000	93.904	-17.0770
650.000000	93.932	-17.0552
660.000000	93.961	-17.0189
670.000000	93.990	-16.9916
680.000000	94.021	-16.9516
690.000000	94.052	-16.9113
700.000000	94.085	-16.8671
710.000000	94.119	-16.8220
720.000000	94.155	-16.7751
730.000000	94.191	-16.7210
740.000000	94.228	-16.6707
750.000000	94.267	-16.6184
762.000000	94.315	-16.5416
775.000000	94.370	-16.4666
788.000000	94.425	-16.3804
800.000000	94.475	-16.2983
812.000000	94.521	-16.2140
825.000000	94.571	-16.1129
838.000000	94.623	-16.0114
850.000000	94.675	-15.9163
862.000000	94.730	-15.8173
875.000000	94.793	-15.7132
885.000000	94.845	-15.6339
900.000000	94.928	-15.5165
912.000000	95.000	-15.4353
925.000000	95.082	-15.3553
938.000000	95.168	-15.2756
950.000000	95.253	-15.2330
962.000000	95.341	-15.2096
975.000000	95.441	-15.1995
988.000000	95.543	-15.2107
1000.000000	95.631	-15.2385
1015.000000	95.727	-15.3239
1030.000000	95.818	-15.4581
1044.000000	95.904	-15.6190
1060.000000	96.007	-15.8589
1075.000000	96.106	-16.1195
1090.000000	96.207	-16.4393
1106.000000	96.317	-16.8412
1120.000000	96.413	-17.2327
1138.000000	96.536	-17.8072
1150.000000	96.617	-18.2028
1172.000000	96.765	-19.0251
1180.000000	96.817	-19.3444
1206.000000	96.985	-20.4631
1220.000000	97.072	-21.0989
1241.000000	97.204	-22.1043
1250.000000	97.264	-22.5458
1265.000000	97.371	-23.3131
1280.000000	97.482	-24.0963
1315.000000	97.733	-25.9855
1320.000000	97.768	-26.2643
1340.000000	97.903	-27.3802
1360.000000	98.033	-28.5239
1380.000000	98.158	-29.6741
1400.000000	98.278	-30.8406
1430.000000	98.452	-32.5984
1450.000000	98.563	-33.7821
1475.000000	98.697	-35.2726
1500.000000	98.826	-36.7715
1525.000000	98.952	-38.2833
1550.000000	99.073	-39.7915
1575.000000	99.193	-41.3368
1600.000000	99.311	-42.8616
1625.000000	99.431	-44.4186
1650.000000	99.550	-45.9755
1675.000000	99.667	-47.5509
1700.000000	99.781	-49.1364
1725.000000	99.893	-50.7380
1750.000000	100.002	-52.3473
1775.000000	100.109	-53.9851
1800.000000	100.213	-55.6297
1825.000000	100.314	-57.2849
1850.000000	100.413	-58.9770
1875.000000	100.508	-60.6691
1900.000000	100.599	-62.3826
1925.000000	100.687	-64.1145
1950.000000	100.772	-65.8547
1975.000000	100.853	-67.6173
2000.000000	100.930	-69.3992
2030.000000	101.019	-71.5474
2060.000000	101.102	-73.7151
2090.000000	101.179	-75.8831
2120.000000	101.248	-78.0837
2140.000000	101.291	-79.5538
2180.000000	101.367	-82.5003
2200.000000	101.400	-83.9864
2240.000000	101.456	-86.9389
2270.000000	101.489	-89.1637
2300.000000	101.515	-91.3758
2330.000000	101.534	-93.5755
2360.000000	101.546	-95.7789
2400.000000	101.550	-98.6836
2430.000000	101.545	-100.8327
2470.000000	101.528	-103.6720
2500.000000	101.509	-105.7858
2540.000000	101.474	-108.5447
2580.000000	101.429	-111.2539
2620.000000	101.376	-113.9037
2650.000000	101.330	-115.8495
2690.000000	101.264	-118.3804
2720.000000	101.210	-120.2440
2760.000000	101.134	-122.6593
2800.000000	101.054	-124.9966
2850.000000	100.949	-127.8141
2900.000000	100.842	-130.5027
2950.000000	100.734	-133.0631
3000.000000	100.629	-135.4725
3040.000000	100.549	-137.2966
3070.000000	100.494	-138.6002
3110.000000	100.432	-140.2546
3150.000000	100.391	-141.8445
3200.000000	100.375	-143.8150
3250.000000	100.384	-145.8384
3300.000000	100.403	-147.9637
3350.000000	100.420	-150.1273
3400.000000	100.439	-152.2655
3450.000000	100.464	-154.3766
3500.000000	100.498	-156.4819
3550.000000	100.543	-158.5693
3600.000000	100.599	-160.6902
3650.000000	100.666	-162.8406
3700.000000	100.741	-165.0421
3750.000000	100.824	-167.3126
3820.000000	100.951	-170.5690
3870.000000	101.049	-172.9818
3950.000000	101.211	-176.9727
4000.000000	101.309	-179.5733
4060.000000	101.414	177.1830
4120.000000	101.511	173.7797
4180.000000	101.605	170.2156
4250.000000	101.707	165.8191
4310.000000	101.778	161.8537
4370.000000	101.831	157.7186
4440.000000	101.863	152.6402
4500.000000	101.854	148.1187
4550.000000	101.812	144.2335
4620.000000	101.692	138.7212
4680.000000	101.526	134.0128
4750.000000	101.258	128.6955
4820.000000	100.918	123.7059
4870.000000	100.637	120.4200
4940.000000	100.207	116.3361
5000.000000	99.822	113.3674
5080.000000	99.331	110.3278
5150.000000	98.971	108.4990
5220.000000	98.736	107.2601
5300.000000	98.673	105.9707
5380.000000	98.820	103.9435
5450.000000	99.040	100.9160
5520.000000	99.228	96.5765
5600.000000	99.276	90.4283
5700.000000	98.997	82.3574
5800.000000	98.411	75.3457
5900.000000	97.686	70.0185
6000.000000	96.964	66.2772
6080.000000	96.443	64.1818
6150.000000	96.044	62.8030
6220.000000	95.702	61.7552
6300.000000	95.376	60.8162
6400.000000	95.059	59.9322
6500.000000	94.843	59.1804
6600.000000	94.725	58.4762
6700.000000	94.700	57.7379
6800.000000	94.764	56.9310
6900.000000	94.914	55.9810
7000.000000	95.152	54.8758
7100.000000	95.484	53.5732
7200.000000	95.923	51.9977
7300.000000	96.483	49.9718
7400.000000	97.170	47.2027
7500.000000	97.975	43.3719
7620.000000	99.053	36.8356
7750.000000	100.227	26.5810
7880.000000	101.142	12.7146
8000.000000	101.482	-2.4751
8120.000000	101.206	-17.9951
8250.000000	100.301	-32.9165
8380.000000	99.034	-44.5251
8500.000000	97.787	-52.3088
8620.000000	96.613	-57.8379
8750.000000	95.502	-62.0174
8850.000000	94.774	-64.3830
9000.000000	93.887	-66.9930
9120.000000	93.341	-68.5375
9250.000000	92.922	-69.7419
9380.000000	92.710	-70.8213
9500.000000	92.705	-72.1456
9620.000000	92.857	-74.2351
9750.000000	93.107	-77.8451
9880.000000	93.319	-82.7296
10000.000000	93.426	-87.6869
10150.000000	93.493	-93.8046
10300.000000	93.586	-99.7728
10440.000000	93.741	-105.7000
10600.000000	93.962	-113.5595
10750.000000	94.099	-122.3810
10900.000000	94.003	-132.4486
11060.000000	93.508	-143.1831
11200.000000	92.775	-151.1409
11380.000000	91.681	-158.1116
11500.000000	91.028	-160.8489
11720.000000	90.210	-163.6819
11800.000000	90.041	-164.4313
12060.000000	89.864	-167.0203
12200.000000	89.957	-168.6266
12410.000000	90.313	-171.4073
12500.000000	90.548	-172.7469
12650.000000	91.054	-175.3062
12800.000000	91.712	-178.4727
13150.000000	93.867	170.2969
13200.000000	94.235	168.0157
13400.000000	95.768	156.4409
13600.000000	97.141	140.3755
13800.000000	97.940	120.4016
14000.000000	97.879	99.2479
14300.000000	96.441	72.3405
14500.000000	95.162	59.6700
14750.000000	93.788	48.5167
15000.000000	92.896	40.3167
15250.000000	92.524	33.2026
15500.000000	92.675	25.9684
15750.000000	93.401	17.1742
16000.000000	94.662	4.5715
16250.000000	96.046	-13.7444
16500.000000	96.868	-37.2233
16750.000000	96.683	-62.3408
17000.000000	95.607	-84.7459
17250.000000	94.175	-102.1755
17500.000000	92.924	-115.3497
17750.000000	92.140	-126.4612
18000.000000	91.875	-137.6980
18250.000000	91.987	-151.2183
18500.000000	92.126	-168.1855
18750.000000	91.818	172.0569
19000.000000	90.783	152.4319
19250.000000	89.231	136.4595
19500.000000	87.809	124.5179
19750.000000	86.999	113.4960
20000.000000	86.689	102.7026
