20.000000	102.761	-159.7933
20.299999	102.783	-160.3386
20.600000	102.803	-160.8686
20.900000	102.822	-161.3834
21.200001	102.840	-161.8980
21.400000	102.851	-162.2381
21.799999	102.871	-162.8989
22.000000	102.880	-163.2210
22.400000	102.897	-163.8718
22.700001	102.908	-164.3446
23.000000	102.919	-164.8066
23.299999	102.929	-165.2740
23.600000	102.938	-165.7326
24.000000	102.949	-166.3293
24.299999	102.957	-166.7804
24.700001	102.965	-167.3670
25.000000	102.970	-167.7946
25.400000	102.976	-168.3673
25.799999	102.980	-168.9219
26.200001	102.983	-169.4669
26.500000	102.985	-169.8701
26.900000	102.987	-170.3925
27.200001	102.988	-170.7794
27.600000	102.989	-171.2881
28.000000	102.989	-171.7864
28.500000	102.987	-172.4047
29.000000	102.983	-173.0021
29.500000	102.978	-173.5857
30.000000	102.972	-174.1484
30.400000	102.967	-174.5961
30.700001	102.964	-174.9288
31.100000	102.958	-175.3705
31.500000	102.950	-175.8124
32.000000	102.940	-176.3447
32.500000	102.929	-176.8646
33.000000	102.918	-177.3657
33.500000	102.908	-177.8656
34.000000	102.896	-178.3606
34.500000	102.883	-178.8533
35.000000	102.868	-179.3291
35.500000	102.852	-179.7901
36.000000	102.836	179.7640
36.500000	102.821	179.3229
37.000000	102.804	178.8903
37.500000	102.787	178.4667
38.200001	102.762	177.9026
38.700001	102.746	177.5127
39.500000	102.723	176.8903
40.000000	102.708	176.4994
40.599998	102.691	176.0300
41.200001	102.673	175.5733
41.799999	102.655	175.1206
42.500000	102.633	174.5923
43.099998	102.612	174.1459
43.700001	102.589	173.7035
44.400002	102.560	173.1978
45.000000	102.532	172.7839
45.500000	102.508	172.4523
46.200001	102.476	171.9943
46.799999	102.448	171.5986
47.500000	102.412	171.1543
48.200001	102.380	170.7212
48.700001	102.356	170.3940
49.400002	102.313	169.9351
50.000000	102.267	169.6199
50.799999	102.214	169.3283
51.500000	102.184	169.0642
52.200001	102.156	168.7408
53.000000	102.122	168.3687
53.799999	102.094	167.9679
54.500000	102.066	167.5538
55.200001	102.027	167.1359
56.000000	101.978	166.6938
57.000000	101.915	166.1646
58.000000	101.853	165.6688
59.000000	101.792	165.1598
60.000000	101.724	164.6949
60.799999	101.674	164.3959
61.500000	101.636	164.1328
62.200001	101.597	163.8511
63.000000	101.550	163.5504
64.000000	101.498	163.2311
65.000000	101.455	162.8687
66.000000	101.401	162.4731
67.000000	101.345	162.1457
68.000000	101.299	161.8289
69.000000	101.257	161.4647
70.000000	101.213	161.0973
71.000000	101.169	160.7501
72.000000	101.127	160.4146
73.000000	101.082	160.0815
74.000000	101.035	159.7722
75.000000	100.986	159.4814
76.199997	100.928	159.1355
77.500000	100.864	158.7676
78.800003	100.800	158.4066
80.000000	100.741	158.0866
81.199997	100.681	157.7785
82.500000	100.614	157.4616
83.800003	100.547	157.1635
85.000000	100.485	156.8989
86.199997	100.424	156.6368
87.500000	100.357	156.3648
88.500000	100.305	156.1605
90.000000	100.229	155.8674
91.199997	100.169	155.6447
92.500000	100.103	155.4170
93.800003	100.038	155.2157
95.000000	99.980	155.0441
96.199997	99.925	154.8782
97.500000	99.869	154.6950
98.800003	99.813	154.4957
100.000000	99.760	154.2997
101.500000	99.692	154.0672
103.000000	99.622	153.8414
104.400002	99.556	153.6427
106.000000	99.481	153.4250
107.500000	99.410	153.2271
109.000000	99.340	153.0414
110.599998	99.267	152.8519
112.000000	99.204	152.6981
113.800003	99.122	152.5165
115.000000	99.067	152.4011
117.199997	98.968	152.1894
118.000000	98.931	152.1133
120.599998	98.815	151.8966
122.000000	98.758	151.7925
124.099998	98.676	151.6402
125.000000	98.643	151.5791
126.500000	98.590	151.4799
128.000000	98.539	151.3909
131.500000	98.425	151.2003
132.000000	98.410	151.1765
134.000000	98.347	151.0898
136.000000	98.286	151.0122
138.000000	98.226	150.9416
140.000000	98.168	150.8898
143.000000	98.085	150.8228
145.000000	98.032	150.7765
147.500000	97.967	150.7151
150.000000	97.905	150.6439
152.500000	97.842	150.5693
155.000000	97.779	150.4961
157.500000	97.714	150.4339
160.000000	97.644	150.3875
162.500000	97.568	150.3661
165.000000	97.490	150.3583
167.500000	97.413	150.3624
170.000000	97.340	150.3705
172.500000	97.269	150.3766
175.000000	97.200	150.3796
177.500000	97.131	150.3816
180.000000	97.063	150.3939
182.500000	96.994	150.4033
185.000000	96.928	150.4281
187.500000	96.863	150.4551
190.000000	96.799	150.4846
192.500000	96.737	150.5182
195.000000	96.675	150.5640
197.500000	96.615	150.6138
200.000000	96.558	150.6738
203.000000	96.494	150.7294
206.000000	96.435	150.8011
209.000000	96.380	150.8763
212.000000	96.327	150.9339
214.000000	96.293	150.9578
218.000000	96.222	150.9999
220.000000	96.186	151.0215
224.000000	96.112	151.0793
227.000000	96.056	151.1388
230.000000	96.001	151.2142
233.000000	95.949	151.3073
236.000000	95.900	151.4037
240.000000	95.839	151.5294
243.000000	95.795	151.6124
247.000000	95.738	151.7072
250.000000	95.693	151.7692
254.000000	95.628	151.8416
258.000000	95.560	151.9202
262.000000	95.492	152.0139
265.000000	95.441	152.0917
269.000000	95.375	152.2010
272.000000	95.327	152.2911
276.000000	95.264	152.4138
280.000000	95.204	152.5424
285.000000	95.131	152.7066
290.000000	95.061	152.8755
295.000000	94.994	153.0432
300.000000	94.930	153.2078
304.000000	94.880	153.3381
307.000000	94.844	153.4227
311.000000	94.797	153.5391
315.000000	94.753	153.6522
320.000000	94.705	153.8004
325.000000	94.662	153.9693
330.000000	94.623	154.1348
335.000000	94.588	154.2907
340.000000	94.553	154.4380
345.000000	94.518	154.5758
350.000000	94.482	154.7239
355.000000	94.448	154.8767
360.000000	94.416	155.0299
365.000000	94.387	155.1772
370.000000	94.358	155.3226
375.000000	94.329	155.4580
382.000000	94.289	155.6491
387.000000	94.261	155.7880
395.000000	94.219	156.0135
400.000000	94.193	156.1365
406.000000	94.163	156.3063
412.000000	94.133	156.4715
418.000000	94.104	156.6317
425.000000	94.072	156.8210
431.000000	94.044	156.9793
437.000000	94.018	157.1449
444.000000	93.989	157.3389
450.000000	93.965	157.5074
455.000000	93.945	157.6385
462.000000	93.918	157.8239
468.000000	93.896	157.9854
475.000000	93.872	158.1778
482.000000	93.849	158.3647
487.000000	93.833	158.5022
494.000000	93.812	158.6896
500.000000	93.796	158.8422
508.000000	93.778	159.0681
515.000000	93.764	159.2567
522.000000	93.752	159.4534
530.000000	93.738	159.6735
538.000000	93.725	159.8938
545.000000	93.716	160.0907
552.000000	93.706	160.2865
560.000000	93.697	160.5190
570.000000	93.686	160.8065
580.000000	93.677	161.1016
590.000000	93.671	161.4055
600.000000	93.666	161.7180
608.000000	93.664	161.9689
615.000000	93.664	162.1959
622.000000	93.665	162.4188
630.000000	93.671	162.6897
640.000000	93.686	163.0362
650.000000	93.707	163.3873
660.000000	93.734	163.7531
670.000000	93.764	164.1069
680.000000	93.800	164.4669
690.000000	93.841	164.8142
700.000000	93.887	165.1562
710.000000	93.938	165.4767
720.000000	93.993	165.7681
730.000000	94.051	166.0329
740.000000	94.111	166.2602
750.000000	94.172	166.4546
762.000000	94.245	166.6613
775.000000	94.323	166.8359
788.000000	94.397	166.9961
800.000000	94.459	167.1299
812.000000	94.514	167.2581
825.000000	94.569	167.4068
838.000000	94.624	167.5562
850.000000	94.676	167.6965
862.000000	94.729	167.8430
875.000000	94.790	168.0040
885.000000	94.839	168.1276
900.000000	94.916	168.3125
912.000000	94.981	168.4498
925.000000	95.055	168.5901
938.000000	95.133	168.7313
950.000000	95.209	168.8356
962.000000	95.287	168.9235
975.000000	95.376	169.0035
988.000000	95.464	169.0664
1000.000000	95.539	169.1121
1015.000000	95.619	169.1244
1030.000000	95.692	169.1014
1044.000000	95.761	169.0580
1060.000000	95.845	168.9692
1075.000000	95.931	168.8689
1090.000000	96.023	168.7045
1106.000000	96.128	168.4129
1120.000000	96.215	168.0620
1138.000000	96.316	167.5294
1150.000000	96.379	167.1857
1172.000000	96.490	166.5046
1180.000000	96.530	166.2437
1206.000000	96.658	165.3158
1220.000000	96.724	164.7760
1241.000000	96.822	163.8991
1250.000000	96.866	163.5080
1265.000000	96.943	162.8184
1280.000000	97.020	162.1097
1315.000000	97.171	160.4495
1320.000000	97.189	160.2163
1340.000000	97.253	159.3300
1360.000000	97.309	158.5057
1380.000000	97.363	157.7662
1400.000000	97.417	157.0886
1430.000000	97.508	156.1612
1450.000000	97.575	155.5645
1475.000000	97.665	154.8189
1500.000000	97.762	154.0619
1525.000000	97.862	153.2804
1550.000000	97.965	152.4870
1575.000000	98.070	151.6449
1600.000000	98.179	150.8146
1625.000000	98.292	149.9471
1650.000000	98.407	149.0779
1675.000000	98.525	148.1949
1700.000000	98.645	147.3012
1725.000000	98.770	146.3734
1750.000000	98.895	145.4069
1775.000000	99.019	144.3833
1800.000000	99.139	143.3387
1825.000000	99.257	142.2823
1850.000000	99.373	141.1917
1875.000000	99.487	140.1034
1900.000000	99.601	138.9944
1925.000000	99.713	137.8649
1950.000000	99.825	136.7230
1975.000000	99.935	135.5558
2000.000000	100.045	134.3648
2030.000000	100.177	132.9168
2060.000000	100.307	131.4386
2090.000000	100.435	129.9468
2120.000000	100.559	128.4062
2140.000000	100.641	127.3664
2180.000000	100.799	125.2541
2200.000000	100.876	124.1714
2240.000000	101.023	121.9958
2270.000000	101.129	120.3245
2300.000000	101.231	118.6395
2330.000000	101.327	116.9371
2360.000000	101.419	115.2015
2400.000000	101.532	112.8736
2430.000000	101.611	111.1196
2470.000000	101.708	108.7549
2500.000000	101.773	106.9580
2540.000000	101.852	104.5713
2580.000000	101.919	102.1762
2620.000000	101.976	99.7828
2650.000000	102.012	97.9924
2690.000000	102.050	95.6226
2720.000000	102.071	93.8471
2760.000000	102.092	91.5085
2800.000000	102.101	89.2037
2850.000000	102.099	86.3731
2900.000000	102.081	83.6265
2950.000000	102.049	80.9819
3000.000000	102.004	78.4856
3040.000000	101.963	76.6038
3070.000000	101.932	75.2728
3110.000000	101.893	73.6202
3150.000000	101.866	72.1210
3200.000000	101.870	70.4774
3250.000000	101.940	68.9770
3300.000000	102.080	67.2549
3350.000000	102.248	65.0506
3400.000000	102.391	62.4270
3450.000000	102.485	59.6124
3500.000000	102.538	56.7931
3550.000000	102.563	54.0891
3600.000000	102.572	51.4895
3650.000000	102.574	49.0078
3700.000000	102.575	46.6171
3750.000000	102.577	44.2859
3820.000000	102.586	41.1243
3870.000000	102.598	38.8860
3950.000000	102.621	35.3273
4000.000000	102.629	33.0822
4060.000000	102.620	30.3572
4120.000000	102.593	27.6005
4180.000000	102.550	24.8704
4250.000000	102.483	21.8002
4310.000000	102.420	19.3661
4370.000000	102.372	17.1445
4440.000000	102.358	14.6677
4500.000000	102.386	12.5310
4550.000000	102.429	10.6379
4620.000000	102.508	7.7876
4680.000000	102.580	5.1464
4750.000000	102.659	1.8802
4820.000000	102.726	-1.5596
4870.000000	102.764	-4.1076
4940.000000	102.804	-7.7578
5000.000000	102.825	-10.9767
5080.000000	102.832	-15.3237
5150.000000	102.813	-19.1750
5220.000000	102.768	-23.0068
5300.000000	102.689	-27.3268
5380.000000	102.586	-31.5404
5450.000000	102.477	-35.1482
5520.000000	102.352	-38.6553
5600.000000	102.193	-42.5370
5700.000000	101.974	-47.1432
5800.000000	101.742	-51.4368
5900.000000	101.508	-55.4205
6000.000000	101.284	-59.0837
6080.000000	101.121	-61.7931
6150.000000	100.994	-64.0499
6220.000000	100.882	-66.1961
6300.000000	100.770	-68.5651
6400.000000	100.650	-71.3755
6500.000000	100.564	-74.0901
6600.000000	100.522	-76.7170
6700.000000	100.528	-79.3104
6800.000000	100.588	-81.8940
6900.000000	100.704	-84.5483
7000.000000	100.880	-87.3152
7100.000000	101.122	-90.2642
7200.000000	101.433	-93.4768
7300.000000	101.817	-97.0933
7400.000000	102.273	-101.2994
7500.000000	102.793	-106.2717
7620.000000	103.474	-113.5944
7750.000000	104.196	-123.6883
7880.000000	104.746	-136.2081
8000.000000	104.938	-149.6602
8120.000000	104.690	-163.9503
8250.000000	103.884	-178.7526
8380.000000	102.640	168.6572
8500.000000	101.283	159.5544
8620.000000	99.878	152.8019
8750.000000	98.413	147.7016
8850.000000	97.368	144.9924
9000.000000	95.966	142.4927
9120.000000	94.998	141.4894
9250.000000	94.108	141.1732
9380.000000	93.383	141.4084
9500.000000	92.857	141.9611
9620.000000	92.471	142.7930
9750.000000	92.223	143.8355
9880.000000	92.169	144.7574
10000.000000	92.287	145.2125
10150.000000	92.617	144.7291
10300.000000	93.067	142.8660
10440.000000	93.518	139.8952
10600.000000	93.999	135.3475
10750.000000	94.380	130.3654
10900.000000	94.694	124.9709
11060.000000	94.977	119.1370
11200.000000	95.213	114.0272
11380.000000	95.545	107.4620
11500.000000	95.807	103.0090
11720.000000	96.400	94.1761
11800.000000	96.652	90.6146
12060.000000	97.539	76.9550
12200.000000	97.983	67.9821
12410.000000	98.419	52.2848
12500.000000	98.466	44.9579
12650.000000	98.307	32.4454
12800.000000	97.848	20.1971
13150.000000	95.955	-3.9399
13200.000000	95.635	-6.7421
13400.000000	94.337	-16.3843
13600.000000	93.121	-23.9093
13800.000000	92.055	-29.9793
14000.000000	91.159	-35.0941
14300.000000	90.132	-41.8415
14500.000000	89.656	-46.0342
14750.000000	89.292	-51.4188
15000.000000	89.166	-57.3714
15250.000000	89.256	-64.4149
15500.000000	89.520	-73.1183
15750.000000	89.874	-84.1504
16000.000000	90.187	-97.9034
16250.000000	90.265	-113.9967
16500.000000	89.872	-131.0388
16750.000000	88.960	-147.0781
17000.000000	87.685	-160.7627
17250.000000	86.273	-171.6101
17500.000000	84.909	179.9832
17750.000000	83.694	173.2690
18000.000000	82.667	167.7019
18250.000000	81.829	162.6569
18500.000000	81.166	157.8062
18750.000000	80.659	152.7853
19000.000000	80.275	147.2294
19250.000000	79.969	141.0753
19500.000000	79.689	134.1915
19750.000000	79.409	126.8284
20000.000000	79.214	120.3606
