20.000000	103.006	-174.3132
20.299999	103.005	-174.7600
20.600000	103.003	-175.1986
20.900000	103.000	-175.6300
21.200001	102.996	-176.0662
21.400000	102.991	-176.3539
21.799999	102.981	-176.9040
22.000000	102.976	-177.1669
22.400000	102.965	-177.6947
22.700001	102.957	-178.0771
23.000000	102.949	-178.4543
23.299999	102.941	-178.8432
23.600000	102.932	-179.2268
24.000000	102.918	-179.7218
24.299999	102.906	179.9086
24.700001	102.890	179.4371
25.000000	102.878	179.0971
25.400000	102.863	178.6367
25.799999	102.847	178.1856
26.200001	102.830	177.7375
26.500000	102.816	177.4053
26.900000	102.797	176.9781
27.200001	102.783	176.6636
27.600000	102.764	176.2516
28.000000	102.745	175.8493
28.500000	102.720	175.3502
29.000000	102.693	174.8710
29.500000	102.666	174.4025
30.000000	102.638	173.9507
30.400000	102.617	173.5908
30.700001	102.600	173.3253
31.100000	102.577	172.9764
31.500000	102.554	172.6292
32.000000	102.525	172.2118
32.500000	102.496	171.7968
33.000000	102.468	171.3925
33.500000	102.439	170.9904
34.000000	102.409	170.6010
34.500000	102.379	170.2189
35.000000	102.349	169.8490
35.500000	102.320	169.4833
36.000000	102.292	169.1250
36.500000	102.262	168.7716
37.000000	102.233	168.4285
37.500000	102.205	168.0889
38.200001	102.164	167.6203
38.700001	102.134	167.2883
39.500000	102.084	166.7733
40.000000	102.053	166.4622
40.599998	102.015	166.0889
41.200001	101.977	165.7252
41.799999	101.938	165.3714
42.500000	101.894	164.9657
43.099998	101.855	164.6202
43.700001	101.816	164.2792
44.400002	101.770	163.9026
45.000000	101.732	163.5927
45.500000	101.700	163.3335
46.200001	101.653	162.9793
46.799999	101.610	162.7056
47.500000	101.561	162.4444
48.200001	101.517	162.2357
48.700001	101.490	162.0977
49.400002	101.458	161.8905
50.000000	101.432	161.6835
50.799999	101.394	161.3422
51.500000	101.352	160.9861
52.200001	101.300	160.6219
53.000000	101.233	160.2542
53.799999	101.170	159.9324
54.500000	101.117	159.6541
55.200001	101.063	159.3846
56.000000	101.003	159.1107
57.000000	100.933	158.7786
58.000000	100.858	158.4589
59.000000	100.785	158.2410
60.000000	100.729	157.9863
60.799999	100.679	157.6897
61.500000	100.625	157.4311
62.200001	100.569	157.2099
63.000000	100.510	156.9879
64.000000	100.447	156.7202
65.000000	100.394	156.4300
66.000000	100.338	156.1260
67.000000	100.279	155.8534
68.000000	100.222	155.6214
69.000000	100.167	155.4051
70.000000	100.112	155.1941
71.000000	100.058	154.9766
72.000000	100.003	154.7595
73.000000	99.949	154.5407
74.000000	99.894	154.3269
75.000000	99.839	154.1256
76.199997	99.775	153.8967
77.500000	99.707	153.6714
78.800003	99.639	153.4559
80.000000	99.574	153.2647
81.199997	99.507	153.0847
82.500000	99.435	152.8966
83.800003	99.364	152.7123
85.000000	99.300	152.5491
86.199997	99.235	152.3934
87.500000	99.167	152.2423
88.500000	99.114	152.1278
90.000000	99.036	151.9642
91.199997	98.974	151.8377
92.500000	98.907	151.7014
93.800003	98.841	151.5759
95.000000	98.781	151.4656
96.199997	98.722	151.3619
97.500000	98.658	151.2620
98.800003	98.594	151.1686
100.000000	98.536	151.0858
101.500000	98.462	150.9993
103.000000	98.388	150.9174
104.400002	98.321	150.8507
106.000000	98.246	150.7875
107.500000	98.177	150.7342
109.000000	98.111	150.6927
110.599998	98.042	150.6485
112.000000	97.984	150.6066
113.800003	97.911	150.5473
115.000000	97.863	150.5020
117.199997	97.779	150.4224
118.000000	97.749	150.4018
120.599998	97.648	150.2976
122.000000	97.589	150.2670
124.099998	97.506	150.2392
125.000000	97.474	150.2222
126.500000	97.424	150.1913
128.000000	97.378	150.1646
131.500000	97.275	150.1344
132.000000	97.260	150.1352
134.000000	97.204	150.1427
136.000000	97.150	150.1538
138.000000	97.097	150.1663
140.000000	97.046	150.1847
143.000000	96.971	150.1962
145.000000	96.921	150.2080
147.500000	96.858	150.2307
150.000000	96.794	150.2692
152.500000	96.730	150.3370
155.000000	96.666	150.4361
157.500000	96.605	150.5824
160.000000	96.547	150.7599
162.500000	96.489	150.9613
165.000000	96.438	151.1623
167.500000	96.397	151.3394
170.000000	96.365	151.4629
172.500000	96.335	151.5079
175.000000	96.302	151.4867
177.500000	96.263	151.4288
180.000000	96.220	151.3693
182.500000	96.172	151.3044
185.000000	96.122	151.2495
187.500000	96.070	151.2017
190.000000	96.015	151.1671
192.500000	95.960	151.1487
195.000000	95.904	151.1486
197.500000	95.850	151.1574
200.000000	95.798	151.1861
203.000000	95.740	151.2132
206.000000	95.686	151.2601
209.000000	95.634	151.3178
212.000000	95.584	151.3772
214.000000	95.551	151.4170
218.000000	95.488	151.5072
220.000000	95.457	151.5525
224.000000	95.395	151.6414
227.000000	95.351	151.7061
230.000000	95.307	151.7765
233.000000	95.264	151.8538
236.000000	95.222	151.9289
240.000000	95.166	152.0364
243.000000	95.125	152.1168
247.000000	95.071	152.2336
250.000000	95.028	152.3344
254.000000	94.968	152.4726
258.000000	94.907	152.6253
262.000000	94.847	152.8137
265.000000	94.805	152.9840
269.000000	94.757	153.2419
272.000000	94.728	153.4464
276.000000	94.702	153.6957
280.000000	94.685	153.8796
285.000000	94.669	153.9908
290.000000	94.647	153.9930
295.000000	94.615	153.9418
300.000000	94.572	153.9000
304.000000	94.534	153.8983
307.000000	94.506	153.8989
311.000000	94.469	153.9117
315.000000	94.435	153.9286
320.000000	94.399	153.9639
325.000000	94.368	154.0222
330.000000	94.338	154.0811
335.000000	94.310	154.1495
340.000000	94.284	154.2270
345.000000	94.260	154.3018
350.000000	94.238	154.3798
355.000000	94.217	154.4480
360.000000	94.197	154.5101
365.000000	94.178	154.5663
370.000000	94.159	154.6246
375.000000	94.141	154.6779
382.000000	94.115	154.7616
387.000000	94.098	154.8239
395.000000	94.071	154.9216
400.000000	94.056	154.9646
406.000000	94.039	155.0431
412.000000	94.022	155.1142
418.000000	94.005	155.1751
425.000000	93.988	155.2489
431.000000	93.974	155.3023
437.000000	93.961	155.3622
444.000000	93.947	155.4313
450.000000	93.935	155.4902
455.000000	93.926	155.5290
462.000000	93.914	155.5812
468.000000	93.904	155.6273
475.000000	93.894	155.6861
482.000000	93.885	155.7366
487.000000	93.878	155.7755
494.000000	93.871	155.8211
500.000000	93.866	155.8518
508.000000	93.863	155.9095
515.000000	93.862	155.9465
522.000000	93.862	155.9934
530.000000	93.863	156.0391
538.000000	93.865	156.0802
545.000000	93.868	156.1170
552.000000	93.871	156.1508
560.000000	93.875	156.1921
570.000000	93.881	156.2330
580.000000	93.889	156.2751
590.000000	93.898	156.3194
600.000000	93.908	156.3586
608.000000	93.917	156.3855
615.000000	93.926	156.4112
622.000000	93.936	156.4294
630.000000	93.950	156.4606
640.000000	93.975	156.4948
650.000000	94.003	156.5267
660.000000	94.033	156.5674
670.000000	94.064	156.5945
680.000000	94.097	156.6293
690.000000	94.131	156.6617
700.000000	94.166	156.6966
710.000000	94.204	156.7305
720.000000	94.243	156.7619
730.000000	94.285	156.7973
740.000000	94.328	156.8277
750.000000	94.374	156.8558
762.000000	94.433	156.8942
775.000000	94.501	156.9220
788.000000	94.572	156.9523
800.000000	94.639	156.9653
812.000000	94.705	156.9641
825.000000	94.780	156.9462
838.000000	94.859	156.8995
850.000000	94.939	156.8189
862.000000	95.024	156.7015
875.000000	95.120	156.5212
885.000000	95.197	156.3397
900.000000	95.315	155.9986
912.000000	95.409	155.6547
925.000000	95.510	155.2184
938.000000	95.607	154.7350
950.000000	95.693	154.2275
962.000000	95.773	153.6823
975.000000	95.853	153.0685
988.000000	95.924	152.4414
1000.000000	95.974	151.8678
1015.000000	96.015	151.1557
1030.000000	96.047	150.4773
1044.000000	96.084	149.8676
1060.000000	96.143	149.0707
1075.000000	96.198	148.1538
1090.000000	96.235	147.0991
1106.000000	96.253	145.9431
1120.000000	96.256	144.9585
1138.000000	96.250	143.7072
1150.000000	96.242	142.9040
1172.000000	96.220	141.4051
1180.000000	96.209	140.8602
1206.000000	96.162	139.0759
1220.000000	96.130	138.1244
1241.000000	96.075	136.7021
1250.000000	96.052	136.1043
1265.000000	96.018	135.1095
1280.000000	95.984	134.1436
1315.000000	95.886	132.0235
1320.000000	95.869	131.7364
1340.000000	95.799	130.6547
1360.000000	95.724	129.6548
1380.000000	95.647	128.7517
1400.000000	95.572	127.9269
1430.000000	95.466	126.8165
1450.000000	95.401	126.1295
1475.000000	95.323	125.3106
1500.000000	95.248	124.5294
1525.000000	95.174	123.7847
1550.000000	95.101	123.1050
1575.000000	95.030	122.4631
1600.000000	94.963	121.9182
1625.000000	94.905	121.4184
1650.000000	94.855	120.9928
1675.000000	94.814	120.6204
1700.000000	94.781	120.3050
1725.000000	94.758	120.0301
1750.000000	94.745	119.7961
1775.000000	94.743	119.5745
1800.000000	94.752	119.3769
1825.000000	94.773	119.1878
1850.000000	94.805	118.9694
1875.000000	94.846	118.7520
1900.000000	94.896	118.5115
1925.000000	94.953	118.2486
1950.000000	95.018	117.9704
1975.000000	95.091	117.6614
2000.000000	95.170	117.3211
2030.000000	95.276	116.8814
2060.000000	95.391	116.3938
2090.000000	95.513	115.8708
2120.000000	95.643	115.2752
2140.000000	95.733	114.8503
2180.000000	95.920	113.9311
2200.000000	96.017	113.4250
2240.000000	96.216	112.3554
2270.000000	96.369	111.4712
2300.000000	96.525	110.5342
2330.000000	96.683	109.5410
2360.000000	96.843	108.4730
2400.000000	97.056	106.9649
2430.000000	97.217	105.7721
2470.000000	97.430	104.0809
2500.000000	97.588	102.7283
2540.000000	97.797	100.8499
2580.000000	98.000	98.8632
2620.000000	98.198	96.7742
2650.000000	98.342	95.1412
2690.000000	98.525	92.8868
2720.000000	98.657	91.1270
2760.000000	98.822	88.7134
2800.000000	98.975	86.2244
2850.000000	99.147	83.0090
2900.000000	99.296	79.7069
2950.000000	99.418	76.3366
3000.000000	99.514	72.9458
3040.000000	99.570	70.2294
3070.000000	99.600	68.2074
3110.000000	99.628	65.5562
3150.000000	99.647	62.9764
3200.000000	99.672	59.8870
3250.000000	99.708	56.9338
3300.000000	99.765	53.9482
3350.000000	99.829	50.7639
3400.000000	99.868	47.3491
3450.000000	99.857	43.8356
3500.000000	99.793	40.4112
3550.000000	99.692	37.2367
3600.000000	99.571	34.3337
3650.000000	99.444	31.7264
3700.000000	99.325	29.3790
3750.000000	99.225	27.2408
3820.000000	99.130	24.5442
3870.000000	99.101	22.7218
3950.000000	99.130	19.8151
4000.000000	99.186	17.8453
4060.000000	99.272	15.1661
4120.000000	99.359	12.0298
4180.000000	99.422	8.4462
4250.000000	99.428	3.8379
4310.000000	99.355	-0.2397
4370.000000	99.215	-4.2059
4440.000000	98.992	-8.5581
4500.000000	98.771	-11.9746
4550.000000	98.575	-14.6382
4620.000000	98.289	-18.0771
4680.000000	98.042	-20.7676
4750.000000	97.763	-23.5994
4820.000000	97.506	-26.1922
4870.000000	97.337	-27.9679
4940.000000	97.110	-30.3419
5000.000000	96.925	-32.2643
5080.000000	96.700	-34.5858
5150.000000	96.531	-36.4388
5220.000000	96.389	-38.1395
5300.000000	96.266	-39.9387
5380.000000	96.188	-41.5999
5450.000000	96.162	-42.9987
5520.000000	96.177	-44.3765
5600.000000	96.250	-46.0047
5700.000000	96.426	-48.2276
5800.000000	96.689	-50.8456
5900.000000	97.024	-54.1027
6000.000000	97.397	-58.1840
6080.000000	97.688	-62.0956
6150.000000	97.913	-65.9922
6220.000000	98.089	-70.2338
6300.000000	98.209	-75.3855
6400.000000	98.222	-81.9074
6500.000000	98.103	-88.1785
6600.000000	97.898	-93.8680
6700.000000	97.658	-98.8429
6800.000000	97.433	-103.0924
6900.000000	97.265	-106.7618
7000.000000	97.183	-110.0100
7100.000000	97.208	-113.0340
7200.000000	97.353	-116.0354
7300.000000	97.628	-119.2581
7400.000000	98.040	-122.9864
7500.000000	98.588	-127.5166
7620.000000	99.405	-134.6007
7750.000000	100.400	-145.2925
7880.000000	101.256	-160.0883
8000.000000	101.517	-177.0985
8120.000000	101.057	165.3414
8250.000000	99.895	147.9378
8380.000000	98.245	133.6816
8500.000000	96.523	123.6080
8620.000000	94.748	116.3668
8750.000000	92.933	111.3527
8850.000000	91.666	108.7318
9000.000000	89.949	106.5180
9120.000000	88.756	106.1458
9250.000000	87.713	106.8834
9380.000000	86.975	107.9689
9500.000000	86.525	108.4941
9620.000000	86.214	108.3467
9750.000000	85.960	107.4920
9880.000000	85.753	106.1099
10000.000000	85.590	104.5696
10150.000000	85.424	102.3679
10300.000000	85.305	100.0014
10440.000000	85.242	97.6405
10600.000000	85.233	94.7003
10750.000000	85.277	91.6137
10900.000000	85.345	88.0657
11060.000000	85.399	84.0342
11200.000000	85.445	80.7820
11380.000000	85.659	76.9937
11500.000000	85.910	74.0000
11720.000000	86.429	67.0266
11800.000000	86.614	64.1625
12060.000000	87.197	53.9685
12200.000000	87.498	47.9982
12410.000000	87.917	38.3864
12500.000000	88.079	34.0641
12650.000000	88.311	26.6113
12800.000000	88.488	18.9110
13150.000000	88.690	1.0552
13200.000000	88.699	-1.3892
13400.000000	88.726	-10.6681
13600.000000	88.842	-19.0161
13800.000000	89.168	-27.1436
14000.000000	89.674	-35.9755
14300.000000	90.608	-50.9419
14500.000000	91.360	-61.6457
14750.000000	92.923	-75.6443
15000.000000	95.220	-97.9724
15250.000000	95.874	-131.2056
15500.000000	94.559	-162.5294
15750.000000	92.398	172.9579
16000.000000	90.174	154.0688
16250.000000	88.158	138.5267
16500.000000	86.205	125.5167
16750.000000	84.249	116.3637
17000.000000	82.621	110.3891
17250.000000	81.265	105.8659
17500.000000	80.174	104.2492
17750.000000	79.639	104.3577
18000.000000	79.647	104.2656
18250.000000	80.115	103.5158
18500.000000	81.081	101.3470
18750.000000	82.319	95.7906
19000.000000	83.522	87.4662
19250.000000	84.741	77.8444
19500.000000	86.018	66.5060
19750.000000	87.150	53.2537
20000.000000	87.775	41.1740
